0 0.96640625 0.225 0.0328125 0.04583333333333333
0 0.7906960227272727 0.6963068181818183 0.04062499999999991 0.04375
0 0.7828125 0.5694835680751174 0.034375 0.034800469483568124
0 0.1736274171270718 0.727503453038674 0.04375 0.03958333333333333
0 0.6342627762430939 0.6100310773480663 0.034375 0.03914594843462247
0 0.8307291666666667 0.8989583333333333 0.030729166666666606 0.047222222222222145
0 0.8252693965517242 0.6650143678160919 0.040625 0.041666666666666664
0 0.3268973214285714 0.9269345238095238 0.0328125 0.03958333333333333
0 0.837732977137177 0.8706904406891982 0.029019632206759384 0.03660950960901263
0 0.04935661764705882 0.041850490196078435 0.03749999999999999 0.03566176470588235
0 0.19928125 0.06350000000000001 0.03556249999999998 0.05016666666666667
0 0.9856770833333333 0.08249007936507936 0.027455357142857118 0.04791666666666667
