0 0.7828125 0.5708333333333333 0.034375 0.0375
0 0.2555871212121212 0.7479482323232323 0.04375 0.03958333333333333
0 0.7562118902439025 0.5201219512195122 0.034375 0.05000000000000006
0 0.9061848958333334 0.8483506944444444 0.034375 0.041666666666666664
0 0.9945121951219512 0.6645579268292683 0.010975609756097526 0.037550813008130034
0 0.84140625 0.8873611111111112 0.0359375 0.03333333333333333
0 0.091015625 0.8638888888888888 0.03619791666666666 0.03888888888888893
0 0.87001953125 0.21608072916666668 0.0326171875 0.04049479166666667
0 0.2875520833333333 0.11805555555555557 0.0359375 0.05208333333333335
0 0.38203125 0.915625 0.0296875 0.04375
