0 0.01109375 0.15416666666666667 0.0221875 0.058333333333333334
0 0.21781250000000002 0.03791666666666667 0.028125 0.04583333333333333
0 0.9363671875000001 0.062031249999999996 0.032578125000000034 0.041770833333333326
0 0.9372622282608696 0.2232789855072464 0.0328125 0.04583333333333333
0 0.9240625 0.5141666666666667 0.0375 0.04583333333333333
0 0.7828125 0.5672143974960877 0.034375 0.03026212832550866
0 0.1455753504672897 0.7158197040498442 0.04375 0.03958333333333333
0 0.6179036458333333 0.6181423611111111 0.034375 0.04791666666666667
0 0.59921875 0.7375 0.025 0.04583333333333333
0 0.7943274456521738 0.6519927536231884 0.03906249999999991 0.03333333333333333
0 0.23953125000000003 0.9254166666666667 0.0328125 0.041666666666666664
0 0.8337692594433399 0.8682881875414182 0.028298956262425356 0.03564860834990059
