0 0.7828125 0.5708333333333333 0.034375 0.0375
0 0.2661256067961165 0.7519586030204962 0.04375 0.03958333333333333
0 0.7580236486486487 0.5019707207207207 0.034375 0.05
0 0.8924479166666668 0.7870659722222222 0.03411458333333339 0.04184027777777774
0 0.84140625 0.8895833333333333 0.0359375 0.03333333333333333
0 0.08828125 0.7846354166666667 0.03203125 0.05364583333333333
0 0.15140625000000002 0.17875 0.04427083333333333 0.04694444444444444
0 0.026171875 0.13072916666666667 0.0265625 0.04791666666666667
0 0.24609375 0.94375 0.0328125 0.0375
0 0.0578125 0.9708333333333333 0.03125 0.0375
