0 0.7828125 0.5708333333333333 0.034375 0.0375
0 0.25037828947368423 0.746546052631579 0.04375 0.03958333333333333
0 0.7483377659574468 0.5171542553191489 0.034375 0.05
0 0.8159375000000001 0.843125 0.03375000000000004 0.03875000000000005
0 0.9875831117021278 0.6617021276595746 0.024833776595744615 0.04326241134751771
0 0.8429863061797753 0.8893258426966292 0.03590238764044944 0.03366104868913856
0 0.06328125 0.01875 0.0296875 0.0375
0 0.05810032894736842 0.7589912280701754 0.03774671052631579 0.04605263157894737
0 0.9828125 0.215625 0.03125 0.03125
0 0.24375 0.0171875 0.05 0.034375
0 0.009895833333333333 0.9722222222222222 0.019791666666666666 0.041666666666666664
