0 0.9536402925531915 0.2249113475177305 0.0328125 0.04583333333333333
0 0.87015625 0.7022916666666668 0.03093749999999993 0.0570833333333334
0 0.7828125 0.5686717527386541 0.034375 0.0331768388106416
0 0.16431284530386742 0.7265481123388582 0.04375 0.03958333333333333
0 0.622082182320442 0.6014330110497237 0.034375 0.044877992633517515
0 0.7252604166666666 0.9756944444444444 0.036979166666666695 0.0375
0 0.8133705357142859 0.6650595238095237 0.03924107142857149 0.03428571428571428
0 0.18125 0.9864583333333333 0.034375 0.027083333333333334
0 0.8363149229622266 0.869831013916501 0.028761804174950355 0.03626573889993369
0 0.0640625 0.06875 0.0375 0.0375
0 0.008948863636363635 0.7911931818181818 0.01619318181818182 0.049431818181818105
