0 0.7828125 0.5708333333333333 0.034375 0.0375
0 0.2520359848484849 0.7470012626262627 0.04375 0.03958333333333333
0 0.7507313829787234 0.5179521276595744 0.034375 0.04999999999999994
0 0.8421875 0.8604166666666667 0.029166666666666785 0.041666666666666664
0 0.9902759308510639 0.6621010638297873 0.019448138297872397 0.042464539007092246
0 0.8426432291666666 0.8887152777777777 0.0359375 0.03333333333333333
0 0.059375 0.011458333333333333 0.03125 0.022916666666666665
0 0.05625 0.796875 0.0328125 0.05
0 0.992578125 0.2604166666666667 0.01328125 0.05
0 0.261767578125 0.04010416666666667 0.03837890625 0.04583333333333333
0 0.05546875 0.9822916666666667 0.03125 0.035416666666666666
