0 0.7828125 0.5708333333333333 0.034375 0.0375
0 0.26453276699029127 0.7512506742179073 0.04375 0.03958333333333333
0 0.758910472972973 0.5102477477477477 0.034375 0.05
0 0.9011067708333333 0.759375 0.0359375 0.041666666666666664
0 0.84140625 0.8895833333333333 0.0359375 0.03333333333333333
0 0.10105846774193547 0.764516129032258 0.034375 0.04583333333333333
0 0.17393465909090908 0.20104166666666667 0.0453125 0.04583333333333333
0 0.00703125 0.17083333333333334 0.0140625 0.05
0 0.24140625 0.8877604166666667 0.0328125 0.0375
0 0.0125 0.9520833333333333 0.025 0.058333333333333334
