0 0.9598902925531915 0.225 0.0328125 0.04583333333333333
0 0.82578125 0.7083333333333334 0.041294642857142703 0.05
0 0.7828125 0.5691314553990611 0.034375 0.03409624413145534
0 0.16958736187845305 0.7270890883977901 0.04375 0.03958333333333333
0 0.6289796270718232 0.6063017955801105 0.034375 0.041632136279926256
0 0.7923519736842104 0.9446271929824561 0.03749999999999991 0.0375
0 0.817510775862069 0.6676005747126437 0.04062500000000009 0.041666666666666664
0 0.27265625 0.9833333333333333 0.0390625 0.03333333333333333
0 0.83711791749503 0.8703176772697151 0.02890780318091455 0.0364604042412194
0 0.0515625 0.05703125 0.0375 0.0375
0 0.17092013888888888 0.014004629629629627 0.04010416666666668 0.027083333333333334
0 0.00546875 0.7302083333333333 0.0109375 0.04375
0 0.9880208333333332 0.12083333333333333 0.023958333333333394 0.04583333333333333
