0 0.9946354166666665 0.221875 0.010729166666666679 0.04791666666666667
0 0.98232421875 0.4578125 0.0341796875 0.04791666666666667
0 0.7828125 0.5708333333333333 0.034375 0.0375
0 0.21348684210526314 0.7363486842105263 0.043749999999999976 0.03958333333333333
0 0.6943426724137931 0.55 0.034375 0.05
0 0.91328125 0.851388888888889 0.03125 0.04583333333333333
0 0.9172214673913043 0.65 0.0484375 0.041666666666666664
0 0.8433620689655171 0.8772629310344828 0.03359913793103449 0.04619252873563215
0 0.053166118421052636 0.12028508771929826 0.0296875 0.04583333333333335
0 0.2197265625 0.013020833333333334 0.0390625 0.026041666666666668
0 0.01899671052631579 0.7890350877192983 0.03125 0.05
0 0.36760817307692306 0.9416666666666667 0.0328125 0.041666666666666664
