0 0.9831364329268293 0.22291666666666668 0.0328125 0.04878048780487803
0 0.7677389705882354 0.5034926470588236 0.034558823529411774 0.05625
0 0.7828125 0.5708333333333333 0.034375 0.0375
0 0.19209421641791047 0.7322605721393035 0.043750000000000025 0.03958333333333333
0 0.6782169117647059 0.5789215686274509 0.034375 0.05
0 0.7390625 0.8802083333333334 0.03125 0.04791666666666667
0 0.8895833333333334 0.6479166666666667 0.0484375 0.041666666666666664
0 0.17265625 0.9916666666666667 0.0296875 0.016666666666666666
0 0.84092787027833 0.8726267395626243 0.029600521868787234 0.03738402915838298
0 0.05546875 0.11041666666666666 0.0328125 0.05416666666666667
