0 0.9531083776595745 0.2247340425531915 0.0328125 0.04583333333333333
0 0.8734375 0.7 0.03125 0.058333333333333334
0 0.7828125 0.5686326291079812 0.034375 0.03309859154929574
0 0.1638639502762431 0.7265020718232045 0.04375 0.03958333333333333
0 0.6214951657458563 0.6010186464088397 0.034375 0.045154235727440074
0 0.7203125 0.9745833333333334 0.03562499999999993 0.0375
0 0.81328125 0.6645833333333333 0.0390625 0.03333333333333333
0 0.178125 0.9864583333333333 0.034375 0.027083333333333334
0 0.8362465830019881 0.8697895957587806 0.028749378727634323 0.03624917163684564
0 0.06502403846153845 0.06875 0.03749999999999999 0.0375
