0 0.7828125 0.5708333333333333 0.034375 0.0375
0 0.23942434210526314 0.7435032894736843 0.04375 0.03958333333333333
0 0.725 0.5145833333333333 0.034375 0.05
0 0.8461348684210526 0.728234649122807 0.0375 0.04375
0 0.9605418019480518 0.6594967532467533 0.0484375 0.041666666666666664
0 0.8432298981741573 0.8857531601123596 0.03541520365168545 0.038208099250936316
0 0.06306818181818181 0.01875 0.023863636363636365 0.0375
0 0.08221153846153846 0.01955128205128205 0.03076923076923077 0.0391025641025641
0 0.10827205882352942 0.8256740196078431 0.03125 0.04791666666666667
0 0.8265625 0.3541666666666667 0.03125 0.041666666666666664
0 0.33125 0.9197916666666667 0.036160714285714324 0.05089285714285718
0 0.949609375 0.22447916666666667 0.0390625 0.03958333333333333
