0 0.7828125 0.5708333333333333 0.034375 0.0375
0 0.2728003640776699 0.7549251618122977 0.04375 0.03958333333333333
0 0.769921875 0.5019791666666666 0.034375 0.05
0 0.9448660714285715 0.9116071428571428 0.03392857142857135 0.039285714285714236
0 0.84140625 0.8895833333333333 0.0359375 0.03333333333333333
0 0.16484375 0.81296875 0.032343749999999984 0.043229166666666666
0 0.17243303571428573 0.03184523809523809 0.0453125 0.05
0 0.11901041666666667 0.01875 0.039062500000000014 0.0375
0 0.065625 0.9473958333333333 0.0328125 0.03854166666666667
0 0.36796875 0.9833333333333333 0.0328125 0.03333333333333333
0 0.9515625 0.24791666666666667 0.025 0.0375
