0 0.7828125 0.5708333333333333 0.034375 0.0375
0 0.2536142676767677 0.7474221380471381 0.04375 0.03958333333333333
0 0.7533536585365853 0.5188516260162602 0.034375 0.05
0 0.8692307692307691 0.85625 0.034375 0.041666666666666664
0 0.9930830792682925 0.6626524390243902 0.013833841463414664 0.04136178861788622
0 0.8419921875 0.8869791666666667 0.0359375 0.03333333333333333
0 0.069921875 0.8255208333333334 0.03359375 0.04791666666666667
0 0.9544270833333334 0.25590277777777776 0.0328125 0.03263888888888887
0 0.28072916666666664 0.07526041666666666 0.0359375 0.0484375
0 0.35708705357142856 0.9764880952380952 0.03404017857142856 0.03630952380952384
