0 0.9919921875 0.22395833333333334 0.016015625 0.052083333333333336
0 0.9055634469696969 0.44854797979797983 0.04067234848484862 0.04898989898989902
0 0.7828125 0.5708333333333333 0.034375 0.0375
0 0.205859375 0.7348958333333333 0.04375 0.03958333333333333
0 0.6914870689655173 0.55 0.034375 0.05
0 0.86953125 0.919921875 0.0421875 0.041666666666666664
0 0.906640625 0.6484375 0.0484375 0.041666666666666664
0 0.8425053879310344 0.8753591954022989 0.031885775862068935 0.04238505747126441
0 0.038671875 0.09470486111111111 0.027864583333333325 0.04809027777777778
0 0.04739583333333333 0.7375 0.035416666666666666 0.041666666666666664
0 0.01484375 0.9614583333333333 0.0296875 0.04375
