0 0.7828125 0.5708333333333333 0.034375 0.0375
0 0.2585858585858586 0.7487478956228956 0.04375 0.03958333333333333
0 0.7633452868852459 0.5208333333333334 0.034375 0.05
0 0.94375 0.796875 0.0328125 0.04791666666666667
0 0.84140625 0.8895833333333333 0.0359375 0.03333333333333333
0 0.1338778409090909 0.8327651515151515 0.03508522727272727 0.04659090909090911
0 0.767578125 0.08645833333333333 0.03125 0.041666666666666664
0 0.26810461956521736 0.18029891304347825 0.0359375 0.052083333333333336
0 0.353125 0.85 0.0296875 0.04375
0 0.0310546875 0.9588541666666667 0.030078125 0.035416666666666666
