0 0.7828125 0.5708333333333333 0.034375 0.0375
0 0.2420888157894737 0.7442434210526316 0.04375 0.03958333333333333
0 0.7274816176470588 0.5145833333333333 0.034375 0.05
0 0.815625 0.7177083333333333 0.0375 0.03958333333333333
0 0.9651988636363636 0.6602272727272728 0.0484375 0.041666666666666664
0 0.8431706460674157 0.886622191011236 0.035533707865168476 0.037102059925093536
0 0.06458333333333334 0.023611111111111107 0.028125 0.0375
0 0.11832386363636364 0.7862689393939395 0.03125 0.04791666666666667
0 0.8703125 0.284375 0.03125 0.035416666666666666
0 0.30062500000000003 0.8760416666666667 0.040625 0.04791666666666667
0 0.02109375 0.9395833333333333 0.0296875 0.05
0 0.89296875 0.12395833333333334 0.0390625 0.03958333333333333
