0 0.9884712837837839 0.22376126126126125 0.023057432432432457 0.05168918918918918
0 0.84296875 0.45416666666666666 0.0359375 0.05416666666666667
0 0.7828125 0.5708333333333333 0.034375 0.0375
0 0.200390625 0.7338541666666667 0.04375 0.03958333333333333
0 0.6856350806451613 0.5551747311827957 0.034375 0.05
0 0.8142269736842106 0.9322368421052631 0.03996710526315796 0.041666666666666664
0 0.8999674479166666 0.6479166666666667 0.0484375 0.041666666666666664
0 0.8418911637931036 0.8739942528735632 0.03065732758620694 0.03965517241379312
0 0.07828125 0.015625 0.0421875 0.03125
0 0.02109375 0.08958333333333333 0.025 0.05
0 0.062109375 0.7890625 0.034375 0.04583333333333333
0 0.88515625 0.028541666666666667 0.027812499999999928 0.035416666666666666
