0 0.01234375 0.16041666666666668 0.0246875 0.058333333333333334
0 0.2165625 0.04125 0.028125 0.04583333333333333
0 0.9349095394736843 0.06677631578947368 0.0328125 0.041666666666666664
0 0.9369904891304348 0.22309782608695652 0.0328125 0.04583333333333333
0 0.920625 0.5091666666666667 0.0375 0.04583333333333333
0 0.7828125 0.5671752738654147 0.034375 0.030183881064162796
0 0.14502314814814815 0.7154706790123456 0.04375 0.03958333333333333
0 0.617990451388889 0.6189525462962963 0.034375 0.04791666666666667
0 0.59984375 0.7283333333333334 0.025 0.04750000000000002
0 0.7937839673913043 0.6517512077294686 0.03906249999999991 0.03333333333333333
0 0.2369419642857143 0.9339285714285714 0.0328125 0.04047619047619051
0 0.8337009194831015 0.8682467693836978 0.028286530815109324 0.035632041086812546
