0 0.7828125 0.5708333333333333 0.034375 0.0375
0 0.22037828947368424 0.7382127192982456 0.043750000000000025 0.03958333333333333
0 0.6990582191780822 0.5542808219178083 0.03758561643835616 0.05
0 0.8677951388888889 0.778858024691358 0.040451388888888926 0.041666666666666664
0 0.931497713414634 0.6525406504065041 0.0484375 0.041666666666666664
0 0.8436534410112358 0.8795411985018726 0.034568117977528165 0.04611423220973781
0 0.06770833333333334 0.10694444444444445 0.034375 0.03958333333333333
0 0.23197737068965515 0.11637931034482758 0.03658405172413794 0.05114942528735633
0 0.06970486111111111 0.8122685185185186 0.0359375 0.0449074074074075
0 0.2669034090909091 0.8581439393939394 0.0375 0.041666666666666664
0 0.95078125 0.090625 0.0359375 0.04375
0 0.95234375 0.165625 0.0296875 0.03958333333333333
