0 0.7828125 0.5708333333333333 0.034375 0.0375
0 0.2890625 0.7614583333333333 0.04375 0.03958333333333333
0 0.7734375 0.47708333333333336 0.03125 0.04583333333333333
0 0.84140625 0.8895833333333333 0.0359375 0.03333333333333333
0 0.17933593750000001 0.8748958333333334 0.033203125 0.04125000000000002
0 0.13234375 0.014166666666666666 0.03531249999999999 0.028333333333333332
0 0.35171874999999997 0.17083333333333334 0.0390625 0.05416666666666667
0 0.3420641447368421 0.9845394736842105 0.032648026315789516 0.030482456140350913
0 0.65703125 0.8135416666666667 0.0296875 0.03958333333333333
0 0.97578125 0.8163194444444444 0.0296875 0.0375
0 0.06796875 0.9557291666666666 0.0328125 0.03854166666666667
0 0.9859375 0.08020833333333334 0.028125 0.04375
