0 0.7828125 0.5708333333333333 0.034375 0.0375
0 0.28866356382978725 0.761325354609929 0.04375 0.03958333333333333
0 0.7735991379310345 0.4781609195402299 0.03125 0.04583333333333333
0 0.84140625 0.8895833333333333 0.0359375 0.03333333333333333
0 0.1748046875 0.8744791666666667 0.034765625 0.03958333333333333
0 0.13046875 0.016666666666666666 0.0390625 0.03333333333333333
0 0.35546875 0.1625 0.0390625 0.05416666666666667
0 0.33400493421052635 0.9827850877192982 0.03231907894736841 0.03311403508771929
0 0.6611979166666667 0.821875 0.0296875 0.03958333333333333
0 0.98125 0.8114583333333333 0.0296875 0.0375
0 0.059375 0.9625 0.0375 0.04583333333333333
0 0.99140625 0.06510416666666667 0.0171875 0.040625
