0 0.7828125 0.5708333333333333 0.034375 0.0375
0 0.27454490291262135 0.7557005124056094 0.04375 0.03958333333333333
0 0.7731250000000001 0.5008333333333334 0.03499999999999996 0.04750000000000002
0 0.9781960227272727 0.9184659090909091 0.034375 0.0375
0 0.84140625 0.8895833333333333 0.0359375 0.03333333333333333
0 0.1706845238095238 0.7862599206349207 0.02901785714285714 0.047718253968253896
0 0.19734375 0.011666666666666665 0.051562500000000025 0.022500000000000003
0 0.12390625 0.013958333333333333 0.03531249999999999 0.027916666666666666
0 0.39609375 0.9478260869565217 0.0328125 0.041666666666666664
0 0.8901041666666666 0.31875 0.028125 0.0375
