0 0.01328125 0.16510416666666666 0.0265625 0.058333333333333334
0 0.215625 0.04375 0.028125 0.04583333333333333
0 0.9346628289473685 0.07105263157894738 0.0328125 0.04166666666666667
0 0.9367866847826087 0.22296195652173914 0.0328125 0.04583333333333333
0 0.9180468749999999 0.5054166666666666 0.0375 0.04583333333333333
0 0.7828125 0.56714593114241 0.034375 0.030125195618153338
0 0.14458912037037036 0.7152391975308643 0.04375 0.03958333333333333
0 0.6180555555555556 0.6195601851851852 0.034375 0.04791666666666667
0 0.60078125 0.7230902777777778 0.025 0.046875
0 0.7933763586956522 0.6515700483091788 0.0390625 0.03333333333333333
0 0.23493303571428573 0.9410714285714286 0.0328125 0.03869047619047616
0 0.8336496645129226 0.8682157057654076 0.02827721172962221 0.0356196156394964
