0 0.9947265625 0.221875 0.010546875 0.04791666666666667
0 0.97958984375 0.4557291666666667 0.0380859375 0.04791666666666667
0 0.7828125 0.5708333333333333 0.034375 0.0375
0 0.21291118421052632 0.7362390350877193 0.043750000000000025 0.03958333333333333
0 0.6941271551724137 0.55 0.034375 0.05
0 0.9109375 0.8569444444444444 0.03125 0.04583333333333333
0 0.9153192934782609 0.65 0.0484375 0.041666666666666664
0 0.8432974137931033 0.8771192528735632 0.03346982758620687 0.04590517241379312
0 0.05185032894736842 0.1211622807017544 0.0296875 0.04583333333333335
0 0.2158203125 0.0109375 0.0390625 0.021875
0 0.01875 0.7835416666666667 0.03125 0.05
0 0.36953125 0.95 0.0328125 0.041666666666666664
