0 0.7828125 0.5708333333333333 0.034375 0.0375
0 0.2229440789473684 0.7389254385964912 0.04375 0.03958333333333333
0 0.7011284722222222 0.55625 0.038715277777777765 0.04953703703703708
0 0.836039402173913 0.7921195652173912 0.0421875 0.041666666666666664
0 0.9344702743902438 0.6538617886178862 0.0484375 0.041666666666666664
0 0.8435963834269664 0.880378043071161 0.03468223314606735 0.04504915730337077
0 0.0689375 0.07429166666666666 0.034375 0.039583333333333325
0 0.2033125 0.15254166666666666 0.040625 0.04791666666666667
0 0.0822779605263158 0.7691885964912281 0.03593750000000001 0.05
0 0.225 0.8890350877192983 0.0375 0.041666666666666664
0 0.959375 0.18854166666666666 0.025 0.04375
0 0.871875 0.09375 0.034375 0.0375
