0 0.7828125 0.5708333333333333 0.034375 0.0375
0 0.22067434210526318 0.7382949561403509 0.043750000000000025 0.03958333333333333
0 0.6992829623287671 0.5545376712328768 0.03777825342465748 0.05000000000000006
0 0.8641493055555557 0.7765432098765432 0.04149305555555553 0.041666666666666664
0 0.9318407012195122 0.6526930894308943 0.0484375 0.041666666666666664
0 0.8436468574438202 0.8796377574906367 0.034581285112359514 0.04599133895131094
0 0.06822916666666666 0.10243055555555555 0.034375 0.03958333333333333
0 0.2299568965517241 0.12122844827586207 0.03739224137931037 0.050502873563218385
0 0.07178819444444444 0.8094907407407407 0.0359375 0.04629629629629631
0 0.2617897727272727 0.8609848484848485 0.0375 0.041666666666666664
0 0.9515625 0.10104166666666667 0.0359375 0.04375
0 0.9421875 0.15 0.0296875 0.03958333333333333
