0 0.9943359375 0.22395833333333334 0.011328125 0.052083333333333336
0 0.9420641447368421 0.4496162280701755 0.0390625 0.04353070175438596
0 0.7828125 0.5708333333333333 0.034375 0.0375
0 0.20945723684210527 0.7355811403508772 0.04375 0.03958333333333333
0 0.6928340517241379 0.55 0.034375 0.05
0 0.8933388157894736 0.8905701754385965 0.03322368421052637 0.044078947368421
0 0.9109130859375 0.6492513020833334 0.0484375 0.041666666666666664
0 0.8429094827586207 0.8762571839080461 0.03269396551724135 0.0441810344827586
0 0.04694602272727273 0.11382575757575758 0.0296875 0.04583333333333335
0 0.024374999999999997 0.7464583333333332 0.034999999999999996 0.04208333333333331
