0 0.01171875 0.15729166666666666 0.0234375 0.058333333333333334
0 0.2171875 0.03958333333333333 0.028125 0.04583333333333333
0 0.9350740131578947 0.06392543859649122 0.0328125 0.041666666666666664
0 0.9371263586956522 0.22318840579710147 0.0328125 0.04583333333333333
0 0.9223437499999999 0.5116666666666667 0.0375 0.04583333333333339
0 0.7828125 0.5671948356807512 0.034375 0.03022300469483573
0 0.1453125 0.715625 0.04375 0.03958333333333333
0 0.617947048611111 0.6185474537037037 0.034375 0.04791666666666667
0 0.59953125 0.7329166666666667 0.025 0.04666666666666662
0 0.7940557065217391 0.6518719806763286 0.03906249999999991 0.03333333333333333
0 0.23828125 0.9291666666666667 0.0328125 0.041666666666666664
0 0.8337350894632207 0.868267478462558 0.02829274353876734 0.03564032471835657
