0 0.022786458333333336 0.023090277777777776 0.03776041666666667 0.040625
0 0.9451410060975609 0.22179878048780488 0.0328125 0.04583333333333333
0 0.9244791666666667 0.638888888888889 0.033333333333333395 0.05416666666666667
0 0.7828125 0.5680164319248827 0.034375 0.03186619718309854
0 0.15635221962616824 0.7238025700934579 0.04375 0.03958333333333333
0 0.6161241319444445 0.6015335648148148 0.034375 0.04791666666666667
0 0.6520089285714286 0.8940476190476191 0.028125 0.05
0 0.80546875 0.6569444444444444 0.0390625 0.03333333333333333
0 0.16640625 0.8489583333333334 0.0359375 0.0375
0 0.8351702286282305 0.8691372597746851 0.028553677932405465 0.035988237243207405
0 0.8734375 0.11197916666666667 0.03125 0.040625
0 0.07529296875 0.064453125 0.0322265625 0.04244791666666667
