0 0.9709794207317073 0.225 0.0328125 0.04583333333333333
0 0.7740985576923076 0.6927083333333334 0.040625 0.04375
0 0.7828125 0.5698356807511737 0.034375 0.03550469483568079
0 0.1776674723756906 0.727917817679558 0.04375 0.03958333333333333
0 0.6395459254143646 0.6137603591160221 0.034375 0.03665976058931868
0 0.8201822916666668 0.8447337962962962 0.029427083333333392 0.04432870370370369
0 0.8332201086956521 0.6627717391304347 0.040625 0.041666666666666664
0 0.31484375 0.8401041666666667 0.0328125 0.03958333333333333
0 0.838348036779324 0.8710632041086813 0.029131461232604395 0.03675861497680574
0 0.044062500000000004 0.02729166666666667 0.037500000000000006 0.03125000000000001
0 0.19679276315789473 0.12604166666666666 0.03125 0.052083333333333336
0 0.9220703125 0.12864583333333332 0.033984375 0.04583333333333333
