0 0.9871199324324325 0.2233108108108108 0.025760135135135087 0.050788288288288276
0 0.8199687499999999 0.45816666666666667 0.0359375 0.05416666666666667
0 0.7828125 0.5708333333333333 0.034375 0.0375
0 0.1980879934210526 0.7334155701754386 0.043749999999999976 0.03958333333333333
0 0.6820060483870968 0.5589381720430108 0.034375 0.05
0 0.790625 0.9208333333333333 0.039583333333333304 0.041666666666666664
0 0.8971028645833334 0.6479166666666667 0.0484375 0.041666666666666664
0 0.8416325431034484 0.8734195402298851 0.030140086206896476 0.03850574712643677
0 0.06831597222222222 0.03263888888888889 0.0328125 0.05416666666666667
0 0.01597222222222222 0.06435185185185184 0.025 0.049999999999999996
0 0.05364583333333334 0.8145833333333333 0.034375 0.04583333333333333
0 0.9208333333333332 0.08784722222222222 0.030208333333333393 0.04513888888888889
