0 0.02690972222222222 0.20034722222222223 0.034375 0.05625
0 0.2109375 0.10041666666666667 0.028125 0.04583333333333333
0 0.92265625 0.11041666666666666 0.0328125 0.041666666666666664
0 0.9349524456521738 0.2217391304347826 0.0328125 0.04583333333333333
0 0.88623046875 0.475 0.0361328125 0.049479166666666664
0 0.7828125 0.5668818466353678 0.034375 0.029597026604068807
0 0.14068287037037036 0.713155864197531 0.04375 0.03958333333333333
0 0.6186414930555555 0.6250289351851852 0.034375 0.04791666666666667
0 0.6060639880952381 0.6800595238095238 0.03727678571428568 0.03333333333333333
0 0.78984375 0.6496376811594203 0.0390625 0.03333333333333333
0 0.19296875 0.98125 0.0390625 0.0375
0 0.8331883697813123 0.8679361332007952 0.02819333996023854 0.035507786613651386
