0 0.7828125 0.5708333333333333 0.034375 0.0375
0 0.21830592105263155 0.7376370614035088 0.043749999999999976 0.03958333333333333
0 0.6974850171232877 0.5524828767123288 0.03623715753424657 0.05
0 0.8933159722222221 0.7950617283950617 0.03315972222222232 0.041666666666666664
0 0.9290967987804878 0.6514735772357724 0.0484375 0.041666666666666664
0 0.8436995259831461 0.8788652855805243 0.034475948033707834 0.046974485018726614
0 0.066640625 0.1253125 0.03328125 0.04104166666666667
0 0.2432291666666667 0.08125 0.03229166666666665 0.05416666666666667
0 0.05463541666666667 0.8206944444444445 0.035937500000000004 0.041666666666666664
0 0.30228365384615385 0.8729967948717949 0.0375 0.041666666666666664
0 0.9092633928571429 0.06488095238095239 0.0359375 0.04166666666666667
