0 0.7828125 0.5708333333333333 0.034375 0.0375
0 0.2544823232323232 0.7476536195286195 0.04375 0.03958333333333333
0 0.7546112804878049 0.5194105691056911 0.034375 0.05
0 0.887079326923077 0.85625 0.034375 0.041666666666666664
0 0.9937118902439025 0.6634908536585367 0.012576219512195053 0.03968495934959352
0 0.8416341145833334 0.8860243055555556 0.0359375 0.03333333333333333
0 0.07748579545454545 0.8517045454545454 0.0328125 0.05
0 0.91484375 0.2552083333333333 0.0328125 0.035416666666666666
0 0.287890625 0.09388020833333334 0.0359375 0.05130208333333333
0 0.37734375 0.9552083333333333 0.0328125 0.03958333333333333
