0 0.9556349734042554 0.225 0.0328125 0.04583333333333333
0 0.8578515624999999 0.7108854166666667 0.029765624999999928 0.052395833333333405
0 0.7828125 0.5688184663536776 0.034375 0.03347026604068854
0 0.16599620165745857 0.7267207642725598 0.04375 0.03958333333333333
0 0.6242834944751381 0.6029868784530386 0.034375 0.04384208103130748
0 0.746875 0.9740740740740741 0.03784722222222214 0.035648148148148096
0 0.813705357142857 0.6668452380952381 0.0399107142857142 0.037857142857142874
0 0.213671875 0.9901041666666667 0.034375 0.019791666666666666
0 0.8365711978131213 0.8699863320079523 0.028808399602385747 0.03632786613651421
0 0.05873579545454546 0.06306818181818181 0.037500000000000006 0.0375
0 0.016493055555555556 0.7738425925925926 0.024305555555555552 0.049537037037037025
