0 0.9501828457446809 0.22375886524822694 0.0328125 0.04583333333333333
0 0.8919471153846154 0.6876602564102564 0.03125 0.058333333333333334
0 0.7828125 0.5684174491392802 0.034375 0.0326682316118936
0 0.1613950276243094 0.7262488489871086 0.04375 0.03958333333333333
0 0.6182665745856354 0.5987396408839778 0.034375 0.04667357274401465
0 0.694375 0.9504166666666668 0.034375 0.043333333333333356
0 0.8107031250000001 0.6611458333333334 0.0390625 0.03333333333333333
0 0.15991586538461539 0.9383814102564102 0.0265625 0.03958333333333333
0 0.835870713220676 0.8695617958913187 0.028681038767395604 0.03615805168986093
0 0.08203125 0.07708333333333334 0.0375 0.0375
