0 0.7828125 0.5708333333333333 0.034375 0.0375
0 0.22995065789473684 0.7408717105263157 0.04375 0.03958333333333333
0 0.7140625 0.5319444444444444 0.034375 0.04999999999999994
0 0.85328125 0.8708333333333333 0.03468750000000007 0.03333333333333333
0 0.9439833603896103 0.6568993506493507 0.0484375 0.041666666666666664
0 0.8434405723314606 0.8826632724719101 0.03499385533707873 0.042140683520599256
0 0.06498161764705881 0.03903186274509804 0.034374999999999996 0.03958333333333333
0 0.10349264705882352 0.16979166666666667 0.040625 0.04791666666666667
0 0.02286931818181818 0.7860795454545454 0.028125 0.04791666666666667
0 0.838671875 0.146875 0.03515625 0.03333333333333333
