0 0.9665900735294117 0.225 0.0328125 0.04583333333333333
0 0.7901988636363637 0.6961174242424242 0.040625 0.04375
0 0.7828125 0.5694933489827856 0.034375 0.034820031298904534
0 0.17373964088397792 0.7275149631675875 0.04375 0.03958333333333333
0 0.6344095303867403 0.6101346685082873 0.034375 0.03907688766114189
0 0.83046875 0.8979166666666667 0.03046875 0.046875
0 0.8254849137931034 0.6649425287356322 0.040625 0.041666666666666664
0 0.3275669642857143 0.9245535714285714 0.0328125 0.03958333333333333
0 0.8377500621272367 0.8707007952286283 0.02902273856858848 0.03661365142478464
0 0.04920955882352941 0.04144607843137255 0.0375 0.0355392156862745
0 0.1993125 0.06504166666666666 0.035375000000000004 0.05025
0 0.9859375 0.08139880952380953 0.027232142857142705 0.04791666666666667
