0 0.07834201388888888 0.2286844135802469 0.03125 0.05416666666666667
0 0.05805165816326531 0.3848497732426304 0.028071853741496594 0.033191609977324295
0 0.4170454545454546 0.25886994949494946 0.034375000000000044 0.05625
0 0.9763671875 0.2546875 0.036328125 0.04583333333333333
0 0.5734375 0.22076295045045047 0.040625 0.04985923423423424
0 0.75171875 0.2924999999999999 0.03468749999999998 0.04083333333333332
0 0.9397301136363636 0.1115340909090909 0.0328125 0.04791666666666665
0 0.66328125 0.32395833333333335 0.0296875 0.03958333333333333
0 0.6592261904761905 0.40219907407407407 0.020734126984126976 0.029728835978836028
0 0.5703125 0.44895833333333335 0.028125 0.04375
0 0.2716517857142857 0.03869047619047619 0.03660714285714288 0.050595238095238096
0 0.09835069444444444 0.8880787037037037 0.0265625 0.035416666666666666
0 0.2015625 0.40803345959595966 0.034375 0.04011994949494954
0 0.3453125 0.86375 0.04375 0.05625
0 0.334375 0.6489583333333333 0.0375 0.04791666666666667
0 0.47618534482758623 0.969683908045977 0.0455818965517242 0.05574712643678161
0 0.5640625 0.6322916666666667 0.040625 0.04791666666666667
0 0.66484375 0.6749180469289164 0.0296875 0.0375
0 0.747221610915493 0.6525454812206574 0.0265625 0.03958333333333333
0 0.7215029761904763 0.4871775793650794 0.029278273809523813 0.04375
0 0.685546875 0.8291666666666667 0.03515625 0.04583333333333333
0 0.8375 0.37355510752688176 0.028125 0.0375
0 0.85390625 0.4796875 0.0296875 0.03229166666666667
0 0.859409394654088 0.4259958071278826 0.0359375 0.05416666666666667
0 0.61171875 0.09706284153005465 0.0265625 0.03333333333333333
0 0.8447544642857142 0.30029761904761904 0.0265625 0.03333333333333333
0 0.9007416930379748 0.887289029535865 0.0328125 0.04583333333333333
0 0.9803824240331492 0.7836786372007366 0.0234375 0.041666666666666664
0 0.8203125 0.7301093887423044 0.028125 0.027083333333333334
0 0.86484375 0.5629032258064516 0.0265625 0.0375
0 0.6896484375 0.8569568452380952 0.03125 0.04791666666666667
0 0.1686769859813084 0.565625 0.028125 0.03958333333333333
0 0.6794270833333333 0.1712962962962963 0.0421875 0.058333333333333334
0 0.5481 0.4635416666666667 0.034375 0.052083333333333336
0 0.31202876984126987 0.22771164021164023 0.028125 0.041666666666666664
0 0.16284722222222223 0.43657407407407406 0.027083333333333327 0.0347222222222222
0 0.7694444444444445 0.6935185185185185 0.01875 0.025
0 0.08515625 0.25625 0.021875 0.03125
0 0.98203125 0.91953125 0.028125 0.04635416666666667
0 0.7208575581395349 0.1732315891472868 0.01875 0.027083333333333334
0 0.023034109477124184 0.4633918845315904 0.04412785947712418 0.06041666666666667
0 0.3419185450819672 0.21881830601092894 0.0296875 0.0375
0 0.54375 0.37916666666666665 0.028125 0.041666666666666664
0 0.47109375 0.715625 0.0328125 0.06041666666666667
0 0.5351227060249307 0.4395833333333333 0.0375 0.05416666666666667
2 0.4765625 0.8625 0.021875 0.03333333333333333
