0 0.055989583333333336 0.23771929824561405 0.03423793859649123 0.0560672514619883
0 0.055262653374233126 0.3932387525562372 0.028125 0.03333333333333333
0 0.46144301470588234 0.1636642156862745 0.04549632352941178 0.06017156862745097
0 0.5650971283783784 0.22640765765765766 0.04480574324324325 0.052815315315315324
0 0.9546875 0.45416666666666666 0.03125 0.03958333333333333
0 0.925420673076923 0.11145833333333334 0.0328125 0.04791666666666667
0 0.6604581823671498 0.32395833333333335 0.0296875 0.03958333333333333
0 0.6578125 0.43257575757575756 0.021875 0.03333333333333333
0 0.5585860148514852 0.46083952145214524 0.028125 0.04375
0 0.19832589285714283 0.4037202380952381 0.035937499999999976 0.04375
0 0.3326171875 0.9194010416666667 0.040234375 0.05286458333333333
0 0.4470703125 0.34739583333333335 0.033203125 0.03958333333333333
0 0.46083984375 0.4083333333333333 0.0408203125 0.0546875
0 0.6642146915584416 0.6726370851370851 0.0296875 0.0375
0 0.7453579695767195 0.6500606261022928 0.0265625 0.03958333333333333
0 0.7195652173913044 0.5124547101449275 0.034375 0.04791666666666661
0 0.809814453125 0.39798177083333336 0.02646484375 0.03658854166666667
0 0.8525406003937007 0.4807250656167979 0.0296875 0.03333333333333333
0 0.8545346467391305 0.42690217391304347 0.03807744565217384 0.05416666666666667
0 0.61171875 0.09240543735224586 0.0265625 0.03333333333333333
0 0.83359375 0.4510416666666667 0.0203125 0.03125
0 0.90078125 0.9156124497991968 0.0328125 0.04583333333333333
0 0.9775432180851065 0.7886746453900709 0.0234375 0.041666666666666664
0 0.8203125 0.7268771987686896 0.028125 0.027083333333333334
0 0.855615234375 0.5727213541666667 0.0265625 0.0375
0 0.6973519736842105 0.8510416666666667 0.03125 0.04791666666666667
0 0.1592741935483871 0.565625 0.028125 0.03958333333333333
0 0.5462565674255692 0.4635416666666667 0.034375 0.052083333333333336
0 0.3073907632743363 0.24198930678466077 0.03629701327433628 0.05625
0 0.4484375 0.459375 0.04375 0.052083333333333336
0 0.7080357142857143 0.20863095238095236 0.01875 0.025
0 0.7264062499999999 0.5754166666666668 0.027812500000000018 0.03916666666666669
0 0.84375 0.9276041666666667 0.04609375 0.05416666666666667
0 0.9691964285714286 0.4660714285714286 0.028125 0.03690476190476192
0 0.15390625 0.9046875 0.040625 0.05
0 0.1578125 0.8761458333333333 0.0453125 0.05562499999999997
0 0.028125 0.09270833333333334 0.046875 0.06041666666666667
0 0.1484375 0.9385416666666667 0.04375 0.052083333333333336
0 0.9864583333333334 0.290162037037037 0.025 0.03865740740740738
0 0.09010416666666668 0.38333333333333336 0.04375000000000001 0.07083333333333333
0 0.7143229166666667 0.18194444444444444 0.01875 0.027083333333333334
0 0.020789366883116882 0.48269751082251083 0.041578733766233764 0.06122835497835499
0 0.33696453651685393 0.2350889513108614 0.0296875 0.0375
0 0.54375 0.37916666666666665 0.028125 0.041666666666666664
0 0.47109375 0.715625 0.0328125 0.06041666666666667
0 0.5341683258310249 0.4395833333333333 0.0375 0.05416666666666667
2 0.4765625 0.8625 0.021875 0.03333333333333333
