0 0.06380208333333334 0.23278508771929823 0.0334155701754386 0.05497076023391812
0 0.0587135736196319 0.3901712678936605 0.028124999999999994 0.03333333333333333
0 0.42559742647058824 0.20349264705882356 0.04126838235294113 0.06115196078431374
0 0.5678970025510204 0.22399022108843536 0.04223533163265305 0.05201955782312927
0 0.871875 0.390625 0.034375 0.03958333333333333
0 0.9306281887755101 0.11145833333333334 0.0328125 0.04791666666666667
0 0.6622697765700483 0.32395833333333335 0.0296875 0.03958333333333333
0 0.657875 0.41583333333333333 0.021875 0.03333333333333333
0 0.563227103960396 0.4571266501650165 0.028125 0.04375
0 0.20234375 0.40729166666666666 0.0359375 0.04375
0 0.3427083333333333 0.9111111111111111 0.046354166666666655 0.05625
0 0.38058035714285715 0.5260416666666666 0.0375 0.041369047619047625
0 0.4904017857142858 0.5076488095238095 0.025982142857142863 0.03279761904761903
0 0.66484375 0.6734170117322292 0.0296875 0.0375
0 0.7462643045774648 0.651269072769953 0.0265625 0.03958333333333333
0 0.71796875 0.4983534946236559 0.0296875 0.04375
0 0.8259850543478262 0.39596920289855075 0.02425271739130448 0.03233695652173913
0 0.8533406825153375 0.47992075664621675 0.0296875 0.03333333333333333
0 0.8576330236486486 0.42580236486486484 0.0359375 0.05416666666666667
0 0.61171875 0.09453976034858387 0.0265625 0.03333333333333333
0 0.8418749999999999 0.39979166666666666 0.021875 0.025416666666666643
0 0.90078125 0.9025406504065041 0.0328125 0.04583333333333333
0 0.978873005319149 0.789561170212766 0.0234375 0.041666666666666664
0 0.8203125 0.7281964599824099 0.028125 0.027083333333333334
0 0.8610491071428571 0.5645833333333333 0.0265625 0.0375
0 0.7023300438596491 0.8510416666666667 0.03125 0.04791666666666667
0 0.16484375 0.565625 0.028125 0.03958333333333333
0 0.546875 0.4635416666666667 0.034375 0.052083333333333336
0 0.3106158088235294 0.2358455882352941 0.03691789215686274 0.05339052287581699
0 0.32718749999999996 0.45583333333333337 0.04312499999999999 0.05916666666666668
0 0.70546875 0.40208333333333335 0.0234375 0.03333333333333333
0 0.05390625 0.5078125 0.021875 0.03125
0 0.8109375 0.7125 0.0390625 0.04375
0 0.97734375 0.27708333333333335 0.0234375 0.041666666666666664
0 0.34125 0.91 0.040625 0.05
0 0.0703125 0.990625 0.040625 0.01875
0 0.21372767857142855 0.007142857142857143 0.03504464285714286 0.014285714285714285
0 0.0197265625 0.60078125 0.03671875 0.0703125
0 0.4857358870967742 0.99375 0.022278225806451602 0.0125
0 0.7198713235294117 0.1784191176470588 0.01875 0.027083333333333334
0 0.02125714869281046 0.47879221132897604 0.04235089869281046 0.06041666666666667
0 0.3406919642857143 0.2301190476190476 0.0296875 0.0375
0 0.54375 0.37916666666666665 0.028125 0.041666666666666664
0 0.47109375 0.715625 0.0328125 0.06041666666666667
0 0.534557868767313 0.4395833333333333 0.0375 0.05416666666666667
2 0.4765625 0.8625 0.021875 0.03333333333333333
