0 0.016815476190476193 0.290625 0.033630952380952386 0.05625
0 0.05625 0.3913371212121212 0.028125 0.03333333333333333
0 0.5303110665137615 0.27680619266055045 0.0421875 0.05625
0 0.889126712328767 0.1125 0.028125 0.043835616438356165
0 0.6596174568965517 0.34375 0.0265625 0.03333333333333333
0 0.5885416666666667 0.41631944444444446 0.0375 0.04375
0 0.5420650652985074 0.4611823694029851 0.0359375 0.041666666666666664
0 0.19296875 0.40725446428571427 0.0359375 0.04375
0 0.36328125 0.984375 0.0390625 0.03125
0 0.00625 0.06041666666666667 0.0125 0.041666666666666664
0 0.65859375 0.6669146825396824 0.0296875 0.0375
0 0.7458434371088861 0.6507079161451815 0.0265625 0.03958333333333333
0 0.6091796875 0.48994140625 0.0390625 0.0466796875
0 0.778125 0.4377525252525253 0.03125 0.03333333333333333
0 0.85546875 0.4803772522522523 0.0296875 0.03333333333333333
0 0.8265625 0.46608333333333335 0.040625 0.05416666666666667
0 0.6013611469072165 0.07461340206185567 0.0265625 0.025
0 0.837890625 0.8052083333333333 0.01953125 0.027083333333333334
0 0.846730324074074 0.9897119341563786 0.0328125 0.02057613168724283
0 0.9396739130434784 0.8420063405797101 0.0234375 0.041666666666666664
0 0.8203125 0.7260416666666667 0.028125 0.027083333333333334
0 0.8154447115384615 0.5919337606837607 0.0265625 0.0375
0 0.6552884615384615 0.8602564102564102 0.0375 0.05416666666666667
0 0.109375 0.578125 0.028125 0.03958333333333333
0 0.54375 0.4635416666666667 0.034375 0.052083333333333336
0 0.26235039893617024 0.30166223404255316 0.0359375 0.05625
0 0.8147321428571429 0.902529761904762 0.04330357142857153 0.05505952380952384
0 0.9643382352941176 0.21341911764705881 0.025 0.04375
0 0.37890625 0.65 0.0453125 0.0625
0 0.18549107142857144 0.7303571428571428 0.043750000000000025 0.0559523809523809
0 0.59453125 0.8544270833333333 0.0359375 0.04739583333333333
0 0.8452665441176471 0.4852941176470588 0.0484375 0.06666666666666667
0 0.24705528846153846 0.5136217948717948 0.0453125 0.05769230769230767
0 0.31515624999999997 0.263125 0.0484375 0.0479166666666667
0 0.6359375 0.09791666666666667 0.034375 0.04583333333333333
0 0.3805989583333333 0.07760416666666667 0.03151041666666665 0.04618055555555556
0 0.9944196428571429 0.09627976190476191 0.011160714285714236 0.03958333333333333
0 0.6673125 0.25295833333333334 0.01875 0.027083333333333334
0 0.0078125 0.5094566993464053 0.015625 0.04358660130718951
0 0.278811553030303 0.29179292929292927 0.0265625 0.03333333333333333
0 0.54375 0.37916666666666665 0.028125 0.041666666666666664
0 0.47109375 0.715625 0.0328125 0.06041666666666667
0 0.531665512465374 0.4395833333333333 0.0375 0.05416666666666667
2 0.4765625 0.8625 0.021875 0.03333333333333333
0 0.700390625 0.9799479166666667 0.03515625 0.04010416666666667
0 0.03515625 0.0875 0.041562499999999995 0.057499999999999996
