0 0.037257543103448275 0.2588002873563218 0.034375 0.05625
0 0.05625 0.389844696969697 0.028125 0.03333333333333333
0 0.5265625 0.04293981481481482 0.040625 0.05625000000000001
0 0.54765625 0.25545833333333334 0.0421875 0.05625
0 0.9061365927419354 0.10838373655913978 0.0328125 0.04791666666666667
0 0.66015625 0.33246722846441945 0.0265625 0.03333333333333333
0 0.630078125 0.45677083333333335 0.0375 0.04375
0 0.5443621735074627 0.4565881529850746 0.0359375 0.041666666666666664
0 0.19619879201680673 0.403125 0.0359375 0.04375
0 0.30625 0.884375 0.0453125 0.06041666666666667
0 0.2439453125 0.12317708333333334 0.03203125 0.0359375
0 0.6603896103896104 0.6709370490620491 0.0296875 0.0375
0 0.7450729427409262 0.6496805903212349 0.0265625 0.03958333333333333
0 0.6813802083333333 0.5417534722222223 0.0390625 0.047916666666666725
0 0.7953125 0.4060546875 0.03125 0.03333333333333333
0 0.8538589015151515 0.47714646464646465 0.029592803030303115 0.029292929292929298
0 0.842082634228188 0.44819630872483224 0.040625 0.05416666666666667
0 0.6082728794642857 0.07291666666666667 0.0265625 0.025
0 0.846875 0.6493055555555556 0.034375 0.04583333333333333
0 0.8705658783783784 0.9606981981981982 0.0328125 0.04583333333333333
0 0.960516826923077 0.8099358974358974 0.0234375 0.041666666666666664
0 0.8203125 0.7260416666666667 0.028125 0.027083333333333334
0 0.8365384615384615 0.5791666666666667 0.0265625 0.0375
0 0.6835349462365591 0.8565300179211469 0.03125 0.04791666666666667
0 0.13991653726708075 0.5666472567287785 0.028125 0.03958333333333333
0 0.5441933012259195 0.4635416666666667 0.034375 0.052083333333333336
0 0.28609619140625 0.26881510416666665 0.0359375 0.05625
0 0.7609375 0.41840277777777773 0.02083333333333339 0.024305555555555535
0 0.50390625 0.184375 0.0328125 0.052083333333333336
0 0.3514914772727272 0.6677083333333333 0.04076704545454546 0.052083333333333336
0 0.8791666666666667 0.913888888888889 0.025 0.0375
0 0.4585018382352941 0.7006740196078431 0.04273897058823532 0.06041666666666667
0 0.8021484375 0.7182291666666667 0.030078125 0.03958333333333333
0 0.0109375 0.10208333333333333 0.021875 0.05416666666666667
0 0.9567708333333333 0.30069444444444443 0.034375 0.043055555555555534
0 0.9878662109375 0.18815104166666666 0.021435546875 0.04375
0 0.697940340909091 0.21628787878787878 0.01875 0.027083333333333334
0 0.014797339108910892 0.5011344884488449 0.029594678217821784 0.06023102310231021
0 0.3135216346153846 0.26506410256410257 0.0265625 0.03333333333333333
0 0.54375 0.37916666666666665 0.028125 0.041666666666666664
0 0.47109375 0.715625 0.0328125 0.06041666666666667
0 0.5329445117728532 0.4395833333333333 0.0375 0.05416666666666667
2 0.4765625 0.8625 0.021875 0.03333333333333333
