0 0.03341864224137932 0.2628951149425287 0.034375 0.056249999999999974
0 0.05625 0.39006060606060605 0.028125 0.03333333333333333
0 0.5211348684210526 0.03141447368421053 0.040625 0.05625
0 0.54765625 0.2650694444444444 0.0421875 0.056249999999999974
0 0.9039818548387096 0.10934139784946237 0.0328125 0.04791666666666667
0 0.66015625 0.3342391304347826 0.0265625 0.03333333333333333
0 0.6247395833333333 0.459375 0.0375 0.04375
0 0.5440298507462686 0.45725279850746264 0.0359375 0.041666666666666664
0 0.19556206597222223 0.403125 0.0359375 0.04375
0 0.3127878289473684 0.8941337719298246 0.0453125 0.06041666666666667
0 0.21762152777777777 0.06701388888888889 0.027604166666666652 0.037731481481481484
0 0.6594479166666667 0.6698888888888889 0.0296875 0.0375
0 0.7451844102002503 0.6498292136003337 0.0265625 0.03958333333333333
0 0.6718181818181818 0.5412310606060606 0.0390625 0.047916666666666725
0 0.7899739583333334 0.4126736111111111 0.03125000000000009 0.03333333333333333
0 0.85390625 0.4775 0.0296875 0.030000000000000013
0 0.8414848993288591 0.4497902684563758 0.040625 0.05416666666666667
0 0.6074776785714285 0.07291666666666667 0.0265625 0.025
0 0.84375 0.6726190476190476 0.03482142857142847 0.04583333333333333
0 0.8645481418918919 0.9639076576576576 0.0328125 0.04583333333333333
0 0.9581129807692308 0.8158653846153847 0.0234375 0.041666666666666664
0 0.8203125 0.7260416666666667 0.028125 0.027083333333333334
0 0.830859375 0.577734375 0.0265625 0.0375
0 0.6798809523809524 0.8577480158730159 0.03125 0.04791666666666667
0 0.1371506211180124 0.56738483436853 0.028125 0.03958333333333333
0 0.5438813485113835 0.4635416666666667 0.034375 0.052083333333333336
0 0.2840087890625 0.27252604166666666 0.0359375 0.05625
0 0.80703125 0.44375 0.0203125 0.029166666666666667
0 0.46171875 0.15260416666666668 0.0359375 0.052083333333333336
0 0.28015625 0.6247916666666666 0.0453125 0.06708333333333331
0 0.8403409090909092 0.9807765151515151 0.025 0.03503787878787878
0 0.51296875 0.7008333333333333 0.046875 0.05625
0 0.8223011363636363 0.8114583333333333 0.028125 0.03958333333333333
0 0.9853298611111111 0.19270833333333334 0.023090277777777855 0.04375
0 0.3134114583333333 0.9663194444444445 0.04817708333333335 0.06736111111111107
0 0.03155048076923077 0.03261217948717949 0.0453125 0.04791666666666667
0 0.5276442307692307 0.017868589743589743 0.033413461538461496 0.035737179487179485
0 0.694140625 0.22135416666666666 0.01875 0.027083333333333334
0 0.01391553217821782 0.502898102310231 0.02783106435643564 0.05670379537953796
0 0.30947994402985074 0.2696517412935323 0.0265625 0.03333333333333333
0 0.54375 0.37916666666666665 0.028125 0.041666666666666664
0 0.47109375 0.715625 0.0328125 0.06041666666666667
0 0.5327594788781164 0.4395833333333333 0.0375 0.05416666666666667
2 0.4765625 0.8625 0.021875 0.03333333333333333
