0 0.059309895833333334 0.23562225877192983 0.033888432017543865 0.055601242690058506
0 0.056729294478527606 0.39193507157464214 0.028124999999999994 0.03333333333333333
0 0.4411458333333334 0.16979166666666667 0.0442708333333333 0.0659722222222222
0 0.5662468112244898 0.2247236394557823 0.04333545918367347 0.050552721088435365
0 0.929403409090909 0.41770833333333335 0.03636363636363651 0.040719696969697
0 0.9273976293103449 0.11145833333333334 0.0328125 0.04791666666666667
0 0.6612281099033817 0.32395833333333335 0.0296875 0.03958333333333333
0 0.6583984375 0.42604166666666665 0.021875 0.03333333333333333
0 0.5605584777227722 0.4592615511551155 0.028125 0.04375
0 0.20003348214285716 0.40523809523809523 0.0359375 0.04375
0 0.3390625 0.9125801282051282 0.04375 0.05625
0 0.3984375 0.4197916666666667 0.0375 0.04791666666666667
0 0.471875 0.4560416666666667 0.03125 0.04375
0 0.6647321428571429 0.6728670634920635 0.0296875 0.0375
0 0.7457795965608466 0.6506227954144621 0.0265625 0.03958333333333333
0 0.7216422872340426 0.502593085106383 0.034375 0.04791666666666667
0 0.81171875 0.3888671875 0.0328125 0.041666666666666664
0 0.8526792561349692 0.48080265848670756 0.0296875 0.03333333333333333
0 0.8565557065217391 0.4253623188405797 0.03634510869565215 0.05416666666666667
0 0.61171875 0.09315898345153664 0.0265625 0.03333333333333333
0 0.84296875 0.4354166666666667 0.0203125 0.03333333333333333
0 0.90078125 0.9130589430894308 0.0328125 0.04583333333333333
0 0.9781083776595745 0.7890514184397163 0.0234375 0.041666666666666664
0 0.8203125 0.7274378847845208 0.028125 0.027083333333333334
0 0.8582812499999999 0.5683333333333334 0.0265625 0.0375
0 0.7007072368421052 0.8510416666666667 0.03125 0.04791666666666667
0 0.16259765625 0.565625 0.028125 0.03958333333333333
0 0.5465356830122592 0.4635416666666667 0.034375 0.052083333333333336
0 0.3088011615044247 0.2391685103244838 0.03770741150442478 0.05625000000000003
0 0.3984375 0.45625 0.0375 0.04583333333333333
0 0.7236607142857142 0.28556547619047623 0.020535714285714324 0.027083333333333334
0 0.009375 0.5958333333333333 0.01875 0.029166666666666667
0 0.7569196428571429 0.6404761904761905 0.032589285714285675 0.042261904761904744
0 0.9203125 0.9458333333333333 0.0375 0.05
0 0.96796875 0.38943452380952387 0.028794642857142706 0.050892857142857115
0 0.22447916666666665 0.8993055555555556 0.040625 0.05
0 0.130078125 0.9322916666666666 0.04296875 0.04583333333333333
0 0.10446428571428572 0.05319940476190477 0.046875000000000014 0.05669642857142857
0 0.18828125 0.984375 0.0453125 0.03125
0 0.054765625 0.47770833333333335 0.04375 0.07083333333333333
0 0.7173345588235295 0.18011029411764706 0.01875 0.027083333333333334
0 0.02109375 0.4813829787234043 0.0421875 0.06041666666666667
0 0.3387552668539326 0.23270131086142323 0.0296875 0.0375
0 0.54375 0.37916666666666665 0.028125 0.041666666666666664
0 0.47109375 0.715625 0.0328125 0.06041666666666667
0 0.5343338815789473 0.4395833333333333 0.0375 0.05416666666666667
2 0.4765625 0.8625 0.021875 0.03333333333333333
