0 0.07154706790123458 0.22916666666666666 0.032445987654320996 0.05416666666666667
0 0.05847602739726028 0.38718607305936076 0.028125000000000004 0.03333333333333333
0 0.42578125 0.24166666666666667 0.0390625 0.058333333333333334
0 0.5701450892857143 0.22105654761904764 0.040736607142857206 0.05014880952380952
0 0.8015625 0.3302083333333333 0.0364583333333333 0.04375
0 0.9362812500000001 0.11295833333333333 0.0328125 0.04791666666666667
0 0.66328125 0.32395833333333335 0.0296875 0.03958333333333333
0 0.6571614583333334 0.40746527777777775 0.020572916666666698 0.0315972222222222
0 0.5677774234693878 0.45233843537414964 0.028125 0.04375
0 0.04296875 0.984375 0.0265625 0.027083333333333334
0 0.2015625 0.40538983585858585 0.034375 0.04117739898989896
0 0.34732142857142856 0.8747023809523811 0.04375 0.057738095238095255
0 0.3603515625 0.5989583333333334 0.0375 0.0375
0 0.47562499999999996 0.9804166666666667 0.04437500000000005 0.0375
0 0.551171875 0.559375 0.03359375 0.05069444444444452
0 0.66484375 0.6743400621118012 0.0296875 0.0375
0 0.7468529929577465 0.6520539906103286 0.0265625 0.03958333333333333
0 0.7194582359813084 0.4907223520249221 0.0296875 0.04375
0 0.6480113636363637 0.9349431818181818 0.040909090909090916 0.05018939393939389
0 0.8365384615384615 0.38092948717948716 0.028125 0.0375
0 0.85390625 0.47972846441947564 0.0296875 0.032209737827715364
0 0.8587509827044025 0.4268736897274633 0.0359375 0.05416666666666667
0 0.61171875 0.09745370370370371 0.0265625 0.03333333333333333
0 0.846875 0.3375 0.021875 0.025
0 0.90078125 0.892169540229885 0.0328125 0.04583333333333333
0 0.9798040400552486 0.7859921731123388 0.0234375 0.041666666666666664
0 0.8203125 0.7293728012313104 0.028125 0.027083333333333334
0 0.8636924342105263 0.5661184210526317 0.0265625 0.0375
0 0.7006944444444445 0.8510416666666667 0.03125 0.04791666666666667
0 0.16769859813084112 0.565625 0.028125 0.03958333333333333
0 0.6675520833333334 0.030416666666666665 0.0421875 0.051666666666666666
0 0.5472625 0.4635416666666667 0.034375 0.052083333333333336
0 0.3119419642857143 0.2318452380952381 0.028125 0.041666666666666664
0 0.228125 0.45 0.040625 0.05
0 0.7361328125 0.6091145833333333 0.01875 0.025
0 0.09375 0.3644675925925926 0.021875 0.03125
0 0.9158854166666668 0.8395833333333333 0.03385416666666661 0.03888888888888881
0 0.9800000000000001 0.09708333333333333 0.026250000000000107 0.034166666666666665
0 0.4996394230769231 0.982051282051282 0.040625 0.03589743589743589
0 0.7192602040816326 0.17463860544217685 0.01875 0.027083333333333334
0 0.022349877450980393 0.4693218954248366 0.04344362745098039 0.06041666666666667
0 0.34140625 0.22457107843137256 0.0296875 0.0375
0 0.54375 0.37916666666666665 0.028125 0.041666666666666664
0 0.47109375 0.715625 0.0328125 0.06041666666666667
0 0.5349052112188366 0.4395833333333333 0.0375 0.05416666666666667
2 0.4765625 0.8625 0.021875 0.03333333333333333
