0 0.03941271551724138 0.2565014367816092 0.034375 0.05625
0 0.05625 0.38972348484848485 0.028125 0.03333333333333333
0 0.5147727272727273 0.042234848484848486 0.040625 0.058333333333333334
0 0.5512369791666666 0.24878472222222223 0.041536458333333304 0.057986111111111134
0 0.9073462701612904 0.10784610215053764 0.0328125 0.04791666666666667
0 0.66015625 0.33171816479400745 0.0265625 0.03333333333333333
0 0.6331249999999999 0.4527083333333334 0.0375 0.04375
0 0.5448479729729729 0.4559121621621622 0.0359375 0.041666666666666664
0 0.19661896008403362 0.403125 0.0359375 0.04375
0 0.30390625 0.890625 0.0453125 0.06041666666666667
0 0.86171875 0.013194444444444444 0.0359375 0.02638888888888889
0 0.27314453125 0.09342447916666667 0.04375 0.049609375
0 0.6607142857142857 0.6710813492063491 0.0296875 0.0375
0 0.7450103645181476 0.6495971526908636 0.0265625 0.03958333333333333
0 0.6865885416666667 0.5410590277777777 0.0390625 0.04791666666666661
0 0.7954241071428572 0.4037202380952381 0.03169642857142847 0.03363095238095237
0 0.8534801136363637 0.4776515151515151 0.02883522727272734 0.030303030303030276
0 0.8427751068376068 0.44713319088319087 0.040625 0.05416666666666667
0 0.6089772727272728 0.07291666666666667 0.0265625 0.025
0 0.8474609375 0.6401041666666667 0.034375 0.04583333333333333
0 0.8744243421052632 0.9559758771929824 0.0328125 0.04583333333333333
0 0.9624399038461539 0.8073717948717949 0.0234375 0.041666666666666664
0 0.8203125 0.7260416666666667 0.028125 0.027083333333333334
0 0.8371372767857143 0.5708333333333333 0.0265625 0.0375
0 0.6856854838709677 0.8558131720430108 0.03125 0.04791666666666667
0 0.14146933229813666 0.5662331780538302 0.028125 0.03958333333333333
0 0.5443684325744308 0.4635416666666667 0.034375 0.052083333333333336
0 0.2885020380434783 0.2649909420289855 0.0359375 0.056249999999999974
0 0.7348958333333333 0.3954861111111111 0.03125 0.03263888888888887
0 0.5172991071428571 0.209375 0.031026785714285677 0.04255952380952378
0 0.4041015625 0.6428385416666667 0.044140625 0.06432291666666666
0 0.89875 0.8895833333333333 0.025 0.035833333333333425
0 0.42578125 0.6865808823529412 0.04476102941176467 0.058333333333333334
0 0.7916666666666666 0.6666666666666666 0.03124999999999991 0.03958333333333333
0 0.02838541666666667 0.04131944444444445 0.04010416666666666 0.05208333333333334
0 0.9068359375 0.2796875 0.034765625 0.04583333333333333
0 0.9915264423076924 0.18405448717948716 0.01694711538461533 0.04375
0 0.7004807692307693 0.21306089743589746 0.01875 0.027083333333333334
0 0.015301452020202019 0.4992108585858586 0.030602904040404038 0.06041666666666667
0 0.3158293269230769 0.2630128205128205 0.0265625 0.03333333333333333
0 0.54375 0.37916666666666665 0.028125 0.041666666666666664
0 0.47109375 0.715625 0.0328125 0.06041666666666667
0 0.5330483898891967 0.4395833333333333 0.0375 0.05416666666666667
2 0.4765625 0.8625 0.021875 0.03333333333333333
