0 0.020260908018867926 0.28649764150943396 0.03433077830188679 0.05625
0 0.05625 0.39091666666666663 0.028125 0.03333333333333333
0 0.5409801136363637 0.27514204545454546 0.0421875 0.05625
0 0.8955414012738853 0.11199575371549894 0.030394108280254704 0.04684182590233545
0 0.65859375 0.34219961240310076 0.0265625 0.03333333333333333
0 0.6034957627118644 0.44210805084745763 0.0375 0.04375
0 0.5427122201492537 0.45988805970149255 0.0359375 0.041666666666666664
0 0.1929805871212121 0.40519255050505054 0.0359375 0.04375
0 0.35164331896551726 0.9466235632183907 0.0390625 0.05416666666666667
0 0.07890625 0.019791666666666666 0.0390625 0.03958333333333333
0 0.65859375 0.6676029265873016 0.0296875 0.0375
0 0.7456263688986232 0.650418491864831 0.0265625 0.03958333333333333
0 0.6325277453271028 0.5143788940809969 0.0390625 0.047916666666666725
0 0.7820060483870968 0.4304771505376344 0.028931451612903204 0.03178763440860213
0 0.8539288949275363 0.4771135265700483 0.0296875 0.03333333333333333
0 0.8280073924731182 0.4584901433691756 0.040625 0.05416666666666667
0 0.604296875 0.07291666666666667 0.0265625 0.025
0 0.8389508928571429 0.7677083333333333 0.0328125 0.044940476190476156
0 0.8535851883561645 0.9836187214611872 0.0328125 0.032762557077625584
0 0.9465839460784314 0.8338848039215686 0.0234375 0.041666666666666664
0 0.8203125 0.7260416666666667 0.028125 0.027083333333333334
0 0.8198690878378379 0.5928490990990991 0.0265625 0.0375
0 0.6677631578947368 0.8606907894736843 0.03388157894736841 0.050548245614035044
0 0.12674542682926832 0.5717936991869919 0.028125 0.03958333333333333
0 0.54375 0.4635416666666667 0.034375 0.052083333333333336
0 0.27294830607476633 0.2930782710280374 0.0359375 0.05625
0 0.371875 0.018229166666666668 0.034375 0.036458333333333336
0 0.08203125 0.9263020833333333 0.03515625 0.04739583333333333
0 0.7115234375 0.8260416666666667 0.046484375 0.05520833333333333
0 0.972983870967742 0.20769489247311826 0.025 0.04375
0 0.38359375 0.8486111111111111 0.04322916666666665 0.0625
0 0.27586805555555555 0.7680555555555555 0.04375 0.06435185185185179
0 0.5276909722222223 0.9503472222222222 0.03454861111111107 0.03958333333333333
0 0.7704241071428571 0.6940476190476191 0.052455357142857116 0.07916666666666666
0 0.08177083333333332 0.5652777777777778 0.05312499999999999 0.058333333333333334
0 0.22258184523809527 0.1751488095238095 0.04843750000000002 0.04791666666666667
0 0.6080078125 0.08326822916666667 0.0404296875 0.04791666666666667
0 0.451171875 0.007291666666666667 0.03203125 0.014583333333333334
0 0.6774427816901408 0.2418280516431925 0.01875 0.027083333333333334
0 0.01125 0.510625 0.0225 0.050416666666666644
0 0.2874540441176471 0.2849264705882353 0.0265625 0.03333333333333333
0 0.54375 0.37916666666666665 0.028125 0.041666666666666664
0 0.47109375 0.715625 0.0328125 0.06041666666666667
0 0.5320258396814405 0.4395833333333333 0.0375 0.05416666666666667
2 0.4765625 0.8625 0.021875 0.03333333333333333
