0 0.01917747641509434 0.28732311320754716 0.033402122641509435 0.05625
0 0.05625 0.39099621212121216 0.028125 0.03333333333333333
0 0.5380408653846154 0.2760416666666667 0.0421875 0.05625
0 0.8941829219745223 0.11213508492569003 0.029767117834394875 0.046563163481953294
0 0.65859375 0.3432170542635659 0.0265625 0.03333333333333333
0 0.6020032051282052 0.43875534188034193 0.0375 0.04375
0 0.5425897854477613 0.4601329291044776 0.0359375 0.041666666666666664
0 0.19296875 0.4055803571428571 0.0359375 0.04375
0 0.35390625 0.9541666666666667 0.0390625 0.05416666666666667
0 0.05625 0.020833333333333332 0.0375 0.041666666666666664
0 0.65859375 0.6674727182539683 0.0296875 0.0375
0 0.7456674358573216 0.6504732478097622 0.0265625 0.03958333333333333
0 0.6285411799065421 0.5115167445482866 0.0390625 0.04791666666666661
0 0.7809475806451612 0.4308299731182796 0.0299899193548387 0.032493279569892466
0 0.854404438405797 0.4777475845410628 0.0296875 0.03333333333333333
0 0.827301747311828 0.4594310035842294 0.040625 0.05416666666666667
0 0.60404052734375 0.07291666666666667 0.0265625 0.025
0 0.8387784090909092 0.7776515151515151 0.034375 0.04204545454545456
0 0.8522367294520548 0.9848173515981735 0.0328125 0.030365296803652932
0 0.945297181372549 0.835171568627451 0.0234375 0.041666666666666664
0 0.8203125 0.7260416666666667 0.028125 0.027083333333333334
0 0.8207667151162792 0.59375 0.0265625 0.0375
0 0.6639638157894737 0.8613815789473683 0.035263157894736885 0.05192982456140349
0 0.12383177570093458 0.5728679906542057 0.028125 0.03958333333333333
0 0.54375 0.4635416666666667 0.034375 0.052083333333333336
0 0.2711083528037383 0.2951226635514018 0.0359375 0.05625
0 0.35625 0.011979166666666667 0.034375 0.023958333333333335
0 0.09765625 0.953125 0.0484375 0.05625
0 0.72890625 0.8125 0.0421875 0.04583333333333333
0 0.9713961693548387 0.20910618279569892 0.025 0.04375
0 0.3811383928571429 0.8081845238095239 0.04441964285714288 0.05863095238095243
0 0.2607421875 0.7641927083333333 0.04375 0.05911458333333333
0 0.53515625 0.9239583333333333 0.0359375 0.03958333333333333
0 0.7906850961538462 0.6564102564102564 0.0484375 0.06442307692307689
0 0.1125 0.5666666666666667 0.053125 0.058333333333333334
0 0.23870738636363636 0.190625 0.0484375 0.04943181818181817
0 0.6117647058823529 0.08964460784313726 0.035845588235294115 0.04791666666666667
0 0.43203125 0.037152777777777785 0.031770833333333394 0.03680555555555556
0 0.5528125 0.0125 0.03499999999999996 0.025
0 0.6756249999999999 0.24354166666666668 0.01875 0.027083333333333334
0 0.0104296875 0.50734375 0.020859375 0.04385416666666669
0 0.28552389705882353 0.28621323529411763 0.0265625 0.03333333333333333
0 0.54375 0.37916666666666665 0.028125 0.041666666666666664
0 0.47109375 0.715625 0.0328125 0.06041666666666667
0 0.5319576696675901 0.4395833333333333 0.0375 0.05416666666666667
2 0.4765625 0.8625 0.021875 0.03333333333333333
