0 0.05677083333333334 0.23722587719298244 0.03415570175438597 0.055957602339181275
0 0.055607745398773 0.3929320040899796 0.028124999999999994 0.03333333333333333
0 0.45813419117647064 0.16513480392156862 0.04770220588235299 0.05723039215686274
0 0.5653505067567568 0.225731981981982 0.04429898648648649 0.05146396396396398
0 0.9484375 0.44131944444444443 0.03576388888888893 0.04606481481481482
0 0.9259967672413794 0.11145833333333334 0.0328125 0.04791666666666667
0 0.6606393417874397 0.32395833333333335 0.0296875 0.03958333333333333
0 0.6578125 0.4308712121212121 0.021875 0.03333333333333333
0 0.5590501237623762 0.46046823432343237 0.028125 0.04375
0 0.19872767857142856 0.40407738095238094 0.0359375 0.04375
0 0.3329861111111111 0.9179398148148148 0.04340277777777777 0.055787037037037024
0 0.44437499999999996 0.37062500000000004 0.03562500000000002 0.04375
0 0.47890625 0.4161458333333333 0.0421875 0.053125
0 0.6643364448051948 0.6726911976911977 0.0296875 0.0375
0 0.745457175925926 0.650192901234568 0.0265625 0.03958333333333333
0 0.720345744680851 0.5112367021276596 0.034375 0.047916666666666725
0 0.810693359375 0.39602864583333336 0.02939453125 0.03893229166666667
0 0.8523929625984252 0.4811187664041994 0.0296875 0.03333333333333333
0 0.8550101902173914 0.4265398550724637 0.037669836956521686 0.05416666666666667
0 0.61171875 0.09258274231678487 0.0265625 0.03333333333333333
0 0.8393229166666666 0.45208333333333334 0.0203125 0.029166666666666667
0 0.90078125 0.9153112449799197 0.0328125 0.04583333333333333
0 0.9776761968085106 0.7887632978723403 0.0234375 0.041666666666666664
0 0.8203125 0.7270091248900615 0.028125 0.027083333333333334
0 0.856201171875 0.5719401041666666 0.0265625 0.0375
0 0.698141447368421 0.8510416666666667 0.03125 0.04791666666666667
0 0.16008064516129034 0.565625 0.028125 0.03958333333333333
0 0.546322241681261 0.4635416666666667 0.034375 0.052083333333333336
0 0.3077226216814159 0.24132558997050146 0.03662887168141595 0.056249999999999974
0 0.4359375 0.4565972222222222 0.04583333333333339 0.05625
0 0.716796875 0.22864583333333333 0.01875 0.025
0 0.7278645833333333 0.5993055555555554 0.0390625 0.052777777777777736
0 0.86640625 0.94125 0.0453125 0.06166666666666672
0 0.9607954545454545 0.4507575757575758 0.028125 0.04015151515151517
0 0.173046875 0.9078125 0.040625 0.05
0 0.15357142857142858 0.8980654761904762 0.046875 0.05625
0 0.048124999999999994 0.094375 0.04687499999999999 0.06041666666666666
0 0.16015625 0.9520833333333333 0.0421875 0.058333333333333334
0 0.990625 0.2625 0.01875 0.0375
0 0.08606250000000001 0.4073333333333334 0.04650000000000001 0.07083333333333333
0 0.00546875 0.6670138888888889 0.0109375 0.0375
0 0.7146484375 0.18229166666666666 0.01875 0.027083333333333334
0 0.02109375 0.4822473404255319 0.0421875 0.06041666666666667
0 0.3373858848314607 0.23452715355805243 0.0296875 0.0375
0 0.54375 0.37916666666666665 0.028125 0.041666666666666664
0 0.47109375 0.715625 0.0328125 0.06041666666666667
0 0.5342072801246538 0.4395833333333333 0.0375 0.05416666666666667
2 0.4765625 0.8625 0.021875 0.03333333333333333
