0 0.019074292452830193 0.28740172955974846 0.03331367924528302 0.05625000000000003
0 0.05625 0.39100378787878787 0.028125 0.03333333333333333
0 0.5378004807692307 0.2760416666666667 0.0421875 0.05625
0 0.8940535429936306 0.11214835456475584 0.029707404458598673 0.04653662420382165
0 0.65859375 0.34331395348837207 0.0265625 0.03333333333333333
0 0.6016826923076923 0.43822115384615384 0.0375 0.04375
0 0.542578125 0.46015625 0.0359375 0.041666666666666664
0 0.19296875 0.40561755952380957 0.0359375 0.04375
0 0.35529513888888886 0.9555555555555556 0.0390625 0.05416666666666667
0 0.055625 0.024166666666666666 0.0375 0.043333333333333335
0 0.65859375 0.6674603174603175 0.0296875 0.0375
0 0.7456713469962453 0.6504784626616603 0.0265625 0.03958333333333333
0 0.6281615070093458 0.5112441588785047 0.0390625 0.047916666666666725
0 0.7808467741935484 0.4308635752688172 0.030090725806451602 0.03256048387096774
0 0.8544497282608695 0.4778079710144928 0.0296875 0.03333333333333333
0 0.8272345430107526 0.4595206093189964 0.040625 0.05416666666666667
0 0.60401611328125 0.07291666666666667 0.0265625 0.025
0 0.8403645833333334 0.7774305555555555 0.034375 0.040972222222222264
0 0.8521083047945206 0.9849315068493151 0.0328125 0.030136986301369836
0 0.9451746323529411 0.8352941176470589 0.0234375 0.041666666666666664
0 0.8203125 0.7260416666666667 0.028125 0.027083333333333334
0 0.8205486918604651 0.59375 0.0265625 0.0375
0 0.6636019736842105 0.8614473684210525 0.03539473684210526 0.05206140350877189
0 0.12351051401869159 0.5729848130841121 0.028125 0.03958333333333333
0 0.54375 0.4635416666666667 0.034375 0.052083333333333336
0 0.2709331191588785 0.2953173676012461 0.0359375 0.05625
0 0.359375 0.00954861111111111 0.0322916666666667 0.01909722222222222
0 0.09515625000000001 0.958125 0.04843750000000001 0.05625
0 0.7317708333333334 0.8125 0.0416666666666667 0.04444444444444452
0 0.9712449596774194 0.20924059139784948 0.025 0.04375
0 0.38627232142857143 0.8046130952380952 0.044866071428571394 0.05744047619047616
0 0.2619140625 0.7602864583333333 0.04375 0.05859375
0 0.5373883928571429 0.9233630952380952 0.0359375 0.03958333333333333
0 0.7918870192307692 0.6533653846153846 0.04843749999999991 0.06538461538461544
0 0.115625 0.56875 0.053125 0.058333333333333334
0 0.2406960227272727 0.19479166666666667 0.0484375 0.05094696969696973
0 0.6120404411764706 0.09209558823529411 0.03529411764705879 0.04791666666666667
0 0.43125 0.03958333333333333 0.03125 0.0375
0 0.5521874999999999 0.0125 0.036249999999999984 0.025
0 0.6754545454545455 0.2436931818181818 0.01875 0.027083333333333334
0 0.0103515625 0.50703125 0.020703125 0.043229166666666666
0 0.28534007352941176 0.28633578431372547 0.0265625 0.03333333333333333
0 0.54375 0.37916666666666665 0.028125 0.041666666666666664
0 0.47109375 0.715625 0.0328125 0.06041666666666667
0 0.5319511772853185 0.4395833333333333 0.0375 0.05416666666666667
2 0.4765625 0.8625 0.021875 0.03333333333333333
