0 0.043279733009708735 0.25237661812297735 0.034374999999999996 0.056249999999999974
0 0.05625 0.38970771144278604 0.028125 0.03333333333333333
0 0.5169117647058823 0.05790441176470588 0.040625 0.05281862745098039
0 0.5542798913043478 0.2411684782608696 0.04177989130434785 0.060416666666666695
0 0.9101827330508474 0.10729166666666666 0.0328125 0.04791666666666667
0 0.66015625 0.33043154761904764 0.0265625 0.03333333333333333
0 0.6580492424242423 0.44166666666666665 0.021875 0.03333333333333333
0 0.5504434121621622 0.4499436936936937 0.0359375 0.041666666666666664
0 0.19731486344537816 0.403125 0.035937500000000025 0.04375
0 0.30520833333333336 0.896875 0.0453125 0.0625
0 0.7919270833333334 0.05138888888888889 0.03125000000000009 0.041666666666666664
0 0.30625 0.13854166666666667 0.028125 0.03958333333333333
0 0.6612520292207792 0.6713203463203463 0.0296875 0.0375
0 0.7449067193366709 0.6494589591155612 0.0265625 0.03958333333333333
0 0.6986203457446808 0.5376994680851064 0.0390625 0.04791666666666667
0 0.7973505434782608 0.3966485507246376 0.038451086956521684 0.04257246376811595
0 0.8538534628378379 0.4784487612612613 0.02861064189189193 0.031897522522522516
0 0.8441907051282052 0.4452457264957265 0.040625 0.05416666666666667
0 0.6112357954545454 0.07291666666666667 0.0265625 0.025
0 0.84140625 0.615625 0.0390625 0.04375
0 0.8809422348484848 0.9474116161616162 0.0328125 0.04583333333333333
0 0.9685801630434783 0.8003623188405797 0.0234375 0.041666666666666664
0 0.8203125 0.7260416666666667 0.028125 0.027083333333333334
0 0.8411221590909091 0.5712121212121212 0.0265625 0.0375
0 0.6904871323529412 0.8552083333333333 0.03125 0.04791666666666667
0 0.1443576388888889 0.565625 0.028125 0.03958333333333333
0 0.5446584938704028 0.4635416666666667 0.034375 0.052083333333333336
0 0.2948029891304348 0.25538949275362316 0.0359375 0.05625
0 0.684375 0.43020833333333336 0.021875 0.027083333333333334
0 0.5365234375 0.26705729166666664 0.028125 0.04192708333333333
0 0.46953125 0.6885416666666667 0.0390625 0.05416666666666667
0 0.9178819444444445 0.828125 0.025 0.04236111111111119
0 0.38125 0.6822916666666666 0.046875 0.05625
0 0.79265625 0.5883333333333333 0.03124999999999991 0.03958333333333333
0 0.8732421875 0.19817708333333334 0.037109375 0.05364583333333333
0 0.9938256048387096 0.17906586021505377 0.012348790322580605 0.04146505376344087
0 0.7068536931818181 0.20487689393939396 0.01875 0.027083333333333334
0 0.01613794191919192 0.49586489898989894 0.03227588383838384 0.06041666666666667
0 0.32005884740259744 0.2576298701298701 0.0265625 0.030898268398268383
0 0.54375 0.37916666666666665 0.028125 0.041666666666666664
0 0.47109375 0.715625 0.0328125 0.06041666666666667
0 0.5332204380193906 0.4395833333333333 0.0375 0.05416666666666667
2 0.4765625 0.8625 0.021875 0.03333333333333333
