0 0.017216981132075475 0.288816823899371 0.03172169811320755 0.056249999999999974
0 0.05625 0.3911401515151515 0.028125 0.03333333333333333
0 0.5334735576923076 0.2760416666666667 0.0421875 0.05625
0 0.8917247213375795 0.11238720806794054 0.02863256369426761 0.04605891719745223
0 0.6592051630434782 0.34375 0.0265625 0.03333333333333333
0 0.5959558823529412 0.4287377450980392 0.0375 0.04375
0 0.5423682369402985 0.460576026119403 0.0359375 0.041666666666666664
0 0.19296875 0.4062872023809524 0.0359375 0.04375
0 0.36234375 0.97375 0.0390625 0.05249999999999998
0 0.04296875 0.050520833333333334 0.03203125 0.035416666666666666
0 0.65859375 0.6672371031746032 0.0296875 0.0375
0 0.745741747496871 0.6505723299958281 0.0265625 0.03958333333333333
0 0.6207812500000001 0.5047916666666666 0.0390625 0.04791666666666667
0 0.7784564393939394 0.43289141414141413 0.03125 0.03333333333333333
0 0.8552649456521738 0.4788949275362319 0.0296875 0.03333333333333333
0 0.8265625 0.46175 0.040625 0.05416666666666667
0 0.6030364046391752 0.07349656357388316 0.0265625 0.02500000000000001
0 0.8359375 0.7854166666666667 0.034375 0.04583333333333333
0 0.849796660958904 0.986986301369863 0.0328125 0.026027397260273942
0 0.94296875 0.8375 0.0234375 0.041666666666666664
0 0.8203125 0.7260416666666667 0.028125 0.027083333333333334
0 0.8166242732558139 0.59375 0.0265625 0.0375
0 0.6576322115384615 0.8623397435897435 0.0375 0.05416666666666667
0 0.11772780373831775 0.5750876168224299 0.028125 0.03958333333333333
0 0.54375 0.4635416666666667 0.034375 0.052083333333333336
0 0.26753656914893614 0.29820478723404253 0.0359375 0.05625
0 0.7756770833333333 0.8585416666666668 0.03864583333333336 0.049305555555555595
0 0.96875 0.21145833333333333 0.025 0.04375
0 0.3922991071428571 0.731845238095238 0.04531249999999996 0.0625
0 0.2265625 0.7614583333333333 0.04375 0.058333333333333334
0 0.5578125 0.8986979166666667 0.0359375 0.04739583333333333
0 0.8115663109756097 0.5845020325203252 0.0484375 0.07611788617886171
0 0.17359375 0.5693750000000001 0.0515625 0.05625
0 0.2728794642857143 0.2275297619047619 0.0484375 0.04791666666666667
0 0.6201388888888889 0.10931712962962961 0.036805555555555626 0.049189814814814804
0 0.4068080357142857 0.04464285714285714 0.026562499999999954 0.03333333333333333
0 0.5515625 0.0125 0.0375 0.025
0 0.6723863636363636 0.24642045454545455 0.01875 0.027083333333333334
0 0.009236550632911391 0.5074762658227848 0.018473101265822783 0.042484177215189864
0 0.28203125 0.28854166666666664 0.0265625 0.03333333333333333
0 0.54375 0.37916666666666665 0.028125 0.041666666666666664
0 0.47109375 0.715625 0.0328125 0.06041666666666667
0 0.5318343144044321 0.4395833333333333 0.0375 0.05416666666666667
2 0.4765625 0.8625 0.021875 0.03333333333333333
