0 0.022357954545454545 0.28009469696969697 0.034375 0.05625
0 0.05625 0.3907310606060606 0.028125 0.03333333333333333
0 0.54453125 0.272549882629108 0.0421875 0.05625000000000003
0 0.8987111863057325 0.11167064755838642 0.03185708598726098 0.04749203821656051
0 0.65859375 0.33982558139534885 0.0265625 0.03333333333333333
0 0.6052827380952381 0.4476686507936508 0.0375 0.04375
0 0.542997901119403 0.45931669776119405 0.0359375 0.041666666666666664
0 0.19356060606060604 0.4044191919191919 0.0359375 0.04375
0 0.338671875 0.9270833333333334 0.0390625 0.05416666666666667
0 0.0875 0.045089285714285714 0.03080357142857143 0.040178571428571425
0 0.65859375 0.6679067460317459 0.0296875 0.0375
0 0.7455305459949938 0.650290727993325 0.0265625 0.03958333333333333
0 0.6418297313084113 0.5210572429906543 0.0390625 0.047916666666666725
0 0.7828125 0.42442708333333334 0.03125 0.03333333333333333
0 0.8534128289473685 0.47774122807017544 0.0296875 0.03333333333333333
0 0.8296538978494624 0.45629480286738355 0.040625 0.05416666666666667
0 0.60489501953125 0.07291666666666667 0.0265625 0.025
0 0.8370535714285715 0.7456845238095239 0.03214285714285712 0.04375
0 0.8576224662162162 0.9796171171171172 0.0328125 0.04076576576576573
0 0.9494791666666667 0.8309027777777778 0.0234375 0.041666666666666664
0 0.8203125 0.7260416666666667 0.028125 0.027083333333333334
0 0.82265625 0.5888480392156862 0.0265625 0.0375
0 0.675 0.859375 0.03125 0.04791666666666667
0 0.12898628048780486 0.5707977642276423 0.028125 0.03958333333333333
0 0.54375 0.4635416666666667 0.034375 0.052083333333333336
0 0.27724153037383176 0.2883080218068536 0.0359375 0.05625
0 0.987109375 0.5083333333333333 0.01796875 0.027083333333333334
0 0.39640624999999996 0.030000000000000002 0.028437500000000025 0.035833333333333335
0 0.10859375 0.8427083333333333 0.0390625 0.05625
0 0.6717500000000001 0.8087916666666667 0.046875 0.05625
0 0.9756048387096774 0.2034386200716846 0.025 0.04375
0 0.3828125 0.9341145833333333 0.0421875 0.059895833333333336
0 0.309765625 0.8055208333333332 0.040156249999999984 0.059791666666666646
0 0.4970982142857143 0.9831845238095238 0.034375 0.033630952380952435
0 0.73890625 0.7925 0.0515625 0.07916666666666666
0 0.01015625 0.5458333333333333 0.0203125 0.0375
0 0.18515625 0.14729166666666668 0.0484375 0.04791666666666667
0 0.5871354166666667 0.07652777777777778 0.0421875 0.05222222222222222
0 0.681756161971831 0.23751467136150234 0.01875 0.027083333333333334
0 0.01259469696969697 0.5101641414141415 0.02518939393939394 0.05416666666666667
0 0.29178631756756757 0.2820382882882883 0.0265625 0.03333333333333336
0 0.54375 0.37916666666666665 0.028125 0.041666666666666664
0 0.47109375 0.715625 0.0328125 0.06041666666666667
0 0.5321849030470914 0.4395833333333333 0.0375 0.05416666666666667
2 0.4765625 0.8625 0.021875 0.03333333333333333
