0 0.03537176724137932 0.2608117816091954 0.034375 0.056249999999999974
0 0.05625 0.3899507575757576 0.028125 0.03333333333333333
0 0.5248046875 0.04088541666666667 0.040625 0.05625
0 0.54765625 0.2623842592592593 0.0421875 0.05625000000000003
0 0.905078125 0.10885416666666667 0.0328125 0.04791666666666667
0 0.66015625 0.33312265917602996 0.0265625 0.03333333333333333
0 0.6276494565217392 0.45819746376811593 0.0375 0.04375
0 0.544198927238806 0.45691464552238803 0.0359375 0.041666666666666664
0 0.19587673611111112 0.403125 0.0359375 0.04375
0 0.30991586538461535 0.8911057692307692 0.0453125 0.06041666666666667
0 0.2234375 0.11145833333333334 0.028125 0.03333333333333333
0 0.6600520833333333 0.6706944444444445 0.0296875 0.0375
0 0.7451276986858574 0.6497535982478098 0.0265625 0.03958333333333333
0 0.6768229166666667 0.5423611111111111 0.0390625 0.04791666666666661
0 0.7953125 0.4078776041666667 0.03125 0.03333333333333333
0 0.85390625 0.47807971014492756 0.0296875 0.031159420289855078
0 0.841789010067114 0.4489793064876958 0.040625 0.05416666666666667
0 0.6078822544642857 0.07291666666666667 0.0265625 0.025
0 0.8442708333333334 0.6626736111111112 0.034375 0.04409722222222226
0 0.8676097972972974 0.9622747747747747 0.0328125 0.04583333333333333
0 0.9592748397435897 0.812767094017094 0.0234375 0.041666666666666664
0 0.8203125 0.7260416666666667 0.028125 0.027083333333333334
0 0.8356971153846153 0.5791666666666667 0.0265625 0.0375
0 0.6816532258064516 0.8571572580645161 0.03125 0.04791666666666667
0 0.13855784161490683 0.5670095755693582 0.028125 0.03958333333333333
0 0.5440400612959719 0.4635416666666667 0.034375 0.052083333333333336
0 0.28507080078125 0.2706380208333333 0.0359375 0.05625
0 0.7817708333333333 0.4197916666666667 0.021875 0.027083333333333334
0 0.48984375 0.15833333333333333 0.03125 0.03958333333333333
0 0.316015625 0.6489583333333333 0.04296875 0.052083333333333336
0 0.859375 0.9420138888888889 0.025 0.035416666666666666
0 0.4799479166666666 0.6729166666666667 0.0401041666666667 0.05416666666666667
0 0.8035714285714286 0.7745535714285714 0.028125000000000087 0.03958333333333333
0 0.9856770833333333 0.31475694444444446 0.02864583333333339 0.046875
0 0.9865234375 0.19114583333333332 0.021875 0.04375
0 0.316015625 0.9802083333333333 0.04453125 0.03958333333333333
0 0.011826508620689655 0.019863505747126437 0.022036637931034483 0.037571839080459773
0 0.6960286458333333 0.21883680555555557 0.01875 0.027083333333333334
0 0.014364170792079209 0.5020008250825082 0.028728341584158417 0.05849834983498348
0 0.3115088619402985 0.26694651741293535 0.0265625 0.03333333333333333
0 0.54375 0.37916666666666665 0.028125 0.041666666666666664
0 0.47109375 0.715625 0.0328125 0.06041666666666667
0 0.5328536184210526 0.4395833333333333 0.0375 0.05416666666666667
2 0.4765625 0.8625 0.021875 0.03333333333333333
