0 0.06595052083333333 0.2314281798245614 0.03318941885964913 0.05466922514619883
0 0.059267979452054795 0.38929794520547945 0.028125000000000004 0.03333333333333333
0 0.4330729166666667 0.2144675925925926 0.0390625 0.06273148148148149
0 0.5685965401785714 0.22312127976190474 0.041768973214285764 0.051525297619047596
0 0.84775390625 0.38046875 0.0322265625 0.0390625
0 0.932732780612245 0.11145833333333334 0.0328125 0.04791666666666667
0 0.6627679649758453 0.32395833333333335 0.0296875 0.03958333333333333
0 0.65625 0.41041666666666665 0.021875 0.03333333333333333
0 0.5645034034653466 0.4561056105610561 0.028125 0.04375
0 0.20234375 0.40729166666666666 0.0359375 0.04375
0 0.3522321428571428 0.8977678571428572 0.04375 0.05625
0 0.35062499999999996 0.5660416666666667 0.03187500000000001 0.03958333333333333
0 0.49421875000000004 0.5445833333333333 0.0234375 0.03333333333333328
0 0.66484375 0.673701690821256 0.0296875 0.0375
0 0.7464458626760563 0.6515111502347417 0.0265625 0.03958333333333333
0 0.71796875 0.49502688172043013 0.0296875 0.04375
0 0.8336693548387096 0.3888440860215054 0.028125 0.0375
0 0.8536570168711657 0.4794989775051125 0.0296875 0.03333333333333333
0 0.857981418918919 0.4262668918918919 0.0359375 0.05416666666666667
0 0.61171875 0.09543845315904138 0.0265625 0.03333333333333333
0 0.8423913043478262 0.3782608695652174 0.021875 0.029166666666666667
0 0.90078125 0.8990345528455285 0.0328125 0.04583333333333333
0 0.9791652279005525 0.7885474217311235 0.0234375 0.041666666666666664
0 0.8203125 0.7285592568161829 0.028125 0.027083333333333334
0 0.8618629807692308 0.564775641025641 0.0265625 0.0375
0 0.7027823464912281 0.8510416666666667 0.03125 0.04791666666666667
0 0.16591796875 0.565625 0.028125 0.03958333333333333
0 0.546875 0.4635416666666667 0.034375 0.052083333333333336
0 0.31137408088235297 0.2348345588235294 0.033379289215686295 0.048672385620915026
0 0.2939453125 0.42942708333333335 0.043359375 0.05260416666666667
0 0.7201562499999999 0.470625 0.01875 0.025
0 0.05959821428571429 0.46711309523809524 0.021875000000000006 0.03125
0 0.85765625 0.7422916666666667 0.0390625 0.04874999999999995
0 0.9638671875 0.2234375 0.031640625 0.041666666666666664
0 0.3939453125 0.92890625 0.041015625 0.05572916666666667
0 0.4819010416666666 0.9951388888888888 0.016927083333333304 0.009722222222222262
0 0.7203125 0.17741935483870966 0.01875 0.027083333333333334
0 0.021594158496732026 0.4758714596949891 0.04268790849673203 0.06041666666666667
0 0.34140625 0.22910539215686274 0.0296875 0.0375
0 0.54375 0.37916666666666665 0.028125 0.041666666666666664
0 0.47109375 0.715625 0.0328125 0.06041666666666667
0 0.5346649930747922 0.4395833333333333 0.0375 0.05416666666666667
2 0.4765625 0.8625 0.021875 0.03333333333333333
