0 0.017268573113207546 0.2887775157232705 0.03176591981132075 0.05625000000000003
0 0.05625 0.39113636363636367 0.028125 0.03333333333333333
0 0.53359375 0.2760416666666667 0.0421875 0.05625
0 0.8917894108280254 0.11238057324840764 0.02866242038216562 0.04607218683651804
0 0.659182518115942 0.34375 0.0265625 0.03333333333333333
0 0.5961090686274509 0.4289828431372549 0.0375 0.04375
0 0.542374067164179 0.46056436567164183 0.0359375 0.041666666666666664
0 0.19296875 0.4062686011904762 0.0359375 0.04375
0 0.36221875 0.9735833333333334 0.0390625 0.052833333333333364
0 0.04375 0.04791666666666667 0.034375 0.0375
0 0.65859375 0.6672433035714286 0.0296875 0.0375
0 0.7457397919274092 0.650569722569879 0.0265625 0.03958333333333333
0 0.6210491071428572 0.5051488095238095 0.0390625 0.04791666666666667
0 0.7785511363636364 0.4327651515151515 0.03125 0.03333333333333333
0 0.8552423007246377 0.4788647342995169 0.0296875 0.03333333333333333
0 0.8265625 0.46166666666666667 0.040625 0.05416666666666667
0 0.6030686211340206 0.07347508591065292 0.0265625 0.025
0 0.8365234375 0.7859375 0.033203125 0.04375
0 0.8498608732876713 0.9869292237442923 0.0328125 0.026141552511415492
0 0.9430300245098039 0.8374387254901962 0.0234375 0.041666666666666664
0 0.8203125 0.7260416666666667 0.028125 0.027083333333333334
0 0.8167332848837209 0.59375 0.0265625 0.0375
0 0.6576772836538461 0.8623798076923077 0.0375 0.05416666666666667
0 0.11788843457943925 0.5750292056074766 0.028125 0.03958333333333333
0 0.54375 0.4635416666666667 0.034375 0.052083333333333336
0 0.26763630319148934 0.2981382978723405 0.0359375 0.05625
0 0.7744791666666666 0.8583333333333333 0.038541666666666696 0.04861111111111119
0 0.96875 0.21145833333333333 0.025 0.04375
0 0.39453125 0.7333333333333333 0.0453125 0.0625
0 0.228125 0.7625 0.04375 0.058333333333333334
0 0.558984375 0.900390625 0.0359375 0.046614583333333334
0 0.8110327743902438 0.5865091463414633 0.04843749999999991 0.07586382113821143
0 0.17265625 0.5697916666666667 0.0515625 0.05625
0 0.2719122023809524 0.22663690476190476 0.0484375 0.04791666666666667
0 0.6192708333333334 0.11006944444444446 0.0364583333333333 0.04930555555555557
0 0.4077008928571429 0.04523809523809524 0.026562500000000044 0.03333333333333333
0 0.5515625 0.0125 0.0375 0.025
0 0.6724715909090909 0.246344696969697 0.01875 0.027083333333333334
0 0.009266218354430379 0.5074367088607594 0.018532436708860758 0.04245780590717304
0 0.28212316176470587 0.2884803921568627 0.0265625 0.03333333333333333
0 0.54375 0.37916666666666665 0.028125 0.041666666666666664
0 0.47109375 0.715625 0.0328125 0.06041666666666667
0 0.5318375605955679 0.4395833333333333 0.0375 0.05416666666666667
2 0.4765625 0.8625 0.021875 0.03333333333333333
