0 0.0285377358490566 0.26810141509433966 0.034375 0.05625000000000003
0 0.05625 0.39031439393939393 0.028125 0.03333333333333333
0 0.533820564516129 0.024428763440860216 0.040625 0.04885752688172043
0 0.54765625 0.2705902777777778 0.0421875 0.056249999999999974
0 0.9024857954545455 0.1103219696969697 0.0328125 0.04791666666666667
0 0.66015625 0.3372735507246377 0.0265625 0.03333333333333333
0 0.6185019841269841 0.4582506613756614 0.0375 0.04375
0 0.5436392257462687 0.45803404850746265 0.0359375 0.041666666666666664
0 0.19483506944444445 0.403125 0.035937500000000025 0.04375
0 0.3194633152173913 0.8960597826086957 0.044497282608695655 0.06005434782608698
0 0.17447916666666669 0.06264880952380952 0.038690476190476185 0.04533730158730158
0 0.65859375 0.6685887896825397 0.0296875 0.0375
0 0.7453154333541927 0.6500039111389236 0.0265625 0.03958333333333333
0 0.6594460227272727 0.5336174242424242 0.0390625 0.04791666666666667
0 0.7765625 0.40208333333333335 0.03125 0.03333333333333333
0 0.85390625 0.47905092592592596 0.0296875 0.03310185185185185
0 0.8407822986577183 0.451663870246085 0.040625 0.05416666666666667
0 0.6064732142857143 0.07291666666666667 0.0265625 0.025
0 0.83828125 0.7010416666666667 0.027604166666666784 0.03680555555555547
0 0.8607536764705882 0.9713235294117647 0.0328125 0.04583333333333333
0 0.9547991071428571 0.822718253968254 0.0234375 0.041666666666666664
0 0.8203125 0.7260416666666667 0.028125 0.027083333333333334
0 0.8250868055555556 0.5800925925925926 0.0265625 0.0375
0 0.6758928571428571 0.859077380952381 0.03125 0.04791666666666667
0 0.13401676829268291 0.5685619918699187 0.028125 0.03958333333333333
0 0.54375 0.4635416666666667 0.034375 0.052083333333333336
0 0.281640625 0.27734375 0.0359375 0.05625
0 0.879296875 0.4421875 0.02109375 0.026041666666666668
0 0.43564453125 0.10026041666666667 0.0353515625 0.05520833333333333
0 0.1943359375 0.6653645833333334 0.038671875 0.0453125
0 0.5796875 0.7447916666666666 0.046875 0.05625
0 0.8758928571428571 0.909375 0.025 0.035416666666666666
0 0.9797894021739131 0.19678442028985507 0.025 0.04375
0 0.35677083333333337 0.9163194444444446 0.046875 0.0631944444444444
0 0.08998579545454546 0.06884469696969697 0.0453125 0.052083333333333336
0 0.55296875 0.050624999999999996 0.0390625 0.047916666666666656
0 0.688203125 0.22776041666666666 0.01875 0.027083333333333334
0 0.01328125 0.5061244979919679 0.0265625 0.05416666666666667
0 0.3026452850877193 0.2752558479532164 0.0265625 0.03333333333333333
0 0.54375 0.37916666666666665 0.028125 0.041666666666666664
0 0.47109375 0.715625 0.0328125 0.06041666666666667
0 0.5325419840720221 0.4395833333333333 0.0375 0.05416666666666667
2 0.4765625 0.8625 0.021875 0.03333333333333333
