0 0.015513392857142858 0.290625 0.031026785714285715 0.05625
0 0.05625 0.39136363636363636 0.028125 0.03333333333333333
0 0.5300100344036698 0.2769399847094801 0.0421875 0.05625
0 0.8888270547945206 0.1125 0.028125 0.04343607305936074
0 0.659240301724138 0.34375 0.0265625 0.03333333333333333
0 0.5880208333333333 0.4149305555555555 0.0375 0.04375
0 0.5420242537313433 0.4612639925373134 0.0359375 0.041666666666666664
0 0.1930453431372549 0.40729166666666666 0.035937500000000025 0.04375
0 0.3609375 0.9828125 0.0390625 0.034375
0 0.005078125 0.07395833333333333 0.01015625 0.03958333333333333
0 0.65859375 0.6668712797619047 0.0296875 0.0375
0 0.7458571260951189 0.6507261681268252 0.0265625 0.03958333333333333
0 0.6078125 0.487890625 0.0390625 0.047135416666666666
0 0.778125 0.4379734848484848 0.03125 0.03333333333333333
0 0.85546875 0.48057432432432434 0.0296875 0.03333333333333333
0 0.8265625 0.4666666666666667 0.040625 0.05416666666666667
0 0.601135631443299 0.07476374570446735 0.0265625 0.02499999999999999
0 0.8466145833333332 0.8052083333333333 0.022395833333333393 0.028472222222222142
0 0.8463252314814815 0.9900720164609053 0.0328125 0.019855967078189353
0 0.9394361413043478 0.842481884057971 0.0234375 0.041666666666666664
0 0.8203125 0.7260416666666667 0.028125 0.027083333333333334
0 0.8150275735294118 0.5924019607843137 0.0265625 0.0375
0 0.6549729567307693 0.8599759615384616 0.0375 0.05416666666666667
0 0.10928955078125 0.578125 0.028125 0.03958333333333333
0 0.54375 0.4635416666666667 0.034375 0.052083333333333336
0 0.2616522606382979 0.30212765957446813 0.0359375 0.05625
0 0.8221875000000001 0.90625 0.04500000000000002 0.05499999999999995
0 0.9637228260869565 0.21354166666666666 0.025 0.04375
0 0.38741319444444444 0.6305555555555556 0.0453125 0.0625
0 0.17734375 0.7239583333333334 0.04375 0.058333333333333334
0 0.6 0.85 0.0359375 0.04583333333333333
0 0.8484834558823529 0.47199754901960783 0.0484375 0.06666666666666667
0 0.2500868055555555 0.4976851851851852 0.0453125 0.058333333333333334
0 0.32171875 0.2689583333333333 0.0484375 0.04791666666666667
0 0.63662109375 0.11067708333333333 0.034375 0.04583333333333333
0 0.38125 0.08645833333333333 0.028125 0.04375
0 0.9876116071428571 0.10505952380952381 0.0234375 0.04642857142857142
0 0.666875 0.25354166666666667 0.01875 0.027083333333333303
0 0.0078125 0.5095996732026145 0.015625 0.043300653594771234
0 0.2784801136363636 0.2922348484848485 0.0265625 0.03333333333333333
0 0.54375 0.37916666666666665 0.028125 0.041666666666666664
0 0.47109375 0.715625 0.0328125 0.06041666666666667
0 0.5316427891274238 0.4395833333333333 0.0375 0.05416666666666667
2 0.4765625 0.8625 0.021875 0.03333333333333333
0 0.7171875 0.9778645833333334 0.04296875 0.044270833333333336
0 0.05546875 0.07708333333333334 0.0421875 0.058333333333333334
