0 0.08699324324324324 0.21875 0.03125 0.05416666666666667
0 0.06455676020408163 0.3694302721088435 0.02662627551020409 0.029336734693877573
0 0.41390625 0.28368055555555555 0.038854166666666634 0.04541666666666666
0 0.76484375 0.18125 0.0390625 0.04583333333333333
0 0.5756296641791045 0.21655783582089552 0.040625 0.04853855721393033
0 0.6860677083333334 0.17638888888888887 0.035677083333333304 0.038888888888888896
0 0.94765625 0.019791666666666666 0.0234375 0.029166666666666667
0 0.9406850961538462 0.10568910256410256 0.0328125 0.04791666666666667
0 0.66328125 0.32395833333333335 0.0296875 0.03958333333333333
0 0.6634375 0.38625000000000004 0.021458333333333267 0.03277777777777781
0 0.5735569852941176 0.44238970588235293 0.028125 0.04375
0 0.18474264705882354 0.22953431372549019 0.043750000000000025 0.058333333333333334
0 0.18515625 0.6294270833333333 0.03359375 0.04635416666666667
0 0.2015625 0.4107230392156863 0.034375 0.03958333333333333
0 0.32672697368421055 0.8492872807017543 0.04375 0.05625
0 0.278125 0.7885416666666667 0.025 0.04375
0 0.4710336538461538 0.9451121794871794 0.03605769230769233 0.052083333333333336
0 0.655 0.728125 0.031874999999999966 0.042916666666666714
0 0.66484375 0.6760912698412699 0.0296875 0.0375
0 0.74765625 0.653125 0.0265625 0.03958333333333333
0 0.7254547574626866 0.47370957711442785 0.0265625 0.04095149253731343
0 0.7631433823529412 0.6124387254901962 0.0375 0.05036764705882355
0 0.8444102112676056 0.36314553990610327 0.028125 0.0375
0 0.8536235119047619 0.4778373015873016 0.0296875 0.03333333333333333
0 0.8607349537037037 0.4234567901234568 0.0359375 0.05416666666666667
0 0.6140716911764705 0.09583333333333334 0.0265625 0.03333333333333333
0 0.821875 0.25458333333333333 0.025 0.033333333333333305
0 0.904412411971831 0.8774354460093897 0.0328125 0.04583333333333333
0 0.9898897058823529 0.9901960784313725 0.016544117647058876 0.01960784313725495
0 0.9826891447368421 0.7799342105263157 0.0234375 0.041666666666666664
0 0.8211324896694215 0.731301652892562 0.028125 0.027083333333333334
0 0.8072265625 0.8854166666666666 0.0328125 0.04375
0 0.8717633928571429 0.5577380952380953 0.0265625 0.0375
0 0.7015288978494624 0.846875 0.03125 0.04791666666666667
0 0.17474798387096774 0.5635416666666667 0.028125 0.03958333333333333
0 0.7013020833333333 0.4727430555555555 0.0421875 0.058333333333333334
0 0.5506859756097561 0.465625 0.034375 0.052083333333333336
0 0.3165572478991597 0.22001050420168067 0.028125 0.041666666666666664
0 0.070703125 0.590625 0.0359375 0.042708333333333334
0 0.8919270833333334 0.8111111111111111 0.0203125 0.025
0 0.95380859375 0.9376302083333333 0.0291015625 0.03723958333333333
0 0.02939453125 0.052994791666666666 0.0205078125 0.026302083333333334
0 0.7362664473684211 0.15893640350877192 0.01875 0.027083333333333334
0 0.025315241228070173 0.45020102339181284 0.0453125 0.06041666666666667
0 0.3462454490291262 0.20713996763754045 0.0296875 0.0375
0 0.54375 0.37916666666666665 0.028125 0.041666666666666664
0 0.47109375 0.715625 0.0328125 0.06041666666666667
0 0.5355641880193905 0.4395833333333333 0.0375 0.05416666666666667
2 0.4765625 0.8625 0.021875 0.03333333333333333
