0 0.0154296875 0.290625 0.030859375 0.05625
0 0.05625 0.39131818181818184 0.028125 0.03333333333333333
0 0.5305260894495413 0.276710626911315 0.0421875 0.056249999999999974
0 0.8893407534246576 0.1125 0.028125 0.044121004566210036
0 0.6598868534482759 0.34375 0.0265625 0.03333333333333333
0 0.5889136904761905 0.4173115079365079 0.0375 0.04375
0 0.5420942164179104 0.4611240671641791 0.0359375 0.041666666666666664
0 0.19296875 0.40716145833333334 0.0359375 0.04375
0 0.36279296875 0.9830729166666666 0.0390625 0.033854166666666664
0 0.005989583333333334 0.05486111111111111 0.011979166666666667 0.044444444444444446
0 0.65859375 0.6669456845238095 0.0296875 0.0375
0 0.745833659261577 0.650694879015436 0.0265625 0.03958333333333333
0 0.61015625 0.49140625 0.0390625 0.04635416666666667
0 0.778125 0.43759469696969694 0.03125 0.03333333333333333
0 0.85546875 0.4802364864864865 0.0296875 0.03333333333333333
0 0.8265625 0.4656666666666667 0.040625 0.05416666666666667
0 0.6015222293814433 0.07450601374570447 0.0265625 0.02499999999999999
0 0.8278125 0.8043750000000001 0.020624999999999893 0.02958333333333331
0 0.847019675925926 0.989454732510288 0.0328125 0.021090534979423835
0 0.93984375 0.8416666666666667 0.0234375 0.041666666666666664
0 0.8203125 0.7260416666666667 0.028125 0.027083333333333334
0 0.816045673076923 0.5922008547008547 0.0265625 0.0375
0 0.6555138221153846 0.8604567307692308 0.0375 0.05416666666666667
0 0.11017815420560748 0.5778329439252337 0.028125 0.03958333333333333
0 0.54375 0.4635416666666667 0.034375 0.052083333333333336
0 0.26284906914893613 0.3013297872340425 0.0359375 0.05625
0 0.813125 0.8995833333333334 0.03874999999999993 0.05416666666666667
0 0.9650275735294118 0.2131127450980392 0.025 0.04375
0 0.38671875 0.6583333333333333 0.0453125 0.0625
0 0.18656250000000002 0.74375 0.04375 0.05333333333333338
0 0.590625 0.8576822916666667 0.0359375 0.04609375
0 0.84296875 0.4947916666666667 0.0484375 0.06666666666666667
0 0.24164663461538463 0.5216346153846154 0.0453125 0.05608974358974361
0 0.31046874999999996 0.25895833333333335 0.0484375 0.0479166666666667
0 0.6348721590909091 0.09744318181818182 0.034375 0.04583333333333333
0 0.37734375 0.06979166666666667 0.0328125 0.04791666666666667
0 0.9921875 0.084375 0.015625 0.03958333333333333
0 0.6676249999999999 0.25254166666666666 0.01875 0.027083333333333334
0 0.007842167721518987 0.5093354430379746 0.015684335443037975 0.04372362869198311
0 0.27904829545454546 0.2914772727272727 0.0265625 0.03333333333333333
0 0.54375 0.37916666666666665 0.028125 0.041666666666666664
0 0.47109375 0.715625 0.0328125 0.06041666666666667
0 0.5316817434210527 0.4395833333333333 0.0375 0.05416666666666667
2 0.4765625 0.8625 0.021875 0.03333333333333333
0 0.70546875 0.9822916666666667 0.0390625 0.035416666666666666
0 0.028125 0.09211309523809524 0.03973214285714286 0.055059523809523815
