0 0.02474431818181818 0.2726704545454545 0.034375 0.05625
0 0.05625 0.3905189393939394 0.028125 0.03333333333333333
0 0.5467329545454546 0.017708333333333333 0.040625 0.035416666666666666
0 0.5452343749999999 0.26979166666666665 0.0421875 0.05625
0 0.9013057255244755 0.11110868298368297 0.0328125 0.04791666666666665
0 0.659390625 0.3385208333333333 0.0265625 0.03333333333333333
0 0.6128997093023256 0.45608042635658913 0.0375 0.04375
0 0.5433243936567165 0.45866371268656714 0.0359375 0.041666666666666664
0 0.19422348484848487 0.4035353535353535 0.035937500000000025 0.04375
0 0.3264122596153846 0.9147836538461538 0.03912259615384617 0.05488782051282056
0 0.12734375 0.06328125 0.025 0.03333333333333333
0 0.65859375 0.6682539682539682 0.0296875 0.0375
0 0.7454210341051314 0.6501447121401752 0.0265625 0.03958333333333333
0 0.6503589527027027 0.5275056306306306 0.0390625 0.04791666666666667
0 0.7808388157894737 0.41655701754385965 0.03125 0.03333333333333333
0 0.8537642045454545 0.4791666666666667 0.0296875 0.03333333333333333
0 0.8360871010638299 0.4538120567375887 0.040625 0.05416666666666667
0 0.6056122448979592 0.07291666666666667 0.0265625 0.025
0 0.836640625 0.7151041666666667 0.03359375 0.04104166666666676
0 0.86015625 0.9754664179104477 0.0328125 0.04583333333333333
0 0.9519097222222221 0.827662037037037 0.0234375 0.041666666666666664
0 0.8203125 0.7260416666666667 0.028125 0.027083333333333334
0 0.82265625 0.5835022522522523 0.0265625 0.0375
0 0.675 0.859375 0.03125 0.04791666666666667
0 0.13154725609756096 0.5696595528455285 0.028125 0.03958333333333333
0 0.54375 0.4635416666666667 0.034375 0.052083333333333336
0 0.28001802884615384 0.28275240384615385 0.0359375 0.05625
0 0.9400390625 0.47317708333333336 0.023828125 0.025520833333333333
0 0.41372767857142856 0.06592261904761905 0.027455357142857118 0.04613095238095239
0 0.11796875 0.722470238095238 0.0484375 0.05625
0 0.621875 0.7885416666666667 0.046875 0.05625
0 0.9035714285714287 0.9852678571428571 0.025 0.029464285714285766
0 0.9782838983050848 0.19874646892655365 0.025 0.04375
0 0.3419642857142857 0.8532738095238095 0.046428571428571444 0.06785714285714282
0 0.7086647727272727 0.9043560606060607 0.047159090909090914 0.06780303030303034
0 0.13792613636363638 0.10378787878787878 0.04147727272727273 0.04356060606060607
0 0.56796875 0.075 0.0390625 0.04791666666666667
0 0.6848052536231883 0.23380132850241547 0.01875 0.027083333333333334
0 0.01328125 0.5101907630522089 0.0265625 0.05416666666666667
0 0.29655330882352937 0.27886029411764707 0.0265625 0.033333333333333305
0 0.54375 0.37916666666666665 0.028125 0.041666666666666664
0 0.47109375 0.715625 0.0328125 0.06041666666666667
0 0.5323666897506925 0.4395833333333333 0.0375 0.05416666666666667
2 0.4765625 0.8625 0.021875 0.03333333333333333
