0 0.078125 0.22916666666666666 0.03125 0.05416666666666667
0 0.0578125 0.3854166666666667 0.028125 0.03333333333333333
0 0.415625 0.25729166666666664 0.034375 0.05625
0 0.9828125 0.25416666666666665 0.034375 0.04583333333333333
0 0.5734375 0.22083333333333333 0.040625 0.05
0 0.75078125 0.290625 0.0359375 0.03958333333333333
0 0.9394460227272727 0.11172348484848485 0.0328125 0.04791666666666667
0 0.66328125 0.32395833333333335 0.0296875 0.03958333333333333
0 0.6590401785714286 0.40277777777777773 0.020610119047619068 0.02956349206349203
0 0.5703125 0.44895833333333335 0.028125 0.04375
0 0.2810546875 0.04453125 0.037109375 0.04739583333333333
0 0.10008680555555556 0.897337962962963 0.0265625 0.035416666666666666
0 0.2015625 0.40783617424242424 0.034375 0.04019886363636361
0 0.3453125 0.8647916666666667 0.04375 0.05625
0 0.33604910714285713 0.6355654761904762 0.0354910714285714 0.05089285714285718
0 0.4769935344827586 0.968426724137931 0.04612068965517242 0.05682471264367817
0 0.55796875 0.6270833333333333 0.034062500000000016 0.03916666666666657
0 0.66484375 0.6748749137336093 0.0296875 0.0375
0 0.7471941021126761 0.6525088028169015 0.0265625 0.03958333333333333
0 0.7213169642857142 0.48779761904761904 0.029464285714285676 0.04375
0 0.680419921875 0.8356770833333333 0.03564453125 0.051041666666666666
0 0.8375 0.37405913978494626 0.028125 0.0375
0 0.85390625 0.47978766025641023 0.0296875 0.032091346153846165
0 0.8593602594339623 0.426061320754717 0.0359375 0.05416666666666667
0 0.61171875 0.09714822404371584 0.0265625 0.03333333333333333
0 0.84609375 0.30625 0.0265625 0.03333333333333333
0 0.90078125 0.8877155172413793 0.0328125 0.04583333333333333
0 0.9803392610497237 0.7838512891344382 0.0234375 0.041666666666666664
0 0.8203125 0.730054419525066 0.028125 0.027083333333333334
0 0.86484375 0.563239247311828 0.0265625 0.0375
0 0.690625 0.8563988095238095 0.03125 0.04791666666666667
0 0.16860397196261684 0.565625 0.028125 0.03958333333333333
0 0.67890625 0.16041666666666668 0.0421875 0.058333333333333334
0 0.5480375000000001 0.4635416666666667 0.034375 0.052083333333333336
0 0.31178075396825394 0.22804232804232802 0.028125 0.041666666666666664
0 0.16762152777777778 0.444675925925926 0.04010416666666668 0.04861111111111113
0 0.7625 0.6854166666666667 0.01875 0.025
0 0.08562499999999999 0.26645833333333335 0.021875 0.03125
0 0.9783854166666668 0.9038194444444445 0.031770833333333394 0.0506944444444444
0 0.7203125 0.17395833333333333 0.01875 0.027083333333333334
0 0.022983047385620913 0.4638344226579521 0.04407679738562091 0.06041666666666667
0 0.3418545081967213 0.21933060109289618 0.0296875 0.0375
0 0.54375 0.37916666666666665 0.028125 0.041666666666666664
0 0.47109375 0.715625 0.0328125 0.06041666666666667
0 0.535106475069252 0.4395833333333333 0.0375 0.05416666666666667
2 0.4765625 0.8625 0.021875 0.03333333333333333
