0 0.05392945544554455 0.23854166666666668 0.034374999999999996 0.05625
0 0.05625 0.39144123134328357 0.028125 0.03333333333333333
0 0.47171874999999996 0.13958333333333334 0.04718749999999998 0.058333333333333334
0 0.5636837121212122 0.22863005050505053 0.0453125 0.05416666666666667
0 0.9220880681818182 0.11107954545454544 0.0328125 0.04791666666666665
0 0.66015625 0.3250760340632604 0.02856979927007295 0.03734793187347929
0 0.6548437500000001 0.4354166666666667 0.021875 0.03333333333333333
0 0.5588959316037736 0.46290290880503143 0.030291863207547197 0.040860849056603796
0 0.19765625 0.403125 0.0359375 0.04375
0 0.3203125 0.9135416666666667 0.04375 0.05625
0 0.53203125 0.25546875 0.0296875 0.0421875
0 0.4571180555555555 0.303125 0.023611111111111072 0.04375
0 0.6635146103896103 0.6723259379509379 0.0296875 0.0375
0 0.7447875330687831 0.6493000440917107 0.0265625 0.03958333333333333
0 0.7144396551724138 0.5180675287356321 0.034375 0.04791666666666661
0 0.8036221590909092 0.3934659090909091 0.02698863636363642 0.035416666666666666
0 0.8533895177165354 0.4784612860892388 0.0296875 0.03333333333333333
0 0.8518002717391304 0.4289855072463768 0.040421195652173836 0.05416666666666667
0 0.6114713541666666 0.08935763888888888 0.0265625 0.03201388888888889
0 0.8224158653846153 0.47532051282051285 0.02055288461538467 0.025
0 0.8996995192307692 0.9181089743589743 0.0328125 0.04583333333333333
0 0.976778590425532 0.7881648936170212 0.0234375 0.041666666666666664
0 0.8203125 0.7261186235708004 0.028125 0.027083333333333334
0 0.8485701650943396 0.5729166666666666 0.0265625 0.0375
0 0.6932291666666667 0.8524305555555556 0.03125 0.04791666666666667
0 0.15599137931034485 0.565625 0.028125 0.03958333333333333
0 0.5458789404553415 0.4635416666666667 0.034375 0.052083333333333336
0 0.3046339897260274 0.24430650684931507 0.0359375 0.05625
0 0.52109375 0.471875 0.0421875 0.04791666666666667
0 0.6809895833333333 0.10902777777777778 0.0203125 0.025
0 0.6565625 0.504375 0.04249999999999998 0.055416666666666656
0 0.75390625 0.9052083333333333 0.0421875 0.05625
0 0.8783482142857142 0.9345238095238095 0.054910714285714236 0.058928571428571414
0 0.9448660714285714 0.5436011904761905 0.028125 0.03541666666666673
0 0.0265625 0.9375 0.028125 0.0375
0 0.2078125 0.7989583333333333 0.04375 0.052083333333333336
0 0.0725 0.904375 0.04375 0.06041666666666667
0 0.9269886363636364 0.35265151515151516 0.027556818181818165 0.03371212121212122
0 0.13207720588235294 0.2439950980392157 0.046875 0.07083333333333333
0 0.705859375 0.16927083333333334 0.01875 0.027083333333333334
0 0.01875 0.48553348909657323 0.0375 0.06666666666666667
0 0.3342391304347826 0.23851902173913045 0.0296875 0.03709239130434785
0 0.54375 0.37916666666666665 0.028125 0.041666666666666664
0 0.47109375 0.715625 0.0328125 0.06041666666666667
0 0.5339443386426593 0.4395833333333333 0.0375 0.05416666666666667
2 0.4765625 0.8625 0.021875 0.03333333333333333
