0 0.06399739583333333 0.23266173245614036 0.03339501096491228 0.054943347953216384
0 0.05879984662576687 0.39009458077709613 0.028125 0.03333333333333333
0 0.42601102941176466 0.20422794117647058 0.04099264705882355 0.06262254901960786
0 0.56796875 0.22395833333333334 0.0421875 0.052083333333333336
0 0.8640625 0.39479166666666665 0.034375 0.03958333333333333
0 0.9308195153061224 0.11145833333333334 0.0328125 0.04791666666666667
0 0.6623150664251207 0.32395833333333335 0.0296875 0.03958333333333333
0 0.6576875 0.41520833333333335 0.021875 0.03333333333333333
0 0.5633431311881189 0.45703382838283824 0.028125 0.04375
0 0.20234375 0.40729166666666666 0.0359375 0.04375
0 0.3442708333333333 0.9100694444444444 0.04479166666666665 0.05625
0 0.37421875 0.523263888888889 0.034895833333333307 0.03541666666666673
0 0.49207589285714287 0.5099702380952381 0.02611607142857144 0.032440476190476214
0 0.66484375 0.6734428916494134 0.0296875 0.0375
0 0.7462808098591549 0.6512910798122066 0.0265625 0.03958333333333333
0 0.71796875 0.4980510752688172 0.0296875 0.04375
0 0.8273097826086957 0.3952898550724638 0.024864130434782618 0.03315217391304343
0 0.853369440184049 0.47988241308793456 0.0296875 0.03333333333333333
0 0.857664695945946 0.4258445945945946 0.0359375 0.05416666666666667
0 0.61171875 0.0946214596949891 0.0265625 0.03333333333333333
0 0.838125 0.3988541666666666 0.021875 0.027291666666666655
0 0.90078125 0.9020833333333333 0.0328125 0.04583333333333333
0 0.97890625 0.7895833333333333 0.0234375 0.041666666666666664
0 0.8203125 0.7282294415127528 0.028125 0.027083333333333334
0 0.8611235119047619 0.5645833333333333 0.0265625 0.0375
0 0.7023711622807017 0.8510416666666667 0.03125 0.04791666666666667
0 0.16494140625 0.565625 0.028125 0.03958333333333333
0 0.546875 0.4635416666666667 0.034375 0.052083333333333336
0 0.3106847426470588 0.23575367647058823 0.03659620098039218 0.05296160130718954
0 0.3263671875 0.4479166666666667 0.044140625 0.06145833333333333
0 0.7074776785714285 0.41101190476190474 0.024776785714285765 0.035119047619047626
0 0.059375 0.5041666666666667 0.021875 0.03125
0 0.818359375 0.7041666666666667 0.0390625 0.040625
0 0.98109375 0.2708333333333333 0.0234375 0.041666666666666664
0 0.34544270833333335 0.9135416666666667 0.040625 0.05
0 0.01796875 0.603125 0.034375 0.06875
0 0.4856602822580645 0.99375 0.022429435483870996 0.0125
0 0.7199816176470588 0.17834558823529412 0.01875 0.027083333333333334
0 0.02128778594771242 0.47852668845315904 0.04238153594771242 0.06041666666666667
0 0.3407589285714286 0.2300297619047619 0.0296875 0.0375
0 0.54375 0.37916666666666665 0.028125 0.041666666666666664
0 0.47109375 0.715625 0.0328125 0.06041666666666667
0 0.5345676073407202 0.4395833333333333 0.0375 0.05416666666666667
2 0.4765625 0.8625 0.021875 0.03333333333333333
