0 0.01569940476190476 0.290625 0.03139880952380952 0.05625
0 0.05625 0.39135984848484845 0.028125 0.03333333333333333
0 0.5300530389908257 0.276920871559633 0.0421875 0.05625
0 0.8888698630136986 0.1125 0.028125 0.043493150684931516
0 0.6592941810344828 0.34375 0.0265625 0.03333333333333333
0 0.5880952380952381 0.4151289682539682 0.0375 0.04375
0 0.5420300839552239 0.46125233208955224 0.0359375 0.041666666666666664
0 0.19303002450980392 0.40729166666666666 0.035937499999999976 0.04375
0 0.36127232142857146 0.9830357142857143 0.0390625 0.03392857142857141
0 0.00546875 0.07395833333333333 0.0109375 0.03958333333333333
0 0.65859375 0.6668774801587302 0.0296875 0.0375
0 0.7458551705256571 0.650723560700876 0.0265625 0.03958333333333333
0 0.6080078125 0.48818359375 0.0390625 0.0470703125
0 0.778125 0.4379419191919192 0.03125 0.03333333333333333
0 0.85546875 0.48054617117117115 0.0296875 0.03333333333333333
0 0.8265625 0.46658333333333335 0.040625 0.05416666666666667
0 0.6011678479381444 0.07474226804123711 0.0265625 0.025
0 0.84609375 0.8046875 0.021875 0.028125
0 0.846383101851852 0.9900205761316873 0.0328125 0.01995884773662553
0 0.9394701086956522 0.8424139492753624 0.0234375 0.041666666666666664
0 0.8203125 0.7260416666666667 0.028125 0.027083333333333334
0 0.8149356617647058 0.5920343137254902 0.0265625 0.0375
0 0.6550180288461538 0.8600160256410256 0.0375 0.05416666666666667
0 0.1093017578125 0.578125 0.028125 0.03958333333333333
0 0.54375 0.4635416666666667 0.034375 0.052083333333333336
0 0.26175199468085103 0.30206117021276596 0.0359375 0.05625
0 0.82 0.9052083333333333 0.045624999999999985 0.05541666666666671
0 0.9637907608695653 0.21354166666666666 0.025 0.04375
0 0.3861979166666667 0.6333333333333333 0.04531250000000005 0.0625
0 0.18125 0.7229166666666667 0.04375 0.058333333333333334
0 0.59921875 0.8506249999999999 0.0359375 0.04624999999999998
0 0.8480238970588235 0.4738970588235294 0.0484375 0.06666666666666667
0 0.24991319444444446 0.5002314814814814 0.0453125 0.058333333333333334
0 0.32078125 0.268125 0.0484375 0.047916666666666635
0 0.6365234375 0.10885416666666667 0.034375 0.04583333333333333
0 0.38125 0.08524305555555554 0.028645833333333304 0.044097222222222225
0 0.9890625 0.10416666666666667 0.021875 0.04583333333333333
0 0.6669375 0.25345833333333334 0.01875 0.027083333333333334
0 0.0078125 0.5095792483660131 0.015625 0.043341503267973876
0 0.2785274621212121 0.2921717171717172 0.0265625 0.03333333333333333
0 0.54375 0.37916666666666665 0.028125 0.041666666666666664
0 0.47109375 0.715625 0.0328125 0.06041666666666667
0 0.5316460353185596 0.4395833333333333 0.0375 0.05416666666666667
2 0.4765625 0.8625 0.021875 0.03333333333333333
0 0.71484375 0.9802083333333333 0.0421875 0.03958333333333333
0 0.05234375 0.07791666666666666 0.0421875 0.058333333333333334
