0 0.06907552083333332 0.2294544956140351 0.032860471491228074 0.05423062865497075
0 0.058754280821917804 0.3879280821917808 0.028124999999999994 0.03333333333333333
0 0.42171875 0.23395833333333332 0.0390625 0.06041666666666667
0 0.5696010044642857 0.22178199404761903 0.04109933035714279 0.050632440476190484
0 0.8203125 0.34479166666666666 0.03125 0.03958333333333333
0 0.9354687500000001 0.111875 0.0328125 0.04791666666666667
0 0.66328125 0.32395833333333335 0.0296875 0.03958333333333333
0 0.6577473958333333 0.4084201388888889 0.021875 0.03333333333333333
0 0.5665338010204082 0.45399659863945574 0.028125 0.04375
0 0.2015625 0.40436395202020203 0.034375 0.04158775252525248
0 0.353125 0.8770833333333333 0.040625 0.05416666666666667
0 0.3597222222222222 0.594212962962963 0.0375 0.0375
0 0.47734375 0.9796223958333333 0.04404296875 0.03828125
0 0.5226128472222222 0.5483796296296296 0.04192708333333339 0.05254629629629625
0 0.66484375 0.6741157694962042 0.0296875 0.0375
0 0.7467099471830986 0.6518632629107981 0.0265625 0.03958333333333333
0 0.7186988901869159 0.49173481308411215 0.0296875 0.04375
0 0.6578125 0.9689583333333334 0.0375 0.04750000000000002
0 0.8354307432432432 0.38367117117117117 0.028125 0.0375
0 0.85390625 0.4794241573033708 0.0296875 0.03281835205992512
0 0.8584881756756756 0.42694256756756754 0.0359375 0.05416666666666667
0 0.61171875 0.09674564270152505 0.0265625 0.03333333333333333
0 0.83984375 0.359375 0.021875 0.029166666666666667
0 0.90078125 0.8941565040650407 0.0328125 0.04583333333333333
0 0.9795795925414363 0.7868899631675874 0.0234375 0.041666666666666664
0 0.8203125 0.729086961301671 0.028125 0.027083333333333334
0 0.8630168269230769 0.5663141025641026 0.0265625 0.0375
0 0.7019841269841269 0.8510416666666667 0.03125 0.04791666666666667
0 0.16731892523364486 0.565625 0.028125 0.03958333333333333
0 0.5469375000000001 0.4635416666666667 0.034375 0.052083333333333336
0 0.31247702205882355 0.2333639705882353 0.028232230392156898 0.04180964052287581
0 0.24933035714285712 0.4410714285714286 0.03928571428571428 0.05119047619047622
0 0.73125 0.55 0.01875 0.025
0 0.0765625 0.4008101851851852 0.021875 0.03125
0 0.8953125 0.8097916666666667 0.03312500000000007 0.042916666666666714
0 0.9783854166666666 0.14305555555555555 0.0234375 0.040277777777777767
0 0.45625 0.9756944444444445 0.040625 0.044444444444444405
0 0.7200892857142857 0.17574404761904763 0.01875 0.027083333333333334
0 0.0220843545751634 0.47162309368191724 0.0431781045751634 0.06041666666666667
0 0.34140625 0.2261642156862745 0.0296875 0.0375
0 0.54375 0.37916666666666665 0.028125 0.041666666666666664
0 0.47109375 0.715625 0.0328125 0.06041666666666667
0 0.5348208102493075 0.4395833333333333 0.0375 0.05416666666666667
2 0.4765625 0.8625 0.021875 0.03333333333333333
