0 0.1017168209876543 0.21918724279835392 0.03124999999999999 0.05416666666666667
0 0.06535980504587155 0.3646215596330275 0.0265625 0.029166666666666667
0 0.4045758928571429 0.29657738095238095 0.03578869047619051 0.05625
0 0.696228448275862 0.15395114942528737 0.04278017241379315 0.048994252873563224
0 0.57890625 0.21041666666666667 0.040625 0.04791666666666667
0 0.6642857142857143 0.13705357142857144 0.02857142857142856 0.03541666666666668
0 0.9272836538461539 0.0266025641025641 0.026682692307692334 0.035576923076923075
0 0.9433392396907216 0.10469286941580756 0.0328125 0.04791666666666667
0 0.66328125 0.32395833333333335 0.0296875 0.03958333333333333
0 0.6654633620689655 0.3826149425287356 0.021875 0.03333333333333333
0 0.5747150735294118 0.4393014705882353 0.028125 0.04375
0 0.13765624999999998 0.24729166666666663 0.03843750000000001 0.04374999999999997
0 0.18125 0.5479166666666667 0.03125 0.041666666666666664
0 0.2015625 0.40729166666666666 0.034375 0.03958333333333333
0 0.32378048780487806 0.8702489837398375 0.04375 0.05625
0 0.24609375 0.8635416666666667 0.0421875 0.052083333333333336
0 0.4690104166666666 0.9322916666666666 0.027604166666666697 0.040972222222222146
0 0.62890625 0.740625 0.0234375 0.027083333333333334
0 0.66484375 0.6764535886818496 0.0296875 0.0375
0 0.74765625 0.6525793650793651 0.0265625 0.03958333333333333
0 0.7291118421052631 0.4702850877192982 0.0265625 0.0375
0 0.79375 0.5458333333333333 0.036363636363636334 0.04848484848484844
0 0.8452651515151516 0.35833333333333334 0.028125 0.0375
0 0.852998511904762 0.47950396825396824 0.0296875 0.03333333333333333
0 0.8611400462962964 0.42237654320987655 0.0359375 0.05416666666666667
0 0.6158909574468086 0.09536790780141845 0.0265625 0.03333333333333333
0 0.8171875 0.228125 0.025 0.035416666666666666
0 0.9069647606382979 0.8730939716312057 0.0328125 0.04583333333333333
0 0.9921875 0.9873234463276837 0.015625 0.025353107344632756
0 0.9840707236842106 0.7771710526315789 0.0234375 0.041666666666666664
0 0.821403667355372 0.7316632231404958 0.028125 0.027083333333333334
0 0.7971754807692308 0.7867788461538461 0.03281250000000009 0.04375
0 0.8752790178571429 0.5546130952380952 0.0265625 0.0375
0 0.7043514784946237 0.846875 0.03125 0.04791666666666667
0 0.17738095238095236 0.5635416666666667 0.028125 0.03958333333333333
0 0.6780649038461538 0.5705128205128206 0.0421875 0.058333333333333334
0 0.5510060975609756 0.465625 0.034375 0.052083333333333336
0 0.3178056318681319 0.2158653846153846 0.028125 0.041666666666666664
0 0.0346875 0.6220833333333334 0.026250000000000002 0.03416666666666674
0 0.94609375 0.828125 0.0203125 0.025
0 0.9921875 0.8893749999999999 0.015625 0.03125
0 0.006562500000000001 0.00625 0.013125000000000001 0.0125
0 0.7424715909090909 0.15520833333333334 0.01875 0.027083333333333334
0 0.02717013888888889 0.4443287037037037 0.0453125 0.06041666666666667
0 0.3487939927184466 0.20459142394822008 0.0296875 0.0375
0 0.54375 0.37916666666666665 0.028125 0.041666666666666664
0 0.47109375 0.715625 0.0328125 0.06041666666666667
0 0.5357005280470915 0.4395833333333333 0.0375 0.05416666666666667
2 0.4765625 0.8625 0.021875 0.03333333333333333
