0 0.1025462962962963 0.2103395061728395 0.031250000000000014 0.05416666666666667
0 0.06597620412844037 0.3596903669724771 0.0265625 0.029166666666666667
0 0.4028125 0.30756944444444445 0.0375 0.04847222222222225
0 0.6257102272727273 0.13361742424242426 0.0390625 0.04583333333333335
0 0.582373046875 0.20559895833333333 0.040625 0.04791666666666667
0 0.640234375 0.1046875 0.03203125 0.036458333333333336
0 0.91796875 0.07008928571428572 0.031026785714285764 0.03125000000000001
0 0.946802512886598 0.10376932989690721 0.0328125 0.04791666666666667
0 0.66328125 0.32395833333333335 0.0296875 0.03958333333333333
0 0.6680259146341464 0.3780487804878049 0.021875 0.03333333333333333
0 0.5759007352941177 0.43613970588235296 0.028125 0.04375
0 0.0875 0.26130952380952377 0.04375 0.05297619047619048
0 0.18723958333333335 0.46041666666666664 0.03281250000000002 0.03888888888888893
0 0.20267857142857143 0.41041666666666665 0.032589285714285696 0.0375
0 0.321875 0.8677083333333333 0.04375 0.05625
0 0.198046875 0.9083333333333333 0.03359375 0.0375
0 0.4744791666666666 0.9180555555555556 0.027083333333333303 0.03333333333333333
0 0.6359375 0.7854166666666667 0.04499999999999993 0.05416666666666667
0 0.66484375 0.6768245341614907 0.0296875 0.0375
0 0.74765625 0.6504464285714285 0.0265625 0.03958333333333333
0 0.7310075431034483 0.465948275862069 0.0265625 0.0375
0 0.80078125 0.4739583333333333 0.0390625 0.052083333333333336
0 0.845413306451613 0.3568548387096774 0.028125 0.0375
0 0.852358630952381 0.48121031746031745 0.0296875 0.03333333333333333
0 0.8615547839506172 0.4212705761316872 0.0359375 0.05416666666666667
0 0.6180352393617021 0.09441489361702128 0.0265625 0.03333333333333333
0 0.808984375 0.21302083333333333 0.02421875 0.034375
0 0.9091090425531915 0.8673758865248227 0.0328125 0.04583333333333333
0 0.9919157608695652 0.9843297101449276 0.016168478260869534 0.03134057971014492
0 0.985546875 0.7744791666666667 0.0234375 0.041666666666666664
0 0.8216813016528925 0.7320334022038568 0.028125 0.027083333333333334
0 0.8081676136363637 0.6868371212121213 0.031107954545454498 0.04375
0 0.8766441231343285 0.551865671641791 0.0265625 0.0375
0 0.7055606617647059 0.8457107843137255 0.03125 0.04791666666666667
0 0.18058035714285714 0.5635416666666667 0.028125 0.03958333333333333
0 0.636328125 0.6559027777777777 0.0421875 0.058333333333333334
0 0.5513338414634147 0.465625 0.034375 0.052083333333333336
0 0.3192822802197802 0.20897435897435898 0.028125 0.041666666666666664
0 0.7434375 0.14729166666666668 0.01875 0.027083333333333334
0 0.025923295454545452 0.4398674242424242 0.0453125 0.06003787878787878
0 0.35262784090909094 0.19962121212121212 0.0296875 0.0375
0 0.54375 0.37916666666666665 0.028125 0.041666666666666664
0 0.47109375 0.715625 0.0328125 0.06041666666666667
0 0.5358401142659279 0.4395833333333333 0.0375 0.05416666666666667
2 0.4765625 0.8625 0.021875 0.03333333333333333
