0 0.07621527777777777 0.22916666666666666 0.03159722222222222 0.05416666666666667
0 0.058005136986301366 0.38593036529680363 0.028124999999999994 0.03333333333333333
0 0.4197265625 0.246875 0.037109375 0.05625
0 0.5723958333333333 0.22083333333333333 0.040625 0.05
0 0.771484375 0.3020833333333333 0.0359375 0.04375
0 0.9384232954545455 0.11240530303030302 0.0328125 0.04791666666666667
0 0.66328125 0.32395833333333335 0.0296875 0.03958333333333333
0 0.6583854166666667 0.4045833333333333 0.0203125 0.02944444444444449
0 0.5698820153061225 0.44953231292517004 0.028125 0.04375
0 0.28203125 0.008333333333333333 0.0265625 0.016666666666666666
0 0.081640625 0.9234375 0.0265625 0.035416666666666666
0 0.2015625 0.407125946969697 0.034375 0.040482954545454496
0 0.34609375 0.8635416666666667 0.04375 0.05625
0 0.3390625 0.6319444444444444 0.025 0.03125
0 0.478125 0.9707107843137255 0.046875 0.05563725490196087
0 0.546875 0.6 0.025 0.03333333333333333
0 0.66484375 0.6747196342305039 0.0296875 0.0375
0 0.7470950704225352 0.6523767605633802 0.0265625 0.03958333333333333
0 0.7207432827102804 0.4890089563862928 0.0296875 0.04375
0 0.68466796875 0.8679036458333333 0.0359375 0.05611979166666667
0 0.8375 0.3758736559139785 0.028125 0.0375
0 0.85390625 0.4801482371794872 0.0296875 0.031370192307692335
0 0.8591833726415095 0.42629716981132076 0.0359375 0.05416666666666667
0 0.61171875 0.09745560109289618 0.0265625 0.03333333333333333
0 0.8346354166666666 0.3243055555555555 0.0265625 0.03333333333333333
0 0.90078125 0.8890086206896551 0.0328125 0.04583333333333333
0 0.9801838743093922 0.7844728360957642 0.0234375 0.041666666666666664
0 0.8203125 0.7298565303430079 0.028125 0.027083333333333334
0 0.86484375 0.5644489247311828 0.0265625 0.0375
0 0.694140625 0.8543898809523809 0.03125 0.04791666666666667
0 0.1683411214953271 0.565625 0.028125 0.03958333333333333
0 0.6797991071428571 0.11666666666666667 0.0421875 0.058333333333333334
0 0.5478125 0.4635416666666667 0.034375 0.052083333333333336
0 0.3109598214285714 0.22922619047619047 0.028125 0.041666666666666664
0 0.18984375 0.4373263888888889 0.0453125 0.052430555555555536
0 0.7569791666666666 0.6719444444444445 0.01875 0.025
0 0.09441964285714285 0.2933035714285714 0.021875 0.03125
0 0.95234375 0.915625 0.0328125 0.04375
0 0.7197010869565218 0.17395833333333333 0.01875 0.027083333333333334
0 0.02279922385620915 0.465427559912854 0.04389297385620915 0.06041666666666667
0 0.3416239754098361 0.22117486338797812 0.0296875 0.0375
0 0.54375 0.37916666666666665 0.028125 0.041666666666666664
0 0.47109375 0.715625 0.0328125 0.06041666666666667
0 0.5350480436288089 0.4395833333333333 0.0375 0.05416666666666667
2 0.4765625 0.8625 0.021875 0.03333333333333333
