0 0.03597790948275862 0.26016522988505747 0.034375 0.05625
0 0.05625 0.38991666666666663 0.028125 0.03333333333333333
0 0.526123046875 0.04381510416666667 0.040625 0.05625
0 0.54765625 0.26155092592592594 0.0421875 0.05625
0 0.9054183467741936 0.10870295698924731 0.0328125 0.04791666666666667
0 0.66015625 0.3329119850187266 0.0265625 0.03333333333333333
0 0.6285665760869565 0.4577898550724637 0.0375 0.04375
0 0.5442513992537313 0.45680970149253736 0.0359375 0.041666666666666664
0 0.1959743923611111 0.403125 0.0359375 0.04375
0 0.30450721153846155 0.8925480769230769 0.0453125 0.06041666666666667
0 0.22734375 0.12118055555555557 0.0234375 0.027083333333333348
0 0.6601968344155844 0.6708513708513709 0.0296875 0.0375
0 0.7451100985607009 0.6497301314142678 0.0265625 0.03958333333333333
0 0.6782877604166667 0.542165798611111 0.0390625 0.04791666666666661
0 0.7953125 0.40729166666666666 0.03125 0.03333333333333333
0 0.85390625 0.4788949275362319 0.0296875 0.03278985507246374
0 0.841883389261745 0.4487276286353467 0.040625 0.05416666666666667
0 0.6080078125 0.07291666666666667 0.0265625 0.025
0 0.848828125 0.6591145833333333 0.034375 0.0421875
0 0.8685599662162161 0.961768018018018 0.0328125 0.04583333333333333
0 0.9596354166666666 0.8118055555555556 0.0234375 0.041666666666666664
0 0.8203125 0.7260416666666667 0.028125 0.027083333333333334
0 0.835967548076923 0.5791666666666667 0.0265625 0.0375
0 0.682258064516129 0.8569556451612903 0.03125 0.04791666666666667
0 0.1389945652173913 0.5668931159420291 0.028125 0.03958333333333333
0 0.5440893169877408 0.4635416666666667 0.034375 0.052083333333333336
0 0.285400390625 0.27005208333333336 0.0359375 0.05625
0 0.76953125 0.4161458333333333 0.021875 0.027083333333333334
0 0.47765625 0.17416666666666666 0.03531250000000004 0.04666666666666665
0 0.3286830357142857 0.6492559523809525 0.0421875 0.052083333333333336
0 0.8715624999999999 0.9364583333333333 0.025 0.035416666666666666
0 0.47330729166666663 0.6847222222222222 0.04105902777777777 0.06041666666666667
0 0.7998046875 0.746875 0.028125 0.03958333333333333
0 0.98359375 0.30833333333333335 0.0328125 0.05
0 0.9868750000000001 0.19020833333333334 0.021875 0.04375
0 0.30390625 0.9847222222222222 0.0484375 0.030555555555555596
0 0.007632211538461539 0.01578525641025641 0.015264423076923078 0.03157051282051282
0 0.6966145833333333 0.21805555555555556 0.01875 0.027083333333333334
0 0.014503403465346534 0.5017223597359736 0.029006806930693067 0.05905528052805279
0 0.3121514423076923 0.26628205128205124 0.0265625 0.033333333333333305
0 0.54375 0.37916666666666665 0.028125 0.041666666666666664
0 0.47109375 0.715625 0.0328125 0.06041666666666667
0 0.5328828341412742 0.4395833333333333 0.0375 0.05416666666666667
2 0.4765625 0.8625 0.021875 0.03333333333333333
