0 0.0429004854368932 0.2527811488673139 0.034374999999999996 0.05625
0 0.05625 0.3896688432835821 0.028125 0.03333333333333333
0 0.51875 0.057291666666666664 0.040625 0.052272727272727276
0 0.5539402173913043 0.2416213768115942 0.04144021739130439 0.06041666666666667
0 0.9097854872881357 0.10729166666666666 0.0328125 0.04791666666666667
0 0.66015625 0.33055555555555555 0.0265625 0.03333333333333333
0 0.6571022727272727 0.44166666666666665 0.021875 0.03333333333333333
0 0.5499155405405405 0.4505067567567568 0.0359375 0.041666666666666664
0 0.19724921218487396 0.403125 0.0359375 0.04375
0 0.30390625 0.8916666666666667 0.0453125 0.0625
0 0.7994791666666666 0.043402777777777776 0.02812499999999991 0.029861111111111113
0 0.3091796875 0.13463541666666667 0.026171875 0.03958333333333333
0 0.6612012987012987 0.6712977994227994 0.0296875 0.0375
0 0.7449164971839799 0.6494719962453066 0.0265625 0.03958333333333333
0 0.6972905585106383 0.5381427304964539 0.0390625 0.047916666666666725
0 0.7971807065217391 0.39710144927536234 0.038111413043478315 0.040760869565217385
0 0.8536951013513512 0.4783783783783784 0.028505067567567544 0.031756756756756786
0 0.8440571581196581 0.44542378917378916 0.040625 0.05416666666666667
0 0.6110227272727273 0.07291666666666667 0.0265625 0.025
0 0.8435369318181817 0.6198863636363636 0.03338068181818184 0.04090909090909089
0 0.8803453947368421 0.9480811403508772 0.0328125 0.04583333333333333
0 0.9679008152173912 0.8011171497584542 0.0234375 0.041666666666666664
0 0.8203125 0.7260416666666667 0.028125 0.027083333333333334
0 0.8411551339285713 0.5708333333333333 0.0265625 0.0375
0 0.6899126838235294 0.8552083333333333 0.03125 0.04791666666666667
0 0.14385127314814813 0.565625 0.028125 0.03958333333333333
0 0.544631129597198 0.4635416666666667 0.034375 0.052083333333333336
0 0.2942085597826087 0.25629528985507244 0.0359375 0.05625
0 0.68671875 0.440625 0.0234375 0.027083333333333334
0 0.53798828125 0.2589192708333333 0.02421875 0.03997395833333333
0 0.45859375 0.684375 0.0390625 0.052083333333333336
0 0.91890625 0.8333333333333334 0.025 0.04375
0 0.387109375 0.6888020833333334 0.046875 0.05711805555555548
0 0.7886160714285714 0.5885416666666666 0.03124999999999991 0.03958333333333333
0 0.8671875 0.2138888888888889 0.044791666666666785 0.058333333333333334
0 0.9935735887096774 0.1794018817204301 0.012852822580645195 0.042137096774193535
0 0.7066761363636364 0.20558712121212122 0.01875 0.027083333333333334
0 0.01605902777777778 0.4961805555555555 0.03211805555555556 0.06041666666666667
0 0.3196530032467532 0.25817099567099566 0.0265625 0.031168831168831148
0 0.54375 0.37916666666666665 0.028125 0.041666666666666664
0 0.47109375 0.715625 0.0328125 0.06041666666666667
0 0.5332042070637119 0.4395833333333333 0.0375 0.05416666666666667
2 0.4765625 0.8625 0.021875 0.03333333333333333
