0 0.015141369047619046 0.290625 0.030282738095238092 0.05625
0 0.05625 0.3913712121212121 0.028125 0.03333333333333333
0 0.5299240252293578 0.2769782110091743 0.0421875 0.05625
0 0.8887414383561645 0.1125 0.028125 0.04332191780821919
0 0.6591325431034483 0.34375 0.0265625 0.03333333333333333
0 0.5878720238095239 0.4145337301587302 0.0375 0.04375
0 0.5420125932835821 0.4612873134328358 0.0359375 0.041666666666666664
0 0.19307598039215684 0.40729166666666666 0.0359375 0.04375
0 0.36026785714285714 0.9823660714285715 0.0390625 0.03526785714285718
0 0.00546875 0.07395833333333333 0.0109375 0.042708333333333334
0 0.65859375 0.666858878968254 0.0296875 0.0375
0 0.7458610372340425 0.6507313829787233 0.0265625 0.03958333333333333
0 0.607421875 0.4873046875 0.0390625 0.047265625
0 0.778125 0.43803661616161615 0.03125 0.03333333333333333
0 0.85546875 0.48063063063063066 0.0296875 0.03333333333333333
0 0.8264508928571429 0.4667410714285714 0.040625 0.05416666666666667
0 0.6010711984536082 0.07480670103092783 0.0265625 0.02499999999999999
0 0.84765625 0.80625 0.0234375 0.029166666666666667
0 0.8462094907407407 0.9901748971193416 0.0328125 0.019650205761316878
0 0.939368206521739 0.8426177536231884 0.0234375 0.041666666666666664
0 0.8203125 0.7260416666666667 0.028125 0.027083333333333334
0 0.8152113970588235 0.5931372549019608 0.0265625 0.0375
0 0.6548828125 0.8598958333333333 0.0375 0.05416666666666667
0 0.10926513671875 0.578125 0.028125 0.03958333333333333
0 0.54375 0.4635416666666667 0.034375 0.052083333333333336
0 0.2614527925531915 0.30226063829787236 0.0359375 0.05625
0 0.8265625 0.9083333333333333 0.04375 0.05416666666666667
0 0.9635869565217391 0.21354166666666666 0.025 0.04375
0 0.38984375 0.625 0.0453125 0.0625
0 0.17209821428571428 0.7273809523809525 0.04375 0.058333333333333334
0 0.6015625 0.84875 0.0359375 0.04499999999999993
0 0.8494025735294117 0.4681985294117647 0.0484375 0.06666666666666667
0 0.2504340277777778 0.49259259259259264 0.0453125 0.058333333333333334
0 0.3232077205882353 0.2707720588235294 0.048069852941176494 0.04791666666666667
0 0.63681640625 0.11432291666666666 0.034375 0.04583333333333333
0 0.38156249999999997 0.09354166666666668 0.02749999999999999 0.04291666666666667
0 0.9847098214285713 0.10684523809523809 0.0265625 0.04761904761904763
0 0.6667500000000001 0.2537083333333333 0.01875 0.027083333333333334
0 0.0078125 0.509640522875817 0.015625 0.04321895424836602
0 0.27838541666666666 0.2923611111111111 0.0265625 0.03333333333333333
0 0.54375 0.37916666666666665 0.028125 0.041666666666666664
0 0.47109375 0.715625 0.0328125 0.06041666666666667
0 0.5316362967451523 0.4395833333333333 0.0375 0.05416666666666667
2 0.4765625 0.8625 0.021875 0.03333333333333333
0 0.721875 0.9731770833333333 0.04453125 0.05364583333333333
0 0.05546875 0.0875 0.0421875 0.058333333333333334
