0 0.03089622641509434 0.26558569182389935 0.034375 0.05625
0 0.05625 0.3901931818181818 0.028125 0.03333333333333333
0 0.5294270833333333 0.028125 0.040625 0.05625
0 0.54765625 0.2717013888888889 0.0421875 0.056249999999999974
0 0.9031850961538461 0.10985576923076922 0.0328125 0.04791666666666665
0 0.66015625 0.3358242753623188 0.0265625 0.03333333333333333
0 0.6216765873015873 0.45930886243386243 0.0375 0.04375
0 0.5438257929104477 0.4576609141791045 0.0359375 0.041666666666666664
0 0.19518229166666665 0.403125 0.035937499999999976 0.04375
0 0.31796875 0.8896446078431371 0.0453125 0.06041666666666667
0 0.20490056818181818 0.04337121212121212 0.04559659090909089 0.052272727272727276
0 0.65871875 0.6689166666666666 0.0296875 0.0375
0 0.7452528551314143 0.6499204735085524 0.0265625 0.03958333333333333
0 0.6653551136363636 0.5372537878787879 0.0390625 0.04791666666666667
0 0.7921875 0.41458333333333336 0.03125 0.03333333333333333
0 0.85390625 0.4783101851851852 0.0296875 0.03162037037037037
0 0.8411178691275168 0.45076901565995525 0.040625 0.05416666666666667
0 0.6069834183673469 0.07291666666666667 0.0265625 0.025
0 0.840625 0.6879464285714285 0.034375 0.044345238095238076
0 0.8622242647058824 0.9674019607843137 0.0328125 0.04583333333333333
0 0.9565848214285714 0.8195436507936509 0.0234375 0.041666666666666664
0 0.8203125 0.7260416666666667 0.028125 0.027083333333333334
0 0.8292534722222221 0.5807098765432099 0.0265625 0.0375
0 0.677797619047619 0.8584424603174603 0.03125 0.04791666666666667
0 0.13548018292682926 0.5679115853658537 0.028125 0.03958333333333333
0 0.54375 0.4635416666666667 0.034375 0.052083333333333336
0 0.28272705078125 0.2748046875 0.0359375 0.05625
0 0.84423828125 0.44479166666666664 0.0224609375 0.027083333333333334
0 0.44265625000000003 0.1275 0.038437500000000034 0.05166666666666666
0 0.23169642857142855 0.6535714285714286 0.046875 0.05416666666666667
0 0.815625 0.9947916666666666 0.01875 0.010416666666666666
0 0.5473958333333333 0.709375 0.046875 0.05625
0 0.8480034722222222 0.8621527777777779 0.02795138888888875 0.03726851851851845
0 0.9830502717391305 0.1938858695652174 0.025 0.04375
0 0.3438616071428572 0.9456845238095238 0.0484375 0.06041666666666667
0 0.06218749999999999 0.043958333333333335 0.04531249999999999 0.051666666666666666
0 0.5410714285714285 0.026041666666666668 0.036160714285714234 0.04553571428571428
0 0.69103125 0.22429166666666667 0.01875 0.027083333333333334
0 0.013374071782178218 0.5039810231023103 0.026748143564356435 0.05453795379537952
0 0.30703125 0.27291666666666664 0.0265625 0.03333333333333333
0 0.54375 0.37916666666666665 0.028125 0.041666666666666664
0 0.47109375 0.715625 0.0328125 0.06041666666666667
0 0.5326458621883656 0.4395833333333333 0.0375 0.05416666666666667
2 0.4765625 0.8625 0.021875 0.03333333333333333
