0 0.044645024271844656 0.2509203074433657 0.034375 0.05625
0 0.05625 0.3898476368159204 0.028125 0.03333333333333333
0 0.5086397058823529 0.06066176470588235 0.040625 0.05612745098039215
0 0.5555027173913043 0.23953804347826088 0.04300271739130439 0.06041666666666667
0 0.9116128177966102 0.10729166666666666 0.0328125 0.04791666666666667
0 0.66015625 0.329985119047619 0.0265625 0.03333333333333333
0 0.658 0.44075000000000003 0.021875 0.03333333333333333
0 0.55234375 0.4479166666666667 0.0359375 0.041666666666666664
0 0.19755120798319328 0.403125 0.0359375 0.04375
0 0.301875 0.894375 0.0453125 0.06124999999999995
0 0.77421875 0.07395833333333333 0.0265625 0.035416666666666666
0 0.29361979166666663 0.17057291666666666 0.02421875 0.033854166666666664
0 0.661434659090909 0.6714015151515151 0.0296875 0.0375
0 0.744871519086358 0.6494120254484772 0.0265625 0.03958333333333333
0 0.7027264030612245 0.5359481292517007 0.0390625 0.04791666666666667
0 0.7983593750000001 0.39520833333333333 0.03906250000000009 0.04583333333333333
0 0.8544235641891891 0.47870213963963965 0.028990709459459474 0.032404279279279295
0 0.8446714743589743 0.44460470085470083 0.040625 0.05416666666666667
0 0.612002840909091 0.07291666666666667 0.0265625 0.025
0 0.84912109375 0.591796875 0.0240234375 0.03203125
0 0.8830729166666667 0.945138888888889 0.0328125 0.04583333333333333
0 0.9710258152173912 0.797644927536232 0.0234375 0.041666666666666664
0 0.8203125 0.7260416666666667 0.028125 0.027083333333333334
0 0.83984375 0.5735863095238095 0.0265625 0.0375
0 0.6925551470588236 0.8552083333333333 0.03125 0.04791666666666667
0 0.14618055555555556 0.565625 0.028125 0.03958333333333333
0 0.5447570052539404 0.4635416666666667 0.034375 0.052083333333333336
0 0.2969429347826087 0.2521286231884058 0.0359375 0.05625
0 0.6705729166666666 0.4336805555555555 0.018229166666666696 0.027083333333333334
0 0.55078125 0.27770833333333333 0.03656249999999996 0.04875000000000001
0 0.48939732142857145 0.7107142857142856 0.0390625 0.05952380952380961
0 0.9203125 0.8104166666666667 0.025 0.04583333333333333
0 0.37286184210526313 0.694078947368421 0.046710526315789466 0.05592105263157888
0 0.8029017857142857 0.5757440476190477 0.03125000000000009 0.04732142857142859
0 0.8588281249999999 0.16302083333333334 0.03984375 0.06145833333333333
0 0.994607469512195 0.178125 0.010785060975609717 0.03958333333333333
0 0.7074928977272728 0.20232007575757574 0.01875 0.027083333333333334
0 0.016429455445544555 0.4947607260726073 0.03285891089108911 0.060478547854785465
0 0.3215198863636364 0.2556818181818182 0.0265625 0.029924242424242416
0 0.54375 0.37916666666666665 0.028125 0.041666666666666664
0 0.47109375 0.715625 0.0328125 0.06041666666666667
0 0.5332788694598338 0.4395833333333333 0.0375 0.05416666666666667
2 0.4765625 0.8625 0.021875 0.03333333333333333
