0 0.08155381944444444 0.22154706790123457 0.03125 0.05416666666666667
0 0.061591198979591845 0.37645975056689346 0.02728528911564626 0.03109410430839
0 0.41127232142857145 0.2693452380952381 0.034375 0.056249999999999974
0 0.86171875 0.22291666666666668 0.0421875 0.04583333333333333
0 0.5734375 0.21953125 0.040625 0.0484375
0 0.7140625 0.24479166666666666 0.025 0.03125
0 0.971484375 0.034375 0.03046875 0.03333333333333333
0 0.9383234797297296 0.10740427927927929 0.0328125 0.04791666666666667
0 0.66328125 0.32395833333333335 0.0296875 0.03958333333333333
0 0.6614130434782609 0.39180253623188405 0.020923913043478227 0.03125
0 0.5718424479166667 0.4469184027777778 0.028125 0.04375
0 0.2265625 0.14479166666666668 0.03883928571428567 0.04970238095238096
0 0.1640625 0.7552083333333334 0.0296875 0.0375
0 0.2015625 0.4102710573476703 0.034375 0.03958333333333333
0 0.332411858974359 0.8605502136752137 0.04375 0.05625
0 0.288671875 0.7421875 0.0328125 0.046875
0 0.4682291666666666 0.9545138888888889 0.039583333333333304 0.052083333333333336
0 0.61318359375 0.6821614583333333 0.0322265625 0.04453125
0 0.66484375 0.6755564182194617 0.0296875 0.0375
0 0.7476287411971831 0.6530883215962441 0.0265625 0.03958333333333333
0 0.7241714015151516 0.4780618686868687 0.0265625 0.04375
0 0.73046875 0.7127403846153847 0.0359375 0.04310897435897433
0 0.8395982142857144 0.37083333333333335 0.028125 0.0375
0 0.85390625 0.4780677655677656 0.0296875 0.03333333333333333
0 0.8601365959119496 0.4250262054507338 0.0359375 0.05416666666666667
0 0.6117922794117647 0.09583333333333334 0.0265625 0.03333333333333333
0 0.8200520833333333 0.2890625 0.025 0.03298611111111107
0 0.899278085443038 0.8794831223628692 0.0328125 0.04583333333333333
0 0.98515625 0.994717261904762 0.0171875 0.010565476190476156
0 0.981412146226415 0.7820754716981132 0.0234375 0.041666666666666664
0 0.8207321797520661 0.7307679063360882 0.028125 0.027083333333333334
0 0.80234375 0.9895833333333334 0.0328125 0.020833333333333332
0 0.8680606617647058 0.5593137254901961 0.0265625 0.0375
0 0.6967133620689655 0.8487907088122605 0.03125 0.04791666666666667
0 0.17284414556962024 0.5638053797468354 0.028125 0.03958333333333333
0 0.7020903716216216 0.329786036036036 0.0421875 0.058333333333333334
0 0.5502134146341463 0.465625 0.034375 0.052083333333333336
0 0.3149290966386554 0.2232668067226891 0.028125 0.041666666666666664
0 0.097265625 0.5078125 0.02421875 0.034375
0 0.8121875 0.7802083333333333 0.01875 0.022916666666666665
0 0.05364583333333334 0.146875 0.021875000000000006 0.02893518518518518
0 0.9828125 0.025 0.021875 0.03333333333333333
0 0.7279605263157894 0.16573464912280703 0.01875 0.027083333333333334
0 0.02378982843137255 0.4568423202614379 0.04488357843137255 0.06041666666666667
0 0.34286629098360655 0.2112363387978142 0.0296875 0.0375
0 0.54375 0.37916666666666665 0.028125 0.041666666666666664
0 0.47109375 0.715625 0.0328125 0.06041666666666667
0 0.535362924168975 0.4395833333333333 0.0375 0.05416666666666667
2 0.4765625 0.8625 0.021875 0.03333333333333333
