0 0.0840793918918919 0.21875 0.03125 0.05416666666666667
0 0.06345663265306123 0.3720379818594104 0.026870748299319736 0.029988662131519263
0 0.415625 0.28854166666666664 0.034375 0.05625
0 0.8026633522727273 0.19128787878787878 0.044105113636363755 0.04791666666666667
0 0.5745569029850747 0.21763059701492538 0.040625 0.0492537313432836
0 0.6964062500000001 0.208125 0.03156249999999998 0.03375000000000001
0 0.9581770833333334 0.02888888888888889 0.0234375 0.02888888888888889
0 0.9397636217948717 0.10630341880341881 0.0328125 0.04791666666666667
0 0.66328125 0.32395833333333335 0.0296875 0.03958333333333333
0 0.6625390624999999 0.3874479166666667 0.020859374999999947 0.031979166666666656
0 0.5729227941176471 0.4440808823529412 0.028125 0.04375
0 0.2015625 0.20729166666666668 0.04375 0.06041666666666667
0 0.16171875 0.6708333333333333 0.0265625 0.0375
0 0.2015625 0.41114471326164875 0.034375 0.03958333333333333
0 0.3286184210526316 0.8530701754385964 0.04375 0.05625
0 0.2978125 0.7766666666666667 0.0375 0.0375
0 0.4703125 0.9495949074074074 0.0375 0.050810185185185236
0 0.6515625 0.7020833333333333 0.040625 0.05416666666666667
0 0.66484375 0.6758928571428572 0.0296875 0.0375
0 0.74765625 0.653125 0.0265625 0.03958333333333333
0 0.7233092350746269 0.47549751243781097 0.0265625 0.04309701492537314
0 0.7564630681818182 0.6515151515151516 0.0359375 0.043181818181818106
0 0.8439040492957746 0.3658450704225352 0.028125 0.0375
0 0.85390625 0.47717490842490845 0.0296875 0.03333333333333333
0 0.8605131172839506 0.42404835390946505 0.0359375 0.05416666666666667
0 0.6132261029411764 0.09583333333333334 0.0265625 0.03333333333333333
0 0.8197916666666666 0.26493055555555556 0.025 0.03124999999999997
0 0.902387764084507 0.8781103286384976 0.0328125 0.04583333333333333
0 0.9868526785714286 0.9915773809523809 0.0171875 0.0168452380952381
0 0.9819870283018869 0.7813089622641509 0.0234375 0.041666666666666664
0 0.8209839876033058 0.7311036501377411 0.028125 0.027083333333333334
0 0.79234375 0.926875 0.0328125 0.04375
0 0.8703125 0.5583333333333333 0.0265625 0.0375
0 0.6999831989247312 0.846875 0.03125 0.04791666666666667
0 0.17416834677419354 0.5635416666666667 0.028125 0.03958333333333333
0 0.71328125 0.42083333333333334 0.0421875 0.058333333333333334
0 0.5505106707317073 0.465625 0.034375 0.052083333333333336
0 0.315953256302521 0.221218487394958 0.028125 0.041666666666666664
0 0.08619791666666668 0.55625 0.039062500000000014 0.04861111111111113
0 0.8596354166666667 0.8065972222222223 0.0203125 0.025
0 0.931640625 0.9645833333333333 0.02734375 0.035416666666666666
0 0.040625 0.0875 0.021875 0.025
0 0.7330645161290323 0.1619287634408602 0.01875 0.027083333333333334
0 0.02418811274509804 0.453390522875817 0.04528186274509803 0.06041666666666667
0 0.34484981796116504 0.20853559870550162 0.0296875 0.0375
0 0.54375 0.37916666666666665 0.028125 0.041666666666666664
0 0.47109375 0.715625 0.0328125 0.06041666666666667
0 0.5354895256232687 0.4395833333333333 0.0375 0.05416666666666667
2 0.4765625 0.8625 0.021875 0.03333333333333333
