0 0.011949573863636364 0.2983428030303031 0.023899147727272727 0.05625
0 0.05625 0.39166666666666666 0.028125 0.03333333333333333
0 0.5231064618644068 0.2795374293785311 0.0421875 0.05625
0 0.8870442708333334 0.11176215277777778 0.028125 0.041666666666666664
0 0.66015625 0.34375 0.0265625 0.03333333333333333
0 0.5841032608695652 0.39615036231884054 0.0375 0.04375
0 0.5414295708955223 0.4624533582089552 0.0359375 0.041666666666666664
0 0.19453125 0.40729166666666666 0.0359375 0.04375
0 0.6598188920454546 0.6683001893939394 0.0296875 0.0375
0 0.7460565941802253 0.6509921255736337 0.0265625 0.03958333333333333
0 0.5908203125 0.45989583333333334 0.034765625 0.04027777777777774
0 0.7758482142857143 0.4395833333333333 0.03125 0.03333333333333333
0 0.85546875 0.48125 0.0296875 0.03333333333333333
0 0.8212259615384616 0.47464743589743585 0.040625 0.05416666666666667
0 0.60078125 0.075 0.0265625 0.025
0 0.8267578125 0.8791666666666667 0.025390625 0.035416666666666666
0 0.9358803353658537 0.8490345528455285 0.0234375 0.041666666666666664
0 0.8203125 0.7260416666666667 0.028125 0.027083333333333334
0 0.81171875 0.6171296296296297 0.0265625 0.0375
0 0.653125 0.8583333333333333 0.0375 0.05416666666666667
0 0.10804443359375 0.578125 0.028125 0.03958333333333333
0 0.54375 0.4635416666666667 0.034375 0.052083333333333336
0 0.25859375 0.31354166666666666 0.0359375 0.05625
0 0.91640625 0.9875 0.0421875 0.025
0 0.9640625 0.2193287037037037 0.025 0.04375
0 0.3953125 0.45 0.046875 0.0625
0 0.06828125 0.718125 0.03781249999999999 0.04708333333333338
0 0.6762276785714285 0.7882440476190476 0.0359375 0.04017857142857141
0 0.9166015625 0.26484375 0.048046875 0.06822916666666666
0 0.3380208333333333 0.3211805555555555 0.0453125 0.06041666666666667
0 0.40426136363636367 0.35833333333333334 0.043750000000000046 0.04791666666666667
0 0.672265625 0.153125 0.0421875 0.051041666666666666
0 0.30859375 0.16588541666666667 0.02734375 0.0328125
0 0.9565104166666668 0.2347222222222222 0.027604166666666607 0.03472222222222223
0 0.6600260416666667 0.2647569444444445 0.01875 0.027083333333333362
0 0.0078125 0.5123421717171718 0.015625 0.03958333333333333
0 0.27578125 0.29583333333333334 0.0265625 0.03333333333333333
0 0.54375 0.37916666666666665 0.028125 0.041666666666666664
0 0.47109375 0.715625 0.0328125 0.06041666666666667
0 0.5313116776315789 0.4395833333333333 0.0375 0.05416666666666667
2 0.4765625 0.8625 0.021875 0.03333333333333333
0 0.78046875 0.8260416666666667 0.0401041666666667 0.05486111111111119
0 0.165625 0.14166666666666666 0.034375 0.041666666666666664
