0 0.03570851293103448 0.26045258620689654 0.034375 0.05625
0 0.05625 0.38993181818181816 0.028125 0.03333333333333333
0 0.525537109375 0.04251302083333333 0.040625 0.05625
0 0.54765625 0.2619212962962963 0.0421875 0.05625
0 0.9052671370967742 0.10877016129032259 0.0328125 0.04791666666666667
0 0.66015625 0.3330056179775281 0.0265625 0.03333333333333333
0 0.6281589673913044 0.4579710144927536 0.0375 0.04375
0 0.544228078358209 0.4568563432835821 0.0359375 0.041666666666666664
0 0.19593098958333335 0.403125 0.035937500000000025 0.04375
0 0.3069110576923077 0.8919070512820514 0.0453125 0.06041666666666667
0 0.22421875 0.11608796296296296 0.025520833333333305 0.029861111111111102
0 0.66015625 0.6708333333333333 0.0296875 0.0375
0 0.7451179208385482 0.6497405611180642 0.0265625 0.03958333333333333
0 0.67763671875 0.5422526041666667 0.0390625 0.04791666666666667
0 0.7953125 0.4075520833333333 0.03125 0.03333333333333333
0 0.85390625 0.47853260869565223 0.0296875 0.032065217391304364
0 0.8418414429530202 0.448839485458613 0.040625 0.05416666666666667
0 0.6079520089285715 0.07291666666666667 0.0265625 0.025
0 0.8488839285714287 0.659672619047619 0.034375 0.04255952380952373
0 0.868137668918919 0.9619932432432433 0.0328125 0.04583333333333333
0 0.9594751602564102 0.812232905982906 0.0234375 0.041666666666666664
0 0.8203125 0.7260416666666667 0.028125 0.027083333333333334
0 0.8358473557692309 0.5791666666666667 0.0265625 0.0375
0 0.681989247311828 0.8570452508960573 0.03125 0.04791666666666667
0 0.1388004658385093 0.5669448757763974 0.028125 0.03958333333333333
0 0.5440674255691769 0.4635416666666667 0.034375 0.052083333333333336
0 0.28525390625 0.2703125 0.0359375 0.05625
0 0.77578125 0.40729166666666666 0.021875 0.027083333333333334
0 0.4859375 0.16197916666666667 0.03203125 0.041666666666666664
0 0.32421875 0.6635416666666667 0.0421875 0.052083333333333336
0 0.8665625 0.9389583333333333 0.025 0.035416666666666666
0 0.4759114583333333 0.6777777777777777 0.040711805555555536 0.06041666666666667
0 0.7979910714285714 0.7566964285714286 0.02812499999999991 0.03958333333333333
0 0.984375 0.315625 0.03125 0.052083333333333336
0 0.98671875 0.190625 0.021875 0.04375
0 0.310546875 0.9848958333333333 0.04921875 0.030208333333333334
0 0.00859375 0.017708333333333333 0.0171875 0.035416666666666666
0 0.6963541666666667 0.21840277777777778 0.01875 0.027083333333333334
0 0.014441522277227722 0.5018461221122112 0.028883044554455443 0.058807755775577536
0 0.31186298076923075 0.2665384615384615 0.0265625 0.033333333333333305
0 0.54375 0.37916666666666665 0.028125 0.041666666666666664
0 0.47109375 0.715625 0.0328125 0.06041666666666667
0 0.5328698493767313 0.4395833333333333 0.0375 0.05416666666666667
2 0.4765625 0.8625 0.021875 0.03333333333333333
