0 0.019229068396226415 0.2872838050314465 0.03344634433962264 0.05625
0 0.05625 0.39099242424242425 0.028125 0.03333333333333333
0 0.5381610576923077 0.2760416666666667 0.0421875 0.05625
0 0.8942476114649682 0.1121284501061571 0.029796974522293063 0.046576433121019105
0 0.65859375 0.3431686046511628 0.0265625 0.03333333333333333
0 0.6021634615384615 0.4390224358974359 0.0375 0.04375
0 0.5425956156716418 0.46012126865671643 0.0359375 0.041666666666666664
0 0.19296875 0.405561755952381 0.0359375 0.04375
0 0.35379849137931035 0.9538074712643678 0.0390625 0.05416666666666667
0 0.0565625 0.020625 0.037500000000000006 0.04125
0 0.65859375 0.6674789186507937 0.0296875 0.0375
0 0.7456654802878598 0.6504706403838132 0.0265625 0.03958333333333333
0 0.6287310163551402 0.5116530373831776 0.0390625 0.04791666666666661
0 0.7809979838709677 0.4308131720430108 0.029939516129032295 0.03245967741935486
0 0.8543817934782609 0.47771739130434787 0.0296875 0.03333333333333333
0 0.8273353494623656 0.4593862007168459 0.040625 0.05416666666666667
0 0.604052734375 0.07291666666666667 0.0265625 0.025
0 0.8384943181818182 0.7761363636363636 0.034375 0.04242424242424245
0 0.8523009417808218 0.9847602739726028 0.0328125 0.030479452054794482
0 0.9453584558823529 0.8351102941176471 0.0234375 0.041666666666666664
0 0.8203125 0.7260416666666667 0.028125 0.027083333333333334
0 0.8208757267441861 0.59375 0.0265625 0.0375
0 0.6641447368421053 0.8613486842105262 0.03519736842105266 0.05186403508771929
0 0.12399240654205608 0.5728095794392523 0.028125 0.03958333333333333
0 0.54375 0.4635416666666667 0.034375 0.052083333333333336
0 0.2711959696261682 0.29502531152647976 0.0359375 0.05625
0 0.3546875 0.013194444444444446 0.035416666666666693 0.026388888888888892
0 0.09401041666666668 0.9520833333333333 0.0484375 0.05625
0 0.7279947916666666 0.8136284722222222 0.042447916666666696 0.04635416666666667
0 0.9714717741935484 0.20903897849462366 0.025 0.04375
0 0.37857142857142856 0.809970238095238 0.0441964285714286 0.05922619047619051
0 0.26015625 0.7661458333333333 0.04375 0.059375
0 0.53515625 0.9260416666666667 0.0359375 0.03958333333333333
0 0.7900841346153846 0.6579326923076922 0.04843750000000009 0.06394230769230766
0 0.1109375 0.565625 0.053125 0.058333333333333334
0 0.23771306818181817 0.18854166666666666 0.0484375 0.048674242424242446
0 0.6116268382352941 0.08841911764705881 0.036121323529411775 0.047916666666666656
0 0.432421875 0.0359375 0.03203125 0.036458333333333336
0 0.553125 0.0125 0.034375 0.025
0 0.6757102272727272 0.2434659090909091 0.01875 0.027083333333333334
0 0.01046875 0.5075 0.0209375 0.044166666666666646
0 0.2856158088235294 0.2861519607843137 0.0265625 0.03333333333333333
0 0.54375 0.37916666666666665 0.028125 0.041666666666666664
0 0.47109375 0.715625 0.0328125 0.06041666666666667
0 0.5319609158587257 0.4395833333333333 0.0375 0.05416666666666667
2 0.4765625 0.8625 0.021875 0.03333333333333333
