0 0.08395270270270269 0.21875 0.03125 0.05416666666666667
0 0.06340880102040816 0.37215136054421766 0.026881377551020408 0.03001700680272113
0 0.4154829545454546 0.28797348484848484 0.034375000000000044 0.056249999999999974
0 0.8042613636363637 0.19251893939393938 0.04431818181818174 0.04791666666666667
0 0.5745102611940298 0.21767723880597015 0.040625 0.04928482587064676
0 0.69859375 0.20979166666666668 0.032187499999999945 0.03458333333333332
0 0.95859375 0.029166666666666667 0.0234375 0.029166666666666667
0 0.9397235576923076 0.1063301282051282 0.0328125 0.04791666666666667
0 0.66328125 0.32395833333333335 0.0296875 0.03958333333333333
0 0.6625 0.3875 0.02083333333333339 0.03194444444444441
0 0.5728952205882353 0.4441544117647059 0.028125 0.04375
0 0.20403645833333334 0.20625 0.043489583333333325 0.0590277777777778
0 0.16614583333333335 0.6739583333333333 0.027083333333333327 0.038194444444444524
0 0.2015625 0.411122311827957 0.034375 0.03958333333333333
0 0.32870065789473685 0.853234649122807 0.04375 0.05625
0 0.29822916666666666 0.77625 0.0375 0.0375
0 0.4703125 0.9496527777777779 0.0375 0.0506944444444444
0 0.6501953125 0.701953125 0.041015625 0.054427083333333334
0 0.66484375 0.6758842305037958 0.0296875 0.0375
0 0.74765625 0.653125 0.0265625 0.03958333333333333
0 0.7232159514925373 0.4755752487562189 0.0265625 0.043190298507462664
0 0.755184659090909 0.6528409090909091 0.0359375 0.04242424242424245
0 0.8438820422535211 0.365962441314554 0.028125 0.0375
0 0.85390625 0.47719780219780217 0.0296875 0.03333333333333333
0 0.8605034722222221 0.42407407407407405 0.0359375 0.05416666666666667
0 0.6131893382352941 0.09583333333333334 0.0265625 0.03333333333333333
0 0.8208333333333334 0.2621527777777778 0.025 0.03125000000000003
0 0.902299735915493 0.8781396713615024 0.0328125 0.04583333333333333
0 0.9867633928571429 0.9916369047619047 0.0171875 0.01672619047619044
0 0.981972287735849 0.7813286163522013 0.0234375 0.041666666666666664
0 0.8209775309917354 0.7310950413223141 0.028125 0.027083333333333334
0 0.7943749999999999 0.9293750000000001 0.0328125 0.04375
0 0.8702604166666668 0.5583333333333333 0.0265625 0.0375
0 0.699915994623656 0.846875 0.03125 0.04791666666666667
0 0.1741431451612903 0.5635416666666667 0.028125 0.03958333333333333
0 0.71296875 0.41812499999999997 0.0421875 0.058333333333333334
0 0.5505030487804878 0.465625 0.034375 0.052083333333333336
0 0.31592699579831934 0.22127100840336134 0.028125 0.041666666666666664
0 0.0890625 0.5546875 0.0390625 0.04895833333333333
0 0.85859375 0.8041666666666667 0.0203125 0.025
0 0.9309895833333333 0.965625 0.027604166666666607 0.035416666666666666
0 0.039453125 0.09088541666666666 0.021875 0.025520833333333333
0 0.7329133064516129 0.16206317204301077 0.01875 0.027083333333333334
0 0.024177900326797386 0.45347903050108934 0.045271650326797384 0.06041666666666667
0 0.3447891383495146 0.2085962783171521 0.0296875 0.0375
0 0.54375 0.37916666666666665 0.028125 0.041666666666666664
0 0.47109375 0.715625 0.0328125 0.06041666666666667
0 0.5354862794321329 0.4395833333333333 0.0375 0.05416666666666667
2 0.4765625 0.8625 0.021875 0.03333333333333333
