0 0.05546875 0.23804824561403506 0.034292763157894736 0.05614035087719298
0 0.055032592024539875 0.3934432515337424 0.028124999999999994 0.03333333333333333
0 0.46171875 0.15787037037037036 0.042881944444444466 0.06203703703703705
0 0.5649282094594594 0.22685810810810814 0.045143581081081054 0.05371621621621623
0 0.9615625 0.45895833333333336 0.02937499999999993 0.03291666666666663
0 0.9249399038461539 0.11145833333333334 0.0328125 0.04791666666666667
0 0.6603374094202898 0.32395833333333335 0.0296875 0.03958333333333333
0 0.6578125 0.4337121212121212 0.021875 0.03333333333333333
0 0.558276608910891 0.4610870462046205 0.028125 0.04375
0 0.19805803571428574 0.40348214285714284 0.035937500000000025 0.04375
0 0.3304227941176471 0.9210171568627452 0.04044117647058822 0.053308823529411714
0 0.46484375 0.34270833333333334 0.0359375 0.03958333333333333
0 0.4587239583333334 0.3996527777777778 0.039322916666666693 0.05
0 0.6641335227272728 0.6726010101010101 0.0296875 0.0375
0 0.745291832010582 0.649972442680776 0.0265625 0.03958333333333333
0 0.7190217391304348 0.513179347826087 0.034375 0.04791666666666667
0 0.8095588235294118 0.39895833333333336 0.025 0.035416666666666666
0 0.8526390255905512 0.48046259842519684 0.0296875 0.03333333333333333
0 0.854217617753623 0.4271437198067633 0.03834918478260878 0.05416666666666667
0 0.61171875 0.09228723404255319 0.0265625 0.03333333333333333
0 0.835546875 0.45625 0.0203125 0.03125
0 0.90078125 0.9158132530120482 0.0328125 0.04583333333333333
0 0.9774545656028369 0.7886155437352246 0.0234375 0.041666666666666664
0 0.8203125 0.7267892480211081 0.028125 0.027083333333333334
0 0.8547585227272727 0.5729166666666666 0.0265625 0.0375
0 0.6968256578947368 0.8510416666666667 0.03125 0.04791666666666667
0 0.15873655913978496 0.565625 0.028125 0.03958333333333333
0 0.5462127845884412 0.4635416666666667 0.034375 0.052083333333333336
0 0.3071695243362832 0.24243178466076695 0.03607577433628317 0.05625
0 0.4591517857142858 0.4485119047619047 0.04330357142857144 0.052380952380952375
0 0.7049107142857143 0.20089285714285715 0.01875 0.025
0 0.71265625 0.5704166666666666 0.027812500000000018 0.03583333333333331
0 0.8326171875 0.934375 0.0484375 0.06875
0 0.965625 0.4713541666666667 0.028125 0.035416666666666666
0 0.14348958333333334 0.9005208333333333 0.040625 0.05
0 0.16458333333333333 0.8658564814814814 0.04513888888888888 0.05393518518518512
0 0.021875 0.10604166666666667 0.041874999999999996 0.06041666666666668
0 0.128125 0.939236111111111 0.046875 0.05625
0 0.9828125 0.30375 0.025 0.03499999999999996
0 0.10052083333333332 0.36666666666666664 0.04374999999999999 0.07083333333333333
0 0.715017361111111 0.18101851851851852 0.01875 0.027083333333333334
0 0.02054586038961039 0.4830221861471861 0.04109172077922078 0.06187770562770562
0 0.3366832386363636 0.23546401515151513 0.0296875 0.0375
0 0.54375 0.37916666666666665 0.028125 0.041666666666666664
0 0.47109375 0.715625 0.0328125 0.06041666666666667
0 0.5341423563019391 0.4395833333333333 0.0375 0.05416666666666667
2 0.4765625 0.8625 0.021875 0.03333333333333333
