0 0.063671875 0.23286732456140352 0.03342927631578947 0.05498903508771929
0 0.05865605828220859 0.39022239263803676 0.028125 0.03333333333333333
0 0.4253216911764707 0.20300245098039216 0.04145220588235299 0.06017156862745097
0 0.5678491709183674 0.22401147959183673 0.04226721938775509 0.05197704081632652
0 0.87265625 0.3875 0.03385416666666678 0.03888888888888893
0 0.9305006377551021 0.11145833333333334 0.0328125 0.04791666666666667
0 0.6622395833333333 0.32395833333333335 0.0296875 0.03958333333333333
0 0.658 0.41625 0.021875 0.03333333333333333
0 0.5631497524752476 0.4571885313531353 0.028125 0.04375
0 0.2022767857142857 0.4072321428571428 0.0359375 0.04375
0 0.3425480769230769 0.9111378205128206 0.04663461538461537 0.05625
0 0.37924107142857144 0.5197916666666667 0.0375 0.04077380952380949
0 0.4892857142857142 0.5061011904761905 0.025892857142857207 0.03303571428571429
0 0.66484375 0.6733997584541063 0.0296875 0.0375
0 0.746253301056338 0.6512544014084507 0.0265625 0.03958333333333333
0 0.71796875 0.49855510752688176 0.0296875 0.04375
0 0.8251019021739129 0.39642210144927537 0.02384510869565215 0.0317934782608696
0 0.8533215107361963 0.4799463190184049 0.0296875 0.03333333333333333
0 0.8576119087837839 0.4257742117117117 0.0359375 0.05416666666666667
0 0.61171875 0.09448529411764706 0.0265625 0.03333333333333333
0 0.844375 0.40041666666666664 0.021875 0.024166666666666656
0 0.90078125 0.9028455284552845 0.0328125 0.04583333333333333
0 0.9788508421985815 0.7895463947990543 0.0234375 0.041666666666666664
0 0.8203125 0.7281744722955145 0.028125 0.027083333333333334
0 0.860999503968254 0.5645833333333333 0.0265625 0.0375
0 0.7023026315789473 0.8510416666666667 0.03125 0.04791666666666667
0 0.16477864583333332 0.565625 0.028125 0.03958333333333333
0 0.546875 0.4635416666666667 0.034375 0.052083333333333336
0 0.31056985294117645 0.23590686274509806 0.03713235294117649 0.0536764705882353
0 0.32937500000000003 0.46166666666666667 0.042500000000000024 0.05583333333333336
0 0.70703125 0.39722222222222225 0.022395833333333393 0.03194444444444446
0 0.04609375 0.5088541666666667 0.021875 0.03125
0 0.80546875 0.7229166666666667 0.0390625 0.05
0 0.9736979166666666 0.2784722222222222 0.0234375 0.04166666666666664
0 0.33875 0.9075000000000001 0.040625 0.05
0 0.07073863636363636 0.9896780303030303 0.03920454545454546 0.020643939393939447
0 0.21261160714285712 0.008035714285714287 0.03727678571428572 0.016071428571428573
0 0.02013888888888889 0.5986111111111111 0.0375 0.07083333333333333
0 0.4857862903225806 0.99375 0.0221774193548387 0.0125
0 0.7197977941176471 0.178468137254902 0.01875 0.027083333333333334
0 0.02123672385620915 0.4789692265795207 0.04233047385620915 0.06041666666666667
0 0.3406473214285714 0.23017857142857143 0.0296875 0.0375
0 0.54375 0.37916666666666665 0.028125 0.041666666666666664
0 0.47109375 0.715625 0.0328125 0.06041666666666667
0 0.5345513763850416 0.4395833333333333 0.0375 0.05416666666666667
2 0.4765625 0.8625 0.021875 0.03333333333333333
