0 0.028169221698113207 0.2684944968553459 0.034375 0.056249999999999974
0 0.05625 0.39033333333333337 0.028125 0.03333333333333333
0 0.5335685483870968 0.022748655913978497 0.040625 0.04549731182795699
0 0.54765625 0.2704166666666667 0.0421875 0.05625000000000003
0 0.9023765297202797 0.11039481351981353 0.0328125 0.047916666666666684
0 0.66015625 0.3375 0.0265625 0.03333333333333333
0 0.6180059523809524 0.45808531746031744 0.0375 0.04375
0 0.5436100746268656 0.4580923507462687 0.0359375 0.041666666666666664
0 0.19478081597222224 0.403125 0.0359375 0.04375
0 0.32133152173913043 0.8976449275362319 0.04347826086956523 0.05960144927536225
0 0.171875 0.06711309523809522 0.03794642857142856 0.04434523809523809
0 0.65859375 0.6685577876984127 0.0296875 0.0375
0 0.7453252112015019 0.6500169482686692 0.0265625 0.03958333333333333
0 0.6585227272727272 0.5330492424242425 0.0390625 0.04791666666666667
0 0.7771634615384615 0.40368589743589745 0.03125 0.03333333333333333
0 0.85390625 0.4791666666666667 0.0296875 0.03333333333333333
0 0.8407298657718121 0.4518036912751678 0.040625 0.05416666666666667
0 0.6063934948979591 0.07291666666666667 0.0265625 0.025
0 0.8377604166666668 0.7045138888888888 0.027604166666666607 0.0368055555555556
0 0.8605238970588236 0.9719362745098039 0.0328125 0.04583333333333333
0 0.9545200892857142 0.8232142857142858 0.0234375 0.041666666666666664
0 0.8203125 0.7260416666666667 0.028125 0.027083333333333334
0 0.8247974537037036 0.5804783950617284 0.0265625 0.0375
0 0.6755952380952381 0.8591765873015873 0.03125 0.04791666666666667
0 0.13378810975609756 0.5686636178861788 0.028125 0.03958333333333333
0 0.54375 0.4635416666666667 0.034375 0.052083333333333336
0 0.2814903846153846 0.27784455128205127 0.0359375 0.05625
0 0.8875 0.4552083333333333 0.01875 0.027083333333333334
0 0.4357954545454546 0.09611742424242425 0.03125 0.050946969696969706
0 0.1809375 0.6731250000000001 0.04125000000000001 0.04875000000000007
0 0.5840277777777778 0.7436342592592593 0.046875 0.05625
0 0.8756009615384615 0.9194711538461539 0.025 0.035416666666666666
0 0.9795815677966102 0.1970162429378531 0.025 0.04375
0 0.3546875 0.9097222222222221 0.0416666666666667 0.05972222222222226
0 0.09424715909090908 0.07168560606060606 0.04531249999999999 0.05208333333333333
0 0.55765625 0.047499999999999994 0.0390625 0.047916666666666656
0 0.6878124999999999 0.22854166666666667 0.01875 0.027083333333333334
0 0.01328125 0.5065010040160642 0.0265625 0.05416666666666667
0 0.30195997807017544 0.2756213450292398 0.0265625 0.03333333333333336
0 0.54375 0.37916666666666665 0.028125 0.041666666666666664
0 0.47109375 0.715625 0.0328125 0.06041666666666667
0 0.5325257531163434 0.4395833333333333 0.0375 0.05416666666666667
2 0.4765625 0.8625 0.021875 0.03333333333333333
