0 0.012876157407407407 0.29170524691358024 0.025752314814814815 0.056249999999999974
0 0.05625 0.3914621212121212 0.028125 0.03333333333333333
0 0.5288919151376147 0.2774369266055046 0.0421875 0.05625
0 0.8877140410958905 0.1125 0.028125 0.04195205479452054
0 0.6581473214285715 0.34375 0.0265625 0.03333333333333333
0 0.5860863095238095 0.40977182539682544 0.0375 0.04375
0 0.5418726679104477 0.4615671641791045 0.0359375 0.041666666666666664
0 0.1934436274509804 0.40729166666666666 0.035937500000000025 0.04375
0 0.359375 0.9895833333333334 0.034375 0.020833333333333332
0 0.0068359375 0.09010416666666667 0.013671875 0.0375
0 0.65859375 0.6667100694444444 0.0296875 0.0375
0 0.7459079709011264 0.6507939612015019 0.0265625 0.03958333333333333
0 0.6026154891304347 0.4799365942028986 0.0390625 0.04411231884057969
0 0.778125 0.43879419191919194 0.03125 0.03333333333333333
0 0.85546875 0.48125 0.0296875 0.03333333333333333
0 0.8251116071428571 0.4676339285714286 0.040625 0.05416666666666667
0 0.60078125 0.075 0.0265625 0.025
0 0.83125 0.8322916666666667 0.025 0.03125
0 0.8448206018518519 0.9914094650205761 0.0328125 0.01718106995884779
0 0.9385529891304347 0.8442481884057972 0.0234375 0.041666666666666664
0 0.8203125 0.7260416666666667 0.028125 0.027083333333333334
0 0.8134765625 0.6048177083333334 0.0265625 0.0375
0 0.6538010817307692 0.8589342948717948 0.0375 0.05416666666666667
0 0.10897216796875 0.578125 0.028125 0.03958333333333333
0 0.54375 0.4635416666666667 0.034375 0.052083333333333336
0 0.2599270833333333 0.3046527777777778 0.0359375 0.05625
0 0.85546875 0.9041666666666667 0.0328125 0.041666666666666664
0 0.963125 0.214375 0.025 0.04375
0 0.390625 0.596875 0.0453125 0.0625
0 0.15294471153846154 0.7147435897435898 0.046514423076923085 0.058333333333333334
0 0.615625 0.8287760416666666 0.0359375 0.03958333333333333
0 0.8606770833333334 0.4239583333333333 0.0484375 0.07152777777777773
0 0.27473958333333337 0.45868055555555554 0.0453125 0.06041666666666667
0 0.3421274038461538 0.28902243589743587 0.04314903846153846 0.04791666666666667
0 0.6419270833333333 0.1408564814814815 0.034375 0.04583333333333333
0 0.3553977272727272 0.10946969696969697 0.02755681818181821 0.03825757575757575
0 0.97734375 0.14395833333333333 0.024687499999999928 0.04041666666666666
0 0.664978448275862 0.2560704022988506 0.01875 0.027083333333333362
0 0.0078125 0.5101307189542484 0.015625 0.04223856209150328
0 0.277249053030303 0.29387626262626265 0.0265625 0.03333333333333333
0 0.54375 0.37916666666666665 0.028125 0.041666666666666664
0 0.47109375 0.715625 0.0328125 0.06041666666666667
0 0.5315583881578948 0.4395833333333333 0.0375 0.05416666666666667
2 0.4765625 0.8625 0.021875 0.03333333333333333
0 0.7265625 0.939236111111111 0.034375 0.04375
0 0.06484375 0.13333333333333333 0.0421875 0.058333333333333334
