0 0.07907986111111112 0.22704475308641975 0.03125 0.05416666666666667
0 0.05886479591836735 0.382922335600907 0.027891156462585033 0.03270975056689339
0 0.421875 0.2642361111111111 0.034375 0.05625000000000003
0 0.9535937499999999 0.25458333333333333 0.0421875 0.0458333333333333
0 0.5734375 0.22052364864864865 0.040625 0.04938063063063065
0 0.74609375 0.2625 0.0359375 0.05
0 0.9395270270270271 0.11061373873873874 0.0328125 0.04791666666666667
0 0.66328125 0.32395833333333335 0.0296875 0.03958333333333333
0 0.659858630952381 0.40023148148148147 0.021155753968253956 0.03029100529100527
0 0.5703125 0.44895833333333335 0.028125 0.04375
0 0.262890625 0.058854166666666666 0.03203125 0.04479166666666667
0 0.11328125 0.8614583333333333 0.0265625 0.035416666666666666
0 0.2015625 0.4087042297979798 0.034375 0.03985164141414141
0 0.3388125 0.856625 0.04375 0.05625
0 0.3234375 0.6635416666666667 0.036249999999999984 0.0537499999999999
0 0.4734375 0.9739583333333334 0.04375 0.052083333333333336
0 0.57421875 0.6232638888888888 0.046875 0.05347222222222226
0 0.66484375 0.6750646997929607 0.0296875 0.0375
0 0.7473151408450704 0.6526701877934272 0.0265625 0.03958333333333333
0 0.7221354166666666 0.48506944444444444 0.028645833333333304 0.04375
0 0.70640625 0.8028125 0.03718750000000002 0.043124999999999976
0 0.8375 0.37184139784946235 0.028125 0.0375
0 0.85390625 0.47934695512820513 0.0296875 0.03297275641025639
0 0.8595764544025156 0.4257730607966457 0.0359375 0.05416666666666667
0 0.61171875 0.09677254098360656 0.0265625 0.03333333333333333
0 0.83265625 0.30541666666666667 0.0265625 0.03333333333333333
0 0.9004054588607595 0.8854957805907173 0.0328125 0.04583333333333333
0 0.980571933962264 0.7831957547169811 0.0234375 0.041666666666666664
0 0.8203641528925619 0.7302772038567493 0.028125 0.027083333333333334
0 0.8652629573170731 0.5619410569105692 0.0265625 0.0375
0 0.6905711206896552 0.8556154214559387 0.03125 0.04791666666666667
0 0.16946202531645568 0.5653085443037974 0.028125 0.03958333333333333
0 0.68359375 0.21041666666666667 0.0421875 0.058333333333333334
0 0.5483125 0.4635416666666667 0.034375 0.052083333333333336
0 0.31287202380952384 0.2265873015873016 0.028125 0.041666666666666664
0 0.148828125 0.4630208333333333 0.034375 0.04479166666666667
0 0.7691964285714286 0.7229166666666667 0.01875 0.025
0 0.0740625 0.22770833333333332 0.021875 0.03125
0 0.7227107558139535 0.17076065891472866 0.01875 0.027083333333333334
0 0.023207720588235295 0.4618872549019608 0.044301470588235296 0.06041666666666667
0 0.3421362704918033 0.21707650273224044 0.0296875 0.0375
0 0.54375 0.37916666666666665 0.028125 0.041666666666666664
0 0.47109375 0.715625 0.0328125 0.06041666666666667
0 0.5351778912742382 0.4395833333333333 0.0375 0.05416666666666667
2 0.4765625 0.8625 0.021875 0.03333333333333333
