0 0.047603155339805824 0.24776496763754044 0.034375 0.05625
0 0.05625 0.39015080845771144 0.028125 0.03333333333333333
0 0.510390625 0.08359375 0.040625 0.05364583333333333
0 0.5594669117647059 0.23682598039215688 0.04503676470588243 0.060416666666666695
0 0.9148223458904109 0.10831906392694064 0.0328125 0.04791666666666667
0 0.66015625 0.32901785714285714 0.0265625 0.03333333333333333
0 0.6533203125 0.4395833333333333 0.021875 0.03333333333333333
0 0.55234375 0.4444444444444445 0.0359375 0.041666666666666664
0 0.19765625 0.403125 0.0359375 0.04375
0 0.30703125 0.9016666666666667 0.0453125 0.05916666666666662
0 0.7255208333333334 0.09670138888888888 0.030729166666666696 0.039930555555555566
0 0.3173828125 0.19505208333333332 0.020703125 0.028125
0 0.6618303571428571 0.671577380952381 0.0296875 0.0375
0 0.7447952518773466 0.6493103358364622 0.0265625 0.03958333333333333
0 0.7064572704081633 0.5309736394557822 0.0390625 0.04791666666666661
0 0.80140625 0.3925 0.0390625 0.04583333333333333
0 0.8553966346153846 0.4790705128205128 0.0296875 0.03333333333333333
0 0.8453125 0.44232954545454545 0.040625 0.05416666666666667
0 0.6129011824324324 0.07342342342342342 0.0265625 0.025
0 0.8334895833333335 0.5647916666666667 0.022187499999999895 0.03180555555555564
0 0.887689393939394 0.9402146464646465 0.0328125 0.04583333333333333
0 0.9734754247572817 0.7936488673139158 0.0234375 0.041666666666666664
0 0.8203125 0.7260416666666667 0.028125 0.027083333333333334
0 0.8411458333333334 0.5758680555555556 0.0265625 0.0375
0 0.6967117537313433 0.8547419154228856 0.03125 0.04791666666666667
0 0.15013020833333332 0.565625 0.028125 0.03958333333333333
0 0.5449704465849388 0.4635416666666667 0.034375 0.052083333333333336
0 0.2986023509174312 0.24978019877675842 0.0359375 0.05625
0 0.64921875 0.465625 0.0234375 0.027083333333333334
0 0.5734375 0.309375 0.040625 0.04791666666666667
0 0.5298437500000001 0.7545833333333333 0.0421875 0.05416666666666667
0 0.9425000000000001 0.7745833333333334 0.028125 0.041666666666666664
0 0.32992187500000003 0.6821875 0.044218750000000015 0.051874999999999956
0 0.838671875 0.5119791666666667 0.0234375 0.03125
0 0.8434375 0.08666666666666666 0.038124999999999964 0.059166666666666666
0 0.7106534090909091 0.19914772727272728 0.01875 0.027083333333333334
0 0.01733446782178218 0.49355404290429045 0.03466893564356436 0.06289191419141917
0 0.32535021551724136 0.2505747126436782 0.0265625 0.029166666666666667
0 0.54375 0.37916666666666665 0.028125 0.041666666666666664
0 0.47109375 0.715625 0.0328125 0.06041666666666667
0 0.5334054709141275 0.4395833333333333 0.0375 0.05416666666666667
2 0.4765625 0.8625 0.021875 0.03333333333333333
