0 0.10225694444444444 0.21342592592592594 0.03125 0.05416666666666667
0 0.06576118119266054 0.36141055045871556 0.0265625 0.029166666666666667
0 0.40758928571428565 0.3089285714285714 0.03660714285714284 0.04880952380952378
0 0.6480823863636364 0.13787878787878788 0.0390625 0.04583333333333335
0 0.581640625 0.20677083333333332 0.040625 0.04791666666666667
0 0.653125 0.10911458333333333 0.0359375 0.0390625
0 0.926171875 0.054375 0.027968750000000143 0.037916666666666675
0 0.9455943943298969 0.10409149484536083 0.0328125 0.04791666666666667
0 0.66328125 0.32395833333333335 0.0296875 0.03958333333333333
0 0.6669719827586207 0.37959770114942526 0.021875 0.03333333333333333
0 0.5754871323529411 0.43724264705882354 0.028125 0.04375
0 0.10164930555555556 0.2548611111111111 0.04010416666666666 0.050925925925925895
0 0.18776041666666665 0.4913194444444445 0.02656249999999998 0.035416666666666666
0 0.20213815789473685 0.40959429824561405 0.03322368421052631 0.038048245614035046
0 0.3195121951219512 0.8645579268292684 0.04375 0.05625
0 0.2078125 0.8833333333333333 0.0390625 0.04583333333333333
0 0.47691761363636365 0.9207386363636363 0.0296875 0.035416666666666666
0 0.6236979166666666 0.7767361111111111 0.0338541666666667 0.04375
0 0.66484375 0.6766951345755693 0.0296875 0.0375
0 0.74765625 0.6511904761904762 0.0265625 0.03958333333333333
0 0.7302631578947368 0.4672149122807018 0.0265625 0.0375
0 0.7896875 0.5045833333333333 0.0390625 0.052083333333333336
0 0.843939393939394 0.35833333333333334 0.028125 0.0375
0 0.8525818452380953 0.48061507936507936 0.0296875 0.03333333333333333
0 0.8614101080246913 0.42165637860082306 0.0359375 0.05416666666666667
0 0.6172872340425533 0.09474734042553191 0.0265625 0.03333333333333333
0 0.815625 0.2171875 0.021875 0.030208333333333334
0 0.9083610372340425 0.8693705673758866 0.0328125 0.04583333333333333
0 0.9921705163043478 0.9853487318840579 0.0156589673913043 0.02930253623188411
0 0.9849917763157896 0.775328947368421 0.0234375 0.041666666666666664
0 0.8215844524793388 0.7319042699724517 0.028125 0.027083333333333334
0 0.7921875 0.7260416666666667 0.03125 0.04375
0 0.8762943097014926 0.5527985074626866 0.0265625 0.0375
0 0.7052159926470588 0.8461703431372549 0.03125 0.04791666666666667
0 0.17946428571428572 0.5635416666666667 0.028125 0.03958333333333333
0 0.65390625 0.6298611111111111 0.0421875 0.058333333333333334
0 0.5512195121951219 0.465625 0.034375 0.052083333333333336
0 0.31876717032967034 0.21137820512820513 0.028125 0.041666666666666664
0 0.00703125 0.6333333333333333 0.0140625 0.0375
0 0.99296875 0.840625 0.0140625 0.022916666666666665
0 0.7392708333333333 0.151875 0.01875 0.027083333333333334
0 0.026197916666666664 0.4417361111111111 0.0453125 0.06041666666666667
0 0.35120738636363635 0.20151515151515154 0.0296875 0.0375
0 0.54375 0.37916666666666665 0.028125 0.041666666666666664
0 0.47109375 0.715625 0.0328125 0.06041666666666667
0 0.535791421398892 0.4395833333333333 0.0375 0.05416666666666667
2 0.4765625 0.8625 0.021875 0.03333333333333333
