0 0.07916666666666666 0.22685185185185183 0.03125 0.05416666666666667
0 0.05896045918367347 0.3826955782312925 0.027869897959183675 0.03265306122448977
0 0.42244318181818186 0.2648674242424242 0.034375 0.056249999999999974
0 0.95015625 0.2529166666666667 0.0421875 0.04583333333333333
0 0.5734375 0.2204954954954955 0.040625 0.04932432432432433
0 0.74296875 0.2604166666666667 0.0359375 0.04583333333333333
0 0.9394847972972974 0.11050112612612614 0.0328125 0.047916666666666684
0 0.66328125 0.32395833333333335 0.0296875 0.03958333333333333
0 0.6599330357142857 0.4 0.021205357142857206 0.030357142857142822
0 0.5703125 0.44895833333333335 0.028125 0.04375
0 0.2580078125 0.05859375 0.030078125 0.0453125
0 0.11328125 0.85625 0.0265625 0.035416666666666666
0 0.2015625 0.40878314393939397 0.034375 0.039820075757575776
0 0.3386875 0.8562916666666667 0.04375 0.05625
0 0.32578125 0.6690972222222221 0.036979166666666695 0.05347222222222226
0 0.4731770833333334 0.9715277777777778 0.043229166666666693 0.05416666666666667
0 0.58203125 0.628125 0.046875 0.052083333333333336
0 0.66484375 0.6750819530710835 0.0296875 0.0375
0 0.7473261443661972 0.6526848591549296 0.0265625 0.03958333333333333
0 0.7222098214285714 0.48482142857142857 0.02857142857142856 0.04375
0 0.707177734375 0.7988932291666667 0.03779296875 0.044661458333333334
0 0.8375 0.37163978494623656 0.028125 0.0375
0 0.85390625 0.479306891025641 0.0296875 0.03305288461538461
0 0.859596108490566 0.42574685534591195 0.0359375 0.05416666666666667
0 0.61171875 0.09673838797814208 0.0265625 0.03333333333333333
0 0.83078125 0.30583333333333335 0.0265625 0.03333333333333333
0 0.9003659018987342 0.8852848101265823 0.0328125 0.04583333333333333
0 0.9806014150943396 0.7831564465408806 0.0234375 0.041666666666666664
0 0.8203770661157025 0.7302944214876033 0.028125 0.027083333333333334
0 0.8653391768292684 0.561839430894309 0.0265625 0.0375
0 0.6907866379310346 0.8553759578544061 0.03125 0.04791666666666667
0 0.16958069620253163 0.5652558016877637 0.028125 0.03958333333333333
0 0.6815104166666667 0.21597222222222223 0.0421875 0.058333333333333334
0 0.5483374999999999 0.4635416666666667 0.034375 0.052083333333333336
0 0.31297123015873013 0.22645502645502644 0.028125 0.041666666666666664
0 0.144921875 0.46197916666666666 0.03125 0.03854166666666667
0 0.7689732142857143 0.7264880952380952 0.01875 0.025
0 0.07135416666666666 0.225 0.021875 0.03125
0 0.7229287790697675 0.17046996124031008 0.01875 0.027083333333333334
0 0.023228145424836602 0.4617102396514161 0.0443218954248366 0.06041666666666667
0 0.34216188524590163 0.21687158469945356 0.0296875 0.0375
0 0.54375 0.37916666666666665 0.028125 0.041666666666666664
0 0.47109375 0.715625 0.0328125 0.06041666666666667
0 0.5351843836565097 0.4395833333333333 0.0375 0.05416666666666667
2 0.4765625 0.8625 0.021875 0.03333333333333333
