0 0.07738233024691357 0.22916666666666666 0.03138503086419753 0.05416666666666667
0 0.05788741438356164 0.3856164383561644 0.028125 0.03333333333333333
0 0.4174479166666666 0.2491898148148148 0.03559027777777777 0.05625
0 0.989453125 0.25416666666666665 0.01796875 0.04583333333333333
0 0.5730324074074075 0.22083333333333333 0.040625 0.05
0 0.76171875 0.290625 0.0359375 0.04152777777777779
0 0.9390482954545455 0.11198863636363636 0.0328125 0.04791666666666665
0 0.66328125 0.32395833333333335 0.0296875 0.03958333333333333
0 0.6587797619047618 0.40358796296296295 0.020436507936507996 0.029332010582010605
0 0.5703125 0.44895833333333335 0.028125 0.04375
0 0.29296875 0.034375 0.0296875 0.04791666666666667
0 0.09203125000000001 0.9047916666666667 0.02656250000000001 0.035416666666666666
0 0.2015625 0.40755997474747474 0.034375 0.04030934343434343
0 0.3458333333333333 0.8642361111111111 0.04375 0.05625
0 0.33695312499999996 0.6360416666666667 0.02359374999999999 0.03125
0 0.478125 0.9666666666666667 0.046875 0.058333333333333334
0 0.5515625 0.6246527777777778 0.030208333333333393 0.0368055555555556
0 0.66484375 0.6748145272601794 0.0296875 0.0375
0 0.7471555897887324 0.6524574530516432 0.0265625 0.03958333333333333
0 0.7210645443925234 0.48858060747663556 0.0296875 0.04375
0 0.679296875 0.8471354166666667 0.0359375 0.0546875
0 0.8375 0.37476478494623655 0.028125 0.0375
0 0.85390625 0.4799278846153846 0.0296875 0.03181089743589745
0 0.8592914701257861 0.42615303983228514 0.0359375 0.05416666666666667
0 0.61171875 0.09726775956284153 0.0265625 0.03333333333333333
0 0.8390625 0.31666666666666665 0.0265625 0.03333333333333333
0 0.90078125 0.8882183908045977 0.0328125 0.04583333333333333
0 0.9802788328729282 0.7840930018416207 0.0234375 0.041666666666666664
0 0.8203125 0.7299774626209322 0.028125 0.027083333333333334
0 0.86484375 0.5637096774193548 0.0265625 0.0375
0 0.6919921875 0.8556175595238095 0.03125 0.04791666666666667
0 0.1685017523364486 0.565625 0.028125 0.03958333333333333
0 0.68984375 0.14583333333333334 0.0421875 0.058333333333333334
0 0.5479499999999999 0.4635416666666667 0.034375 0.052083333333333336
0 0.3114335317460318 0.22850529100529102 0.028125 0.041666666666666664
0 0.1763671875 0.4388020833333333 0.0453125 0.05416666666666667
0 0.75625 0.6791666666666667 0.01875 0.025
0 0.0828125 0.28125 0.021875 0.03125
0 0.9731249999999999 0.904375 0.029999999999999895 0.04208333333333331
0 0.7200747282608695 0.17395833333333333 0.01875 0.027083333333333334
0 0.022911560457516342 0.4644539760348584 0.044005310457516336 0.06041666666666667
0 0.34176485655737704 0.22004781420765027 0.0296875 0.0375
0 0.54375 0.37916666666666665 0.028125 0.041666666666666664
0 0.47109375 0.715625 0.0328125 0.06041666666666667
0 0.535083751731302 0.4395833333333333 0.0375 0.05416666666666667
2 0.4765625 0.8625 0.021875 0.03333333333333333
