0 0.06686197916666667 0.23085252192982458 0.03309347587719298 0.05454130116959064
0 0.0591181506849315 0.38889840182648405 0.028124999999999994 0.03333333333333333
0 0.42609375 0.22041666666666668 0.0390625 0.060833333333333336
0 0.5688895089285715 0.22273065476190473 0.04157366071428577 0.05126488095238093
0 0.8443080357142858 0.3629464285714286 0.0328125 0.03958333333333333
0 0.933625637755102 0.11145833333333334 0.0328125 0.04791666666666667
0 0.6629793176328502 0.32395833333333335 0.0296875 0.03958333333333333
0 0.65625 0.41041666666666665 0.021875 0.03333333333333333
0 0.5650448638613861 0.45567244224422443 0.028125 0.04375
0 0.20210193452380953 0.40632440476190473 0.03545386904761907 0.0431051587301587
0 0.359375 0.9017361111111111 0.04375 0.05625
0 0.34575892857142854 0.5770833333333333 0.03482142857142856 0.03392857142857153
0 0.487890625 0.9859375 0.0421875 0.027083333333333334
0 0.49732142857142864 0.5610119047619048 0.025446428571428557 0.03333333333333333
0 0.66484375 0.6738224637681159 0.0296875 0.0375
0 0.7465228873239437 0.6516138497652583 0.0265625 0.03958333333333333
0 0.71796875 0.49361559139784944 0.0296875 0.04375
0 0.8329637096774194 0.38602150537634405 0.028125 0.0375
0 0.8537912193251534 0.47932004089979546 0.0296875 0.03333333333333333
0 0.858129222972973 0.42646396396396397 0.0359375 0.05416666666666667
0 0.61171875 0.09581971677559913 0.0265625 0.03333333333333333
0 0.8385869565217391 0.37572463768115943 0.021875 0.029166666666666667
0 0.90078125 0.8976117886178863 0.0328125 0.04583333333333333
0 0.9792860842541437 0.7880639963167587 0.0234375 0.041666666666666664
0 0.8203125 0.7287131706244503 0.028125 0.027083333333333334
0 0.8621995192307692 0.565224358974359 0.0265625 0.0375
0 0.7029742324561403 0.8510416666666667 0.03125 0.04791666666666667
0 0.16637369791666667 0.565625 0.028125 0.03958333333333333
0 0.546875 0.4635416666666667 0.034375 0.052083333333333336
0 0.31169577205882354 0.23440563725490196 0.0318780637254902 0.046670751633986936
0 0.2859375 0.4423611111111111 0.0458333333333333 0.0527777777777778
0 0.72421875 0.4895833333333333 0.01875 0.025
0 0.07391826923076923 0.44879807692307694 0.021875 0.03125
0 0.8583333333333332 0.775 0.03541666666666661 0.047222222222222145
0 0.96796875 0.20208333333333334 0.0234375 0.041666666666666664
0 0.4125 0.9541666666666667 0.040625 0.05
0 0.7203125 0.1769489247311828 0.01875 0.027083333333333334
0 0.021737132352941176 0.47463235294117645 0.04283088235294118 0.06041666666666667
0 0.34140625 0.22824754901960784 0.0296875 0.0375
0 0.54375 0.37916666666666665 0.028125 0.041666666666666664
0 0.47109375 0.715625 0.0328125 0.06041666666666667
0 0.5347104397506925 0.4395833333333333 0.0375 0.05416666666666667
2 0.4765625 0.8625 0.021875 0.03333333333333333
