0 0.02278409090909091 0.2787689393939394 0.034375 0.05625
0 0.05625 0.3906931818181818 0.028125 0.03333333333333333
0 0.54375 0.009375 0.040625 0.01875
0 0.54453125 0.2719630281690141 0.0421875 0.056249999999999974
0 0.8993580812101911 0.11160429936305732 0.03215565286624198 0.04762473460721868
0 0.658671875 0.33947916666666667 0.0265625 0.03333333333333333
0 0.6067708333333333 0.4496527777777778 0.0375 0.04375
0 0.5430562033582089 0.4592000932835821 0.0359375 0.041666666666666664
0 0.1936789772727273 0.4042613636363636 0.035937500000000025 0.04375
0 0.3344270833333333 0.9270833333333334 0.03864583333333336 0.05416666666666667
0 0.09296875 0.05625 0.0265625 0.03333333333333333
0 0.65859375 0.66796875 0.0296875 0.0375
0 0.7455109903003755 0.6502646537338339 0.0265625 0.03958333333333333
0 0.6435599662162163 0.5223254504504504 0.0390625 0.04791666666666661
0 0.7828125 0.4228645833333333 0.03125 0.03333333333333333
0 0.8530016447368421 0.4782894736842105 0.0296875 0.03333333333333333
0 0.8307347074468086 0.4558510638297872 0.040625 0.05416666666666667
0 0.60501708984375 0.07291666666666667 0.0265625 0.025
0 0.8392857142857142 0.7430059523809524 0.03392857142857135 0.045535714285714235
0 0.8584670608108109 0.9787725225225226 0.0328125 0.04245495495495497
0 0.9499131944444444 0.830324074074074 0.0234375 0.041666666666666664
0 0.8203125 0.7260416666666667 0.028125 0.027083333333333334
0 0.82265625 0.5876225490196079 0.0265625 0.0375
0 0.675 0.859375 0.03125 0.04791666666666667
0 0.12944359756097562 0.5705945121951219 0.028125 0.03958333333333333
0 0.54375 0.4635416666666667 0.034375 0.052083333333333336
0 0.27811769859813085 0.2873345015576324 0.0359375 0.05625
0 0.9877604166666666 0.47604166666666664 0.0203125 0.027083333333333334
0 0.39484375 0.04375 0.03156250000000003 0.044166666666666674
0 0.10281250000000001 0.8164583333333333 0.036250000000000004 0.05124999999999993
0 0.661125 0.8112916666666667 0.046875 0.05625
0 0.976108870967742 0.20254256272401433 0.025 0.04375
0 0.37421875 0.9635416666666666 0.0421875 0.052083333333333336
0 0.31744791666666666 0.8229166666666666 0.0390625 0.058333333333333334
0 0.4895833333333333 0.9972222222222221 0.034375 0.005555555555555595
0 0.73921875 0.8133333333333332 0.0515625 0.07916666666666666
0 0.17734375 0.14104166666666668 0.0484375 0.04791666666666667
0 0.5829326923076923 0.07532051282051282 0.04110576923076925 0.05064102564102564
0 0.6826364436619718 0.2366343896713615 0.01875 0.027083333333333334
0 0.012831439393939395 0.5095328282828283 0.02566287878787879 0.05416666666666667
0 0.29263091216216214 0.2814752252252252 0.0265625 0.033333333333333305
0 0.54375 0.37916666666666665 0.028125 0.041666666666666664
0 0.47109375 0.715625 0.0328125 0.06041666666666667
0 0.5322173649584487 0.4395833333333333 0.0375 0.05416666666666667
2 0.4765625 0.8625 0.021875 0.03333333333333333
