0 0.04975728155339806 0.24452872168284792 0.034375 0.05625000000000003
0 0.05625 0.3904617537313433 0.028125 0.03333333333333333
0 0.4973958333333333 0.08125 0.040625 0.05
0 0.560846185064935 0.23415854978354977 0.0453125 0.057656926406926406
0 0.9182470034246576 0.11060216894977168 0.0328125 0.04791666666666667
0 0.66015625 0.32802579365079365 0.0265625 0.03333333333333333
0 0.6521286231884058 0.4388285024154589 0.021875 0.03333333333333333
0 0.5542534722222222 0.4587962962962963 0.0359375 0.041666666666666664
0 0.19765625 0.403125 0.0359375 0.04375
0 0.3097301136363636 0.9073863636363637 0.04474431818181816 0.05757575757575755
0 0.67421875 0.125 0.0234375 0.03333333333333333
0 0.34671874999999996 0.2552083333333333 0.03843749999999999 0.04125000000000002
0 0.6622362012987013 0.6717577561327561 0.0296875 0.0375
0 0.7447170290988736 0.6492060387984981 0.0265625 0.03958333333333333
0 0.7097909902597402 0.5265286796536797 0.037682629870129866 0.04791666666666667
0 0.8015625 0.390625 0.0390625 0.04583333333333333
0 0.8549158653846154 0.4784294871794872 0.0296875 0.03333333333333333
0 0.8453125 0.43854166666666666 0.040625 0.05416666666666667
0 0.6112119932432433 0.07567567567567567 0.0265625 0.025
0 0.83828125 0.5322916666666667 0.03125 0.03958333333333333
0 0.8896315586419753 0.9323816872427984 0.0328125 0.04583333333333333
0 0.9746890169902912 0.7904126213592233 0.0234375 0.041666666666666664
0 0.8203125 0.7260416666666667 0.028125 0.027083333333333334
0 0.8437088815789474 0.5767543859649124 0.0265625 0.0375
0 0.7004430970149254 0.8534981343283582 0.03125 0.04791666666666667
0 0.15418113425925925 0.565625 0.028125 0.03958333333333333
0 0.5451893607705779 0.4635416666666667 0.034375 0.052083333333333336
0 0.2997491399082569 0.24825114678899082 0.0359375 0.05625
0 0.6190104166666667 0.4815972222222222 0.0234375 0.027083333333333334
0 0.5903645833333334 0.3555555555555555 0.034895833333333307 0.04583333333333333
0 0.58984375 0.7885416666666667 0.0421875 0.04791666666666667
0 0.979296875 0.7510416666666667 0.03359375 0.05416666666666667
0 0.948828125 0.7216145833333333 0.028125 0.03697916666666667
0 0.3 0.7083333333333334 0.05 0.06666666666666667
0 0.85703125 0.46145833333333336 0.0234375 0.03125
0 0.20104166666666665 0.031770833333333325 0.04687499999999998 0.05868055555555555
0 0.83046875 0.008333333333333333 0.0421875 0.016666666666666666
0 0.7134510869565218 0.19769021739130435 0.01875 0.027083333333333334
0 0.018262685643564355 0.4923164191419142 0.03652537128712871 0.06536716171617159
0 0.32769886363636364 0.24701704545454545 0.027840909090909083 0.03172348484848486
0 0.54375 0.37916666666666665 0.028125 0.041666666666666664
0 0.47109375 0.715625 0.0328125 0.06041666666666667
0 0.5335353185595568 0.4395833333333333 0.0375 0.05416666666666667
2 0.4765625 0.8625 0.021875 0.03333333333333333
