0 0.7632908358895706 0.1952901329243354 0.0359375 0.04583333333333333
0 0.22769886363636363 0.6731376262626263 0.04706439393939395 0.057386363636363666
0 0.7100378787878788 0.7217171717171718 0.042234848484848445 0.041666666666666664
0 0.7142992424242424 0.8185290404040404 0.04412878787878789 0.0648358585858586
0 0.9666706730769231 0.8403205128205128 0.044543269230769234 0.05685897435897438
0 0.7909615384615384 0.8526121794871795 0.04086538461538458 0.05522435897435898
0 0.7400128865979381 0.9656464776632302 0.0368878865979382 0.050408075601374475
0 0.8842566287878789 0.9134785353535354 0.03925189393939395 0.052083333333333336
0 0.9461626838235293 0.02935049019607843 0.03322610294117645 0.03786764705882353
1 0.51953125 0.3458333333333333 0.0953125 0.10833333333333334
2 0.51484375 0.37160618279569896 0.0296875 0.04737903225806453
2 0.52546875 0.9143749999999999 0.0390625 0.04791666666666667
2 0.9859975961538462 0.6427884615384616 0.028004807692307666 0.04358974358974355
