0 0.7646424463190183 0.19213637525562371 0.0359375 0.04583333333333333
0 0.13976814516129032 0.7260416666666667 0.04375 0.052083333333333336
0 0.5810483870967742 0.772244623655914 0.0429435483870968 0.04865591397849466
0 0.7176772388059701 0.8697605721393036 0.03125 0.05625
0 0.971641791044776 0.8213152985074627 0.034281716417910425 0.04362562189054723
0 0.790625 0.836739864864865 0.0375 0.052083333333333336
0 0.7412215909090909 0.9583901515151515 0.034375 0.052083333333333336
0 0.8123235887096774 0.9615927419354838 0.0359375 0.04737903225806453
0 0.9495720108695652 0.021403985507246377 0.028980978260869605 0.03864130434782609
1 0.51953125 0.3458333333333333 0.0953125 0.10833333333333334
2 0.5114501953125 0.3673502604166667 0.022900390625 0.0388671875
2 0.651953125 0.8010416666666667 0.040625 0.05625
2 0.9862064549180328 0.631104849726776 0.022412909836065607 0.04195696721311475
