0 0.40078125 0.7822916666666667 0.0390625 0.04375
0 0.8269969919786095 0.7981506238859181 0.0375 0.041666666666666664
0 0.78046875 0.68125 0.0390625 0.04583333333333333
0 0.7625 0.5643893387314439 0.0375 0.05
0 0.27447916666666666 0.0375 0.040625 0.04375
0 0.5245028409090909 0.3162878787878788 0.0265625 0.05
0 0.920053475935829 0.14432932263814618 0.028125 0.05
0 0.0919692560728745 0.463444669365722 0.0328125 0.04583333333333333
0 0.27734375 0.46875 0.0546875 0.04583333333333333
0 0.2987224264705882 0.5135416666666667 0.0359375 0.035416666666666666
0 0.6843791778074866 0.39918672014260254 0.0296875 0.04583333333333333
0 0.7463541666666667 0.3875 0.0375 0.05
0 0.7703125 0.27395833333333336 0.040625 0.052083333333333336
0 0.85625 0.6583333333333333 0.046875 0.05416666666666667
0 0.46553775380710655 0.21157466159052454 0.040625 0.03958333333333333
1 0.19296875 0.76875 0.0984375 0.13333333333333333
2 0.18254423945783133 0.7270833333333333 0.02866152108433735 0.03333333333333333
