0 0.7590538726993865 0.20517638036809815 0.0359375 0.04583333333333333
0 0.37572337962962965 0.3139274691358025 0.0453125 0.06875
0 0.7135127314814815 0.6192515432098766 0.0484375 0.06458333333333334
0 0.8624131944444444 0.9109182098765433 0.0390625 0.03958333333333333
0 0.790625 0.8541666666666666 0.04375 0.05416666666666667
0 0.753125 0.9770833333333333 0.034375 0.04583333333333333
0 0.6739872685185185 0.548148148148148 0.040567129629629585 0.05956790123456788
0 0.9791015625 0.13580729166666666 0.0375 0.06458333333333334
0 0.9424894173306771 0.035416666666666666 0.03497883466135452 0.04583333333333333
1 0.51953125 0.3458333333333333 0.0953125 0.10833333333333334
2 0.5109375 0.365625 0.025 0.03958333333333333
2 0.30302734375 0.6701822916666667 0.0517578125 0.05234375
2 0.9875 0.663795045045045 0.025 0.03333333333333333
2 0.14053308823529412 0.03572303921568628 0.02628676470588236 0.035416666666666666
