0 0.75859375 0.20625 0.0359375 0.04583333333333333
0 0.37060546875 0.25729166666666664 0.0453125 0.06875
0 0.7103849085365853 0.5931656504065042 0.0484375 0.06458333333333334
0 0.8596153846153847 0.9185096153846153 0.0390625 0.03958333333333333
0 0.790625 0.8541666666666666 0.04375 0.05416666666666667
0 0.753125 0.9770833333333333 0.034375 0.04583333333333333
0 0.6358455882352941 0.4375612745098039 0.0430147058823529 0.061151960784313765
0 0.99140625 0.8472537878787879 0.0171875 0.06458333333333334
0 0.8980902777777778 0.09791666666666667 0.04375 0.058333333333333334
0 0.941863794820717 0.035416666666666666 0.033727589641434186 0.04583333333333333
1 0.51953125 0.3458333333333333 0.0953125 0.10833333333333334
2 0.5109375 0.365625 0.025 0.03958333333333333
2 0.34006696428571426 0.6139136904761905 0.0421875 0.043303571428571414
2 0.9875 0.6609656531531531 0.025 0.03333333333333333
2 0.07466517857142857 0.050595238095238096 0.02745535714285714 0.03452380952380952
