0 0.7619871549079755 0.19833205521472394 0.0359375 0.04583333333333333
0 0.29635416666666664 0.571875 0.046875 0.06458333333333334
0 0.83671875 0.7222222222222221 0.0453125 0.055555555555555594
0 0.7130208333333333 0.7451388888888889 0.040625 0.06666666666666667
0 0.93984375 0.878125 0.0359375 0.058333333333333334
0 0.7912752757352941 0.8567677696078432 0.0450505514705883 0.05936887254901961
0 0.7446546052631579 0.9643640350877193 0.035690789473684245 0.06710526315789475
0 0.9546875 0.84375 0.0421875 0.05
0 0.7442471590909091 0.9459280303030303 0.0453125 0.05625
0 0.734375 0.9833333333333333 0.0375 0.03333333333333333
0 0.9452132936507937 0.027347883597883597 0.03730158730158735 0.045304232804232805
1 0.51953125 0.3458333333333333 0.0953125 0.10833333333333334
2 0.5109375 0.365625 0.025 0.03958333333333333
2 0.37313701923076925 0.9075320512820514 0.04002403846153846 0.04423076923076922
2 0.9856279481132075 0.6483294025157232 0.02874410377358494 0.038325471698113255
