0 0.7617570935582823 0.19886886503067483 0.0359375 0.04583333333333333
0 0.3081597222222222 0.560763888888889 0.046875 0.0645833333333334
0 0.85859375 0.7337962962962962 0.043229166666666784 0.054629629629629646
0 0.7116319444444444 0.733101851851852 0.040625 0.06666666666666667
0 0.9313210227272727 0.8821969696969698 0.03934659090909083 0.056060606060606116
0 0.7912201286764706 0.856547181372549 0.04494025735294116 0.05892769607843142
0 0.7460416666666667 0.9577777777777778 0.03583333333333334 0.0530555555555555
0 0.9506510416666668 0.8234375 0.03619791666666661 0.05520833333333333
0 0.7698437499999999 0.9329861111111112 0.04822916666666668 0.06597222222222227
0 0.72875 0.941875 0.031875000000000056 0.041666666666666664
0 0.9449156746031745 0.02761243386243386 0.0375 0.04583333333333333
1 0.51953125 0.3458333333333333 0.0953125 0.10833333333333334
2 0.5109375 0.365625 0.025 0.03958333333333333
2 0.371484375 0.8813802083333333 0.0421875 0.05
2 0.9859714673913043 0.6478713768115942 0.02805706521739122 0.037409420289855076
