0 0.7586991947852761 0.20600396216768915 0.0359375 0.04583333333333333
0 0.369140625 0.2833333333333333 0.0453125 0.06875
0 0.71328125 0.6036458333333333 0.0484375 0.06458333333333334
0 0.855859375 0.909375 0.0390625 0.03958333333333333
0 0.790625 0.8541666666666666 0.04375 0.05416666666666667
0 0.753125 0.9770833333333333 0.034375 0.04583333333333333
0 0.6522235576923077 0.4895032051282051 0.03882211538461542 0.05625
0 0.978125 0.91875 0.04375 0.05416666666666667
0 0.9409375000000001 0.10791666666666666 0.04375 0.058333333333333334
0 0.9421439243027889 0.035416666666666666 0.034287848605577764 0.04583333333333333
1 0.51953125 0.3458333333333333 0.0953125 0.10833333333333334
2 0.5109375 0.365625 0.025 0.03958333333333333
2 0.32117598684210524 0.6326206140350876 0.034292763157894736 0.044846491228070204
2 0.9875 0.662232545045045 0.025 0.03333333333333333
2 0.10224609375 0.06419270833333333 0.0220703125 0.03671875
