0 0.7642685966257668 0.19300869120654396 0.0359375 0.04583333333333333
0 0.16922743055555556 0.7126157407407407 0.04375 0.052083333333333336
0 0.6151692708333333 0.7458333333333333 0.041796875 0.05138888888888881
0 0.7185867537313433 0.8503575870646766 0.03125 0.05625
0 0.9784631529850746 0.8376865671641791 0.03701026119402986 0.047263681592039815
0 0.790625 0.8411317567567568 0.0375 0.052083333333333336
0 0.7413793103448276 0.9631824712643678 0.034375 0.052083333333333336
0 0.8274305555555556 0.9552083333333333 0.0359375 0.052083333333333336
0 0.9487771739130434 0.02246376811594203 0.030570652173913082 0.04076086956521739
1 0.51953125 0.3458333333333333 0.0953125 0.10833333333333334
2 0.51240234375 0.36861979166666664 0.0248046875 0.04140625
2 0.6264062499999999 0.8506250000000001 0.04343750000000002 0.05291666666666662
2 0.9867059426229507 0.6327698087431695 0.023411885245901588 0.03862704918032792
