0 0.75859375 0.20625 0.0359375 0.04583333333333333
0 0.36744791666666665 0.2725694444444445 0.0453125 0.06875000000000003
0 0.7129763719512195 0.5983485772357723 0.0484375 0.06458333333333334
0 0.8545072115384615 0.9103365384615384 0.0390625 0.03958333333333333
0 0.790625 0.8541666666666666 0.04375 0.05416666666666667
0 0.753125 0.9770833333333333 0.034375 0.04583333333333333
0 0.6505208333333333 0.46724537037037034 0.0375 0.05625
0 0.984375 0.8875 0.03125 0.058333333333333334
0 0.9224431818181819 0.11268939393939395 0.04375 0.058333333333333334
0 0.9420225348605576 0.035416666666666666 0.03404506972111552 0.04583333333333333
1 0.51953125 0.3458333333333333 0.0953125 0.10833333333333334
2 0.5109375 0.365625 0.025 0.03958333333333333
2 0.3354403409090909 0.6225378787878788 0.041335227272727246 0.04015151515151511
2 0.9875 0.6616835585585586 0.025 0.03333333333333333
2 0.09968750000000001 0.08312499999999999 0.023750000000000004 0.03125
