0 0.7592168328220859 0.20479614008179958 0.0359375 0.04583333333333333
0 0.36883680555555554 0.3244212962962963 0.0453125 0.06875
0 0.7144965277777777 0.6258101851851853 0.0484375 0.06458333333333334
0 0.8653645833333334 0.9174768518518519 0.0390625 0.03958333333333333
0 0.790625 0.8541666666666666 0.04375 0.05416666666666667
0 0.753125 0.9770833333333333 0.034375 0.04583333333333333
0 0.6862847222222223 0.5756944444444445 0.03368055555555553 0.06481481481481488
0 0.9811580882352942 0.13547794117647058 0.034558823529411774 0.06262254901960786
0 0.9426481573705179 0.035416666666666666 0.03529631474103585 0.04583333333333333
1 0.51953125 0.3458333333333333 0.0953125 0.10833333333333334
2 0.5109375 0.365625 0.025 0.03958333333333333
2 0.2954375 0.6810833333333334 0.053125 0.05416666666666667
2 0.9875 0.6645129504504504 0.025 0.03333333333333333
2 0.1515625 0.008333333333333333 0.03125 0.016666666666666666
