0 0.7639714340490797 0.19370207055214725 0.0359375 0.04583333333333333
0 0.18954081632653058 0.7012117346938775 0.043749999999999976 0.052083333333333336
0 0.6469482421875 0.7423502604166666 0.048974609375 0.0548828125
0 0.721728515625 0.8377604166666667 0.0375 0.07083333333333333
0 0.9720344387755102 0.840625 0.0375 0.04791666666666667
0 0.790625 0.8446227477477477 0.0375 0.052083333333333336
0 0.7377255154639176 0.9618341924398626 0.034600515463917514 0.0519329896907216
0 0.844287109375 0.9504557291666667 0.0359375 0.052083333333333336
0 0.9481453804347826 0.023306159420289855 0.03183423913043484 0.042445652173913044
1 0.51953125 0.3458333333333333 0.0953125 0.10833333333333334
2 0.5131591796875 0.36962890625 0.026318359375 0.04342447916666667
2 0.6014246323529411 0.8709558823529412 0.041636029411764766 0.05416666666666667
2 0.9871029713114755 0.6340932377049181 0.024205942622950793 0.03598019125683057
