0 0.40078125 0.7822916666666667 0.0390625 0.04375
0 0.8266377005347593 0.7962344028520499 0.0375 0.041666666666666664
0 0.78046875 0.68125 0.0390625 0.04583333333333333
0 0.7625 0.5636639676113361 0.0375 0.05
0 0.2739955357142857 0.01830357142857143 0.04397321428571428 0.03660714285714286
0 0.5146484375 0.3924479166666667 0.026953125 0.059895833333333336
0 0.918975601604278 0.14385026737967915 0.028125 0.05
0 0.09115321356275304 0.463081983805668 0.0328125 0.04583333333333333
0 0.27734375 0.46875 0.0546875 0.04583333333333333
0 0.29368990384615384 0.5263621794871794 0.0359375 0.03541666666666661
0 0.6811455548128342 0.4015819964349376 0.0296875 0.04583333333333333
0 0.79375 0.33177083333333335 0.0375 0.05
0 0.7703125 0.27395833333333336 0.040625 0.052083333333333336
0 0.85625 0.6583333333333333 0.046875 0.05416666666666667
0 0.4645145939086294 0.21293887478849408 0.040625 0.03958333333333333
0 0.020128676470588237 0.09178921568627452 0.0375 0.05931372549019608
1 0.19296875 0.76875 0.0984375 0.13333333333333333
2 0.18234186746987951 0.7270833333333333 0.02906626506024097 0.03333333333333333
