0 0.40078125 0.7822916666666667 0.0390625 0.04375
0 0.826629344919786 0.7961898395721926 0.0375 0.041666666666666664
0 0.78046875 0.68125 0.0390625 0.04583333333333333
0 0.7625 0.5636470985155195 0.0375 0.05
0 0.27417091836734697 0.018133503401360544 0.04413265306122449 0.03626700680272109
0 0.5145833333333334 0.3940972222222222 0.027083333333333303 0.06041666666666667
0 0.9189505347593583 0.1438391265597148 0.028125 0.05000000000000002
0 0.09113423582995953 0.4630735492577598 0.0328125 0.04583333333333333
0 0.27734375 0.46875 0.0546875 0.04583333333333333
0 0.29360977564102564 0.5267895299145299 0.0359375 0.035416666666666666
0 0.6810703542780748 0.40163770053475933 0.0296875 0.04583333333333333
0 0.7953125 0.3333333333333333 0.0375 0.05
0 0.7703125 0.27395833333333336 0.040625 0.052083333333333336
0 0.85625 0.6583333333333333 0.046875 0.05416666666666667
0 0.4644907994923858 0.21297060067681894 0.040625 0.03958333333333333
0 0.020818014705882355 0.09132965686274509 0.0375 0.05876225490196078
1 0.19296875 0.76875 0.0984375 0.13333333333333333
2 0.18233716114457832 0.7270833333333333 0.029075677710843385 0.03333333333333333
