0 0.7641631518404908 0.1932547290388548 0.0359375 0.04583333333333333
0 0.1774234693877551 0.7080144557823129 0.04375 0.052083333333333336
0 0.6256893382352942 0.7465686274509804 0.041636029411764676 0.04509803921568635
0 0.7198529411764707 0.8451593137254902 0.03272058823529411 0.05968137254901957
0 0.9784119897959183 0.840625 0.0375 0.04791666666666667
0 0.790625 0.8423704954954955 0.0375 0.052083333333333336
0 0.7396012931034484 0.9623922413793103 0.034375 0.052083333333333336
0 0.8326746323529411 0.9556985294117647 0.0359375 0.052083333333333336
0 0.948552989130435 0.022762681159420293 0.03101902173913036 0.04135869565217391
1 0.51953125 0.3458333333333333 0.0953125 0.10833333333333334
2 0.5126708984375 0.3689778645833333 0.025341796875 0.04212239583333333
2 0.6135044642857144 0.8419642857142856 0.0453125 0.050595238095238075
2 0.9868468237704917 0.633239412568306 0.023693647540983596 0.03768784153005467
