0 0.764565759202454 0.1923153118609407 0.0359375 0.04583333333333333
0 0.14420362903225806 0.7260416666666667 0.04375 0.052083333333333336
0 0.5887096774193548 0.7727822580645162 0.04858870967741931 0.04973118279569893
0 0.7178638059701493 0.8657804726368159 0.03125 0.05625
0 0.9730410447761194 0.8246735074626865 0.0348414179104477 0.04437189054726361
0 0.790625 0.8376407657657657 0.0375 0.052083333333333336
0 0.7414488636363636 0.9596022727272727 0.034375 0.052083333333333336
0 0.8143397177419354 0.9564852150537635 0.035937499999999914 0.051142473118279595
0 0.9494089673913043 0.021621376811594203 0.029307065217391327 0.03907608695652174
1 0.51953125 0.3458333333333333 0.0953125 0.10833333333333334
2 0.5116455078125 0.36761067708333334 0.023291015625 0.039388020833333336
2 0.6464285714285715 0.8108630952380953 0.040625 0.05625
2 0.9863089139344261 0.6314463797814208 0.02261782786885238 0.04127390710382516
