0 0.7625143788343558 0.19710186605316973 0.0359375 0.04583333333333333
0 0.2704527243589744 0.6227029914529915 0.04242788461538458 0.042841880341880294
0 0.7832532051282051 0.7135416666666666 0.046875 0.05625
0 0.7096153846153846 0.772943376068376 0.03173076923076925 0.04887820512820511
0 0.9437299679487179 0.8071047008547009 0.041626602564102555 0.05010683760683771
0 0.7914016544117647 0.8572732843137255 0.04530330882352942 0.06037990196078435
0 0.7410361842105264 0.9631578947368421 0.04292763157894734 0.06951754385964909
0 0.926522435897436 0.8686431623931623 0.05280448717948723 0.06581196581196581
0 0.6841145833333333 0.9833333333333333 0.0359375 0.03333333333333333
0 0.94453125 0.029166666666666667 0.0359375 0.041666666666666664
1 0.51953125 0.3458333333333333 0.0953125 0.10833333333333334
2 0.5147518382352941 0.3658088235294118 0.03299632352941177 0.03995098039215688
2 0.44502840909090907 0.9300189393939393 0.0451704545454545 0.04640151515151523
2 0.9865119485294118 0.6465992647058824 0.02697610294117645 0.039276960784313766
