0 0.7645465874233129 0.19236004601226994 0.0359375 0.04583333333333333
0 0.1453125 0.7260416666666667 0.04375 0.052083333333333336
0 0.590625 0.7729166666666667 0.05 0.05
0 0.717910447761194 0.864785447761194 0.03125 0.05625
0 0.9733908582089551 0.8255130597014926 0.034981343283582156 0.044558457711442755
0 0.790625 0.837865990990991 0.0375 0.052083333333333336
0 0.7415056818181818 0.959905303030303 0.034375 0.052083333333333336
0 0.81484375 0.9552083333333333 0.0359375 0.052083333333333336
0 0.9493682065217393 0.021675724637681158 0.029388586956521755 0.03918478260869565
1 0.51953125 0.3458333333333333 0.0953125 0.10833333333333334
2 0.5116943359375 0.36767578125 0.023388671875 0.03951822916666667
2 0.6455729166666666 0.8131944444444446 0.04045138888888884 0.055555555555555594
2 0.9863345286885246 0.6315317622950819 0.022669057377049207 0.041103142076502765
