0 0.7643165260736196 0.19289685582822086 0.0359375 0.04583333333333333
0 0.16510416666666666 0.7149305555555556 0.04375 0.052083333333333336
0 0.6109375 0.7458333333333333 0.04375 0.058333333333333334
0 0.7184701492537313 0.8528451492537313 0.03125 0.05625
0 0.9775886194029851 0.8355876865671642 0.03666044776119417 0.04679726368159199
0 0.790625 0.8405686936936937 0.0375 0.052083333333333336
0 0.7421875 0.9635416666666666 0.034375 0.052083333333333336
0 0.8252604166666666 0.9552083333333333 0.0359375 0.052083333333333336
0 0.9488790760869567 0.02232789855072464 0.030366847826086917 0.04048913043478261
1 0.51953125 0.3458333333333333 0.0953125 0.10833333333333334
2 0.5122802734375 0.36845703125 0.024560546875 0.04108072916666667
2 0.62890625 0.8401041666666667 0.04375 0.053125
2 0.9866419057377049 0.6325563524590163 0.023283811475409876 0.03905396174863386
