0 0.762083013803681 0.1981083844580777 0.0359375 0.04583333333333333
0 0.2914351851851852 0.5765046296296297 0.046875 0.06458333333333334
0 0.8276041666666668 0.7173996913580247 0.04618055555555554 0.05594135802469135
0 0.713599537037037 0.7501543209876543 0.040625 0.06666666666666667
0 0.9484375 0.8704861111111111 0.03125 0.05625
0 0.7912982536764706 0.856859681372549 0.0450965073529412 0.059552696078431326
0 0.7439967105263158 0.9641447368421052 0.037006578947368404 0.06754385964912284
0 0.9546875 0.8541666666666666 0.044791666666666785 0.05
0 0.7307812499999999 0.9589583333333334 0.0453125 0.05625
0 0.9450892857142857 0.027678571428571427 0.03705357142857135 0.044642857142857144
1 0.51953125 0.3458333333333333 0.0953125 0.10833333333333334
2 0.5109375 0.365625 0.025 0.03958333333333333
2 0.38359375 0.9229166666666667 0.0390625 0.041666666666666664
2 0.9859227594339621 0.647936320754717 0.02815448113207548 0.03753930817610064
