0 0.7622843174846625 0.19763867586912065 0.0359375 0.04583333333333333
0 0.28151041666666665 0.5951388888888888 0.0453125 0.0569444444444444
0 0.8072916666666666 0.7135416666666666 0.04687499999999991 0.05625
0 0.7125 0.7607638888888889 0.0375 0.06041666666666667
0 0.9528645833333332 0.8423611111111112 0.03489583333333339 0.05138888888888893
0 0.7913465073529411 0.8570526960784314 0.04519301470588229 0.05993872549019604
0 0.7426151315789473 0.9636842105263158 0.039769736842105274 0.06846491228070176
0 0.9447916666666668 0.8673611111111111 0.048958333333333395 0.055555555555555594
0 0.7079241071428571 0.9757440476190476 0.05558035714285712 0.04851190476190474
0 0.944828869047619 0.028373015873015873 0.03653273809523814 0.04325396825396825
1 0.51953125 0.3458333333333333 0.0953125 0.10833333333333334
2 0.5111150568181818 0.365625 0.02535511363636367 0.03958333333333333
2 0.4127604166666667 0.9125 0.03906250000000004 0.041666666666666664
2 0.9865418632075471 0.6471108490566039 0.026916273584905604 0.035888364779874254
