0 0.7644027990797546 0.19269555214723924 0.0359375 0.04583333333333333
0 0.15768229166666667 0.7190972222222223 0.04375 0.052083333333333336
0 0.6033203125 0.7559895833333333 0.04609375 0.05520833333333333
0 0.7182602611940299 0.8573227611940298 0.03125 0.05625
0 0.976014458955224 0.8318097014925373 0.036030783582089575 0.045957711442786105
0 0.790625 0.8395551801801803 0.0375 0.052083333333333336
0 0.7419318181818182 0.9621780303030304 0.034375 0.052083333333333336
0 0.8213541666666666 0.9552083333333333 0.0359375 0.052083333333333336
0 0.9490624999999999 0.022083333333333333 0.030000000000000072 0.04
1 0.51953125 0.3458333333333333 0.0953125 0.10833333333333334
2 0.512060546875 0.3681640625 0.02412109375 0.04049479166666667
2 0.633984375 0.8298177083333333 0.0390625 0.04453125
2 0.9865266393442622 0.632172131147541 0.023053278688524515 0.03982240437158471
