0 0.7623514187116565 0.1974821063394683 0.0359375 0.04583333333333333
0 0.27828525641025637 0.6031784188034188 0.044471153846153876 0.052831196581196595
0 0.8002804487179487 0.7135416666666666 0.046875 0.05625
0 0.7116586538461538 0.7643162393162393 0.03581730769230766 0.057051282051281994
0 0.9502003205128204 0.8320779914529914 0.03685897435897427 0.0510149572649573
0 0.7913625919117647 0.8571170343137254 0.04522518382352949 0.06006740196078428
0 0.7421546052631578 0.9635307017543859 0.04069078947368423 0.06877192982456144
0 0.9394631410256411 0.8677350427350426 0.050080128205128104 0.05854700854700852
0 0.696875 0.9739583333333334 0.046875 0.052083333333333336
0 0.9447420634920636 0.028604497354497358 0.03635912698412706 0.04279100529100529
1 0.51953125 0.3458333333333333 0.0953125 0.10833333333333334
2 0.5123579545454545 0.365625 0.027840909090909083 0.03958333333333333
2 0.42109375 0.9104166666666667 0.0390625 0.041666666666666664
2 0.9867072610294118 0.646859681372549 0.02658547794117645 0.03563112745098043
