0 0.75859375 0.20625 0.0359375 0.04583333333333333
0 0.36192989864864866 0.21072635135135134 0.0453125 0.06875
0 0.7158994932432432 0.5729448198198198 0.0484375 0.06458333333333334
0 0.8419130067567568 0.9135416666666667 0.0390625 0.03958333333333333
0 0.790625 0.8541666666666666 0.04375 0.05416666666666667
0 0.753125 0.9770833333333333 0.034375 0.04583333333333333
0 0.6033572635135135 0.3518581081081081 0.0421875 0.05405405405405409
0 0.8140625 0.0575 0.04375 0.058333333333333334
0 0.94140625 0.035416666666666666 0.0328125 0.04583333333333333
1 0.51953125 0.3458333333333333 0.0953125 0.10833333333333334
2 0.5109375 0.365625 0.025 0.03958333333333333
2 0.32796875000000003 0.58875 0.04093749999999998 0.04583333333333333
2 0.9875 0.65625 0.025 0.03333333333333333
2 0.04140625 0.08854166666666667 0.0296875 0.03125
