0 0.40078125 0.7822916666666667 0.0390625 0.04375
0 0.8279829545454545 0.8034090909090909 0.0375 0.041666666666666664
0 0.78046875 0.68125 0.0390625 0.04583333333333333
0 0.7625 0.5663798920377868 0.0375 0.05
0 0.2386008522727273 0.053740530303030304 0.034375 0.04791666666666667
0 0.5767680921052631 0.11348684210526315 0.0265625 0.05
0 0.9230113636363637 0.14564393939393938 0.028125 0.05
0 0.09420862854251014 0.4644399460188934 0.03281250000000001 0.04583333333333333
0 0.27734375 0.46875 0.0546875 0.04583333333333333
0 0.33474786931818185 0.5337357954545454 0.029225852272727292 0.03413825757575755
0 0.6932528409090909 0.3926136363636364 0.0296875 0.04583333333333333
0 0.6272235576923076 0.47203525641025645 0.0421875 0.054967948717948724
0 0.7703125 0.27395833333333336 0.040625 0.052083333333333336
0 0.85625 0.6583333333333333 0.046875 0.05416666666666667
0 0.46834549492385785 0.20783100676818952 0.040625 0.03958333333333333
1 0.19296875 0.76875 0.0984375 0.13333333333333333
2 0.18403445512820513 0.7303418803418803 0.028125 0.03333333333333333
