0 0.75859375 0.20625 0.0359375 0.04583333333333333
0 0.36953125 0.234375 0.0453125 0.06875
0 0.70703125 0.5864583333333333 0.0484375 0.06458333333333334
0 0.85078125 0.9135416666666667 0.0390625 0.03958333333333333
0 0.790625 0.8541666666666666 0.04375 0.05416666666666667
0 0.753125 0.9770833333333333 0.034375 0.04583333333333333
0 0.62109375 0.4 0.0421875 0.0625
0 0.8623579545454545 0.07632575757575757 0.04375 0.05833333333333333
0 0.9416583665338646 0.035416666666666666 0.03331673306772913 0.04583333333333333
1 0.51953125 0.3458333333333333 0.0953125 0.10833333333333334
2 0.5109375 0.365625 0.025 0.03958333333333333
2 0.34140625 0.5968253968253968 0.0421875 0.05
2 0.9875 0.6589166666666666 0.025 0.03333333333333333
2 0.062890625 0.051041666666666666 0.03046875 0.03854166666666667
