0 0.75859375 0.20625 0.0359375 0.04583333333333333
0 0.3703125 0.25104166666666666 0.0453125 0.06875
0 0.7094702743902439 0.5913363821138211 0.0484375 0.06458333333333334
0 0.8614182692307691 0.9213942307692308 0.0390625 0.03958333333333333
0 0.790625 0.8541666666666666 0.04375 0.05416666666666667
0 0.753125 0.9770833333333333 0.034375 0.04583333333333333
0 0.6292279411764705 0.42947303921568625 0.04632352941176467 0.064093137254902
0 0.993359375 0.8326388888888889 0.01328125 0.06458333333333334
0 0.8876736111111111 0.09791666666666667 0.04375 0.058333333333333334
0 0.9418077689243027 0.035416666666666666 0.033615537848605645 0.04583333333333333
1 0.51953125 0.3458333333333333 0.0953125 0.10833333333333334
2 0.5109375 0.365625 0.025 0.03958333333333333
2 0.3347098214285714 0.614360119047619 0.0421875 0.047767857142857056
2 0.9875 0.6607122747747748 0.025 0.03333333333333333
2 0.07294921875 0.055338541666666664 0.0287109375 0.03619791666666667
