0 0.40078125 0.7822916666666667 0.0390625 0.04375
0 0.8280832219251337 0.8039438502673797 0.0375 0.041666666666666664
0 0.78046875 0.68125 0.0390625 0.04583333333333333
0 0.7625 0.5665823211875843 0.0375 0.05
0 0.2356178977272727 0.05771780303030303 0.034375 0.04791666666666667
0 0.58828125 0.09791666666666667 0.0265625 0.05
0 0.923312165775401 0.1457776292335116 0.028125 0.04999999999999998
0 0.09443636133603239 0.4645411605937922 0.0328125 0.04583333333333333
0 0.27734375 0.46875 0.0546875 0.04583333333333333
0 0.34220525568181814 0.5334517045454545 0.02624289772727271 0.03357007575757578
0 0.6941552473262032 0.39194518716577537 0.0296875 0.04583333333333333
0 0.60546875 0.48020833333333335 0.0296875 0.05625
0 0.3703125 0.010416666666666666 0.04375 0.020833333333333332
0 0.7703125 0.27395833333333336 0.040625 0.052083333333333336
0 0.85625 0.6583333333333333 0.046875 0.05416666666666667
0 0.46863102791878175 0.20745029610829102 0.040625 0.03958333333333333
1 0.19296875 0.76875 0.0984375 0.13333333333333333
2 0.18427483974358974 0.7309829059829059 0.028125 0.03333333333333333
