0 0.7631470475460123 0.19562563905930472 0.0359375 0.04583333333333333
0 0.23728693181818183 0.6655618686868687 0.05061553030303032 0.0630681818181819
0 0.722466856060606 0.7226641414141414 0.037263257575757616 0.041666666666666664
0 0.7128787878787879 0.810479797979798 0.05123106060606055 0.06957070707070716
0 0.9636057692307691 0.8388782051282052 0.04706730769230756 0.05974358974358971
0 0.7913221153846154 0.8542948717948718 0.044471153846153924 0.05858974358974365
0 0.7404961340206185 0.9664518900343642 0.037371134020618604 0.050085910652920874
0 0.8966856060606061 0.9201073232323231 0.042803030303030454 0.052083333333333336
0 0.9465073529411765 0.030269607843137255 0.0352941176470587 0.039705882352941174
1 0.51953125 0.3458333333333333 0.0953125 0.10833333333333334
2 0.51484375 0.36959005376344084 0.0296875 0.0433467741935484
2 0.503515625 0.9319010416666667 0.0390625 0.04244791666666667
2 0.9868885869565218 0.6458786231884057 0.026222826086956454 0.03994565217391314
