0 0.7608464340490798 0.20099373721881392 0.0359375 0.04583333333333333
0 0.34309895833333337 0.4864583333333333 0.046875 0.06458333333333334
0 0.96435546875 0.7528211805555555 0.036653645833333214 0.04019097222222226
0 0.7046223958333333 0.68984375 0.0515625 0.06875
0 0.913586956521739 0.907019927536232 0.04354619565217401 0.03677536231884062
0 0.7910018382352941 0.8556740196078432 0.04450367647058826 0.05718137254901959
0 0.755695564516129 0.9718413978494624 0.0349798387096774 0.053091397849462395
0 0.9830078125 0.7635416666666667 0.0265625 0.058333333333333334
0 0.9161305147058822 0.8575367647058824 0.038143382352941124 0.04375
0 0.7248046875 0.8072916666666666 0.0359375 0.058333333333333334
0 0.94375 0.03216666666666666 0.0375 0.04583333333333333
1 0.51953125 0.3458333333333333 0.0953125 0.10833333333333334
2 0.5109375 0.365625 0.025 0.03958333333333333
2 0.31875 0.8291666666666667 0.04375 0.041666666666666664
2 0.9875 0.6533408408408409 0.025 0.03333333333333333
