0 0.40078125 0.7822916666666667 0.0390625 0.04375
0 0.8279578877005347 0.8032754010695187 0.0375 0.041666666666666664
0 0.78046875 0.68125 0.0390625 0.04583333333333333
0 0.7625 0.5663292847503374 0.0375 0.05
0 0.2393465909090909 0.052746212121212124 0.034375 0.04791666666666667
0 0.574547697368421 0.11907894736842106 0.0265625 0.05000000000000002
0 0.9229361631016042 0.14561051693404634 0.028125 0.05
0 0.09415169534412955 0.4644146423751687 0.03281249999999999 0.04583333333333333
0 0.27734375 0.46875 0.0546875 0.04583333333333333
0 0.33288352272727273 0.5338068181818182 0.02997159090909087 0.034280303030303
0 0.6930272393048129 0.3927807486631016 0.0296875 0.04583333333333333
0 0.6329927884615385 0.4705929487179487 0.0421875 0.05400641025641022
0 0.7703125 0.27395833333333336 0.040625 0.052083333333333336
0 0.85625 0.6583333333333333 0.046875 0.05416666666666667
0 0.4682741116751269 0.2079261844331641 0.040625 0.03958333333333333
1 0.19296875 0.76875 0.0984375 0.13333333333333333
2 0.18397435897435896 0.730181623931624 0.028125 0.03333333333333333
