0 0.75859375 0.20625 0.0359375 0.04583333333333333
0 0.364210304054054 0.21782094594594595 0.0453125 0.06875
0 0.7132390202702703 0.5769988738738739 0.0484375 0.06458333333333334
0 0.8445734797297296 0.9135416666666667 0.0390625 0.03958333333333333
0 0.790625 0.8541666666666666 0.04375 0.05416666666666667
0 0.753125 0.9770833333333333 0.034375 0.04583333333333333
0 0.6086782094594595 0.36630067567567565 0.0421875 0.056587837837837836
0 0.8283203125 0.07096354166666667 0.04375 0.058333333333333334
0 0.9414622758964143 0.035416666666666666 0.032924551792828716 0.04583333333333333
1 0.51953125 0.3458333333333333 0.0953125 0.10833333333333334
2 0.5109375 0.365625 0.025 0.03958333333333333
2 0.340625 0.5760416666666667 0.041145833333333305 0.05069444444444452
2 0.9875 0.65625 0.025 0.03333333333333333
2 0.045572916666666664 0.08229166666666667 0.029687499999999995 0.03125
