0 0.7589100843558282 0.20551188650306748 0.0359375 0.04583333333333333
0 0.374609375 0.3020833333333333 0.0453125 0.06875
0 0.71328125 0.6130208333333333 0.0484375 0.06458333333333334
0 0.859765625 0.909375 0.0390625 0.03958333333333333
0 0.790625 0.8541666666666666 0.04375 0.05416666666666667
0 0.753125 0.9770833333333333 0.034375 0.04583333333333333
0 0.6644405241935484 0.5242943548387097 0.04107862903225801 0.0575940860215054
0 0.9693509615384617 0.9650641025641026 0.044230769230769164 0.04391025641025645
0 0.9703125 0.12604166666666666 0.0375 0.06458333333333334
0 0.9423493525896415 0.035416666666666666 0.03469870517928282 0.04583333333333333
1 0.51953125 0.3458333333333333 0.0953125 0.10833333333333334
2 0.5109375 0.365625 0.025 0.03958333333333333
2 0.3103515625 0.6565104166666667 0.044921875 0.043229166666666666
2 0.9875 0.6631615990990991 0.025 0.03333333333333333
2 0.11863839285714287 0.04211309523809524 0.029241071428571443 0.035416666666666666
