0 0.1434641768292683 0.051626016260162604 0.0421875 0.05416666666666667
0 0.4508051658163265 0.2072704081632653 0.046875 0.05625
0 0.12687500000000002 0.4540625 0.040625 0.058333333333333334
0 0.08629419975186103 0.8104347601323407 0.04374999999999999 0.06041666666666667
0 0.05859375 0.06145833333333333 0.0421875 0.06041666666666667
0 0.08984375 0.31875 0.0578125 0.08333333333333333
0 0.41328125 0.95 0.0546875 0.06666666666666667
0 0.04238943326271186 0.9586687853107345 0.0453125 0.0625
0 0.73203125 0.27291666666666664 0.0421875 0.05416666666666667
0 0.07773951480263158 0.4792420504385965 0.0390625 0.058333333333333334
0 0.28359375 0.5125 0.0453125 0.0625
0 0.525 0.3489583333333333 0.05 0.06041666666666667
0 0.77890625 0.475 0.0546875 0.0625
0 0.9125 0.3115972222222222 0.053125 0.0625
0 0.8515625 0.28854166666666664 0.046875 0.05625
0 0.4890625 0.5083333333333333 0.04375 0.0625
0 0.546875 0.659375 0.046875 0.05625
0 0.7234375 0.7666666666666667 0.05625 0.07083333333333333
0 0.81796875 0.578125 0.0484375 0.06041666666666667
0 0.5772574240331492 0.3046385819521179 0.07331664364640877 0.08505985267034992
0 0.952179939516129 0.9587449596774194 0.04375 0.05416666666666667
0 0.128125 0.5302083333333333 0.04375 0.03958333333333333
1 0.38046875 0.840625 0.1515625 0.19791666666666666
1 0.50859375 0.7895833333333333 0.0953125 0.1625
0 0.47734375 0.8979166666666667 0.0421875 0.05
0 0.68828125 0.28020833333333334 0.0296875 0.03125
0 0.4109065594059406 0.14166666666666666 0.028125000000000046 0.041666666666666664
