0 0.14252875554323724 0.051833887657058396 0.0421875 0.05416666666666667
0 0.4497289540816326 0.20822704081632654 0.046875 0.05625
0 0.12098214285714286 0.4375 0.040625 0.058333333333333334
0 0.08542183622828785 0.8109000206782465 0.04375000000000001 0.06041666666666667
0 0.09609375 0.121875 0.0421875 0.06041666666666667
0 0.08984375 0.3854166666666667 0.0515625 0.075
0 0.46484375 0.8416666666666667 0.0546875 0.06666666666666667
0 0.04194253177966102 0.9594632768361583 0.0453125 0.0625
0 0.73203125 0.27291666666666664 0.0421875 0.05416666666666667
0 0.07734375 0.4831912878787879 0.0390625 0.058333333333333334
0 0.28359375 0.5125 0.0453125 0.0625
0 0.525 0.3489583333333333 0.05 0.06041666666666667
0 0.77890625 0.475 0.0546875 0.0625
0 0.9125 0.3091666666666667 0.053125 0.0625
0 0.8515625 0.28854166666666664 0.046875 0.05625
0 0.4890625 0.5083333333333333 0.04375 0.0625
0 0.546875 0.659375 0.046875 0.05625
0 0.7234375 0.7666666666666667 0.05625 0.07083333333333333
0 0.81796875 0.578125 0.0484375 0.06041666666666667
0 0.5797824585635359 0.30489755985267036 0.06982044198895032 0.08143416206261511
0 0.9504788306451613 0.9576108870967741 0.04375 0.05416666666666667
0 0.128125 0.5302083333333333 0.04375 0.03958333333333333
1 0.38046875 0.840625 0.1515625 0.19791666666666666
1 0.50859375 0.7895833333333333 0.0953125 0.1625
0 0.47734375 0.8979166666666667 0.0421875 0.05
0 0.68828125 0.28020833333333334 0.0296875 0.03125
0 0.41021039603960396 0.14166666666666666 0.028125 0.041666666666666664
