0 0.4627604166666667 0.15366512345679015 0.046875 0.06041666666666668
0 0.2693395833333333 0.07825277777777777 0.0359375 0.05208333333333333
0 0.1888671875 0.11640625 0.034375 0.04791666666666667
0 0.28169642857142857 0.13139880952380953 0.04375 0.052083333333333336
0 0.18671875 0.128125 0.0421875 0.058333333333333334
0 0.1453125 0.35693812310359774 0.040625 0.05416666666666667
0 0.18271004098360658 0.39017247267759564 0.042187500000000024 0.06666666666666667
0 0.44462002840909093 0.6852982954545455 0.046875 0.06875
0 0.5877878289473684 0.7584292763157895 0.04375 0.06041666666666667
0 0.7242231341189674 0.04481504863449307 0.04375 0.06041666666666667
0 0.8237092391304348 0.06875 0.040625 0.058333333333333334
0 0.8981071428571429 0.43980357142857146 0.040625 0.06041666666666667
0 0.8844166666666666 0.5181388888888888 0.0453125 0.06666666666666661
0 0.95390625 0.5177083333333333 0.0484375 0.06875
0 0.97265625 0.634375 0.0484375 0.07291666666666667
0 0.872149658203125 0.9336263020833333 0.0453125 0.0625
0 0.13795128105590063 0.9708333333333333 0.05 0.058333333333333334
2 0.08264307228915661 0.7931726907630522 0.04999999999999999 0.075
0 0.21171875 0.16458333333333333 0.0453125 0.06666666666666667
0 0.9310132575757576 0.4017676767676768 0.040625 0.058333333333333334
0 0.3071514423076923 0.38461538461538464 0.0546875 0.06666666666666667
0 0.02890625 0.4041666666666667 0.0578125 0.09166666666666666
0 0.95078125 0.6104166666666667 0.0390625 0.058333333333333334
0 0.22933238636363637 0.24327651515151516 0.07031250000000003 0.10208333333333336
0 0.6276785714285714 0.8119047619047619 0.046875 0.06666666666666667
0 0.34095982142857145 0.7776785714285714 0.0671875 0.0875
0 0.40703125 0.17433712121212122 0.0546875 0.06875
0 0.5561121323529412 0.978125 0.0546875 0.03958333333333333
1 0.90859375 0.08958333333333333 0.1265625 0.125
0 0.7983114919354839 0.904603494623656 0.043901209677419395 0.06323924731182788
1 0.3015625 0.22337773224043717 0.065625 0.07592213114754097
