0 0.515625 0.2864583333333333 0.046875 0.06041666666666667
0 0.26953125 0.078125 0.0359375 0.052083333333333336
0 0.0265625 0.17395833333333333 0.0375 0.052083333333333336
0 0.3703125 0.14270833333333333 0.04375 0.052083333333333336
0 0.22578125 0.10208333333333333 0.0421875 0.058333333333333334
0 0.1453125 0.36041666666666666 0.040625 0.05416666666666667
0 0.1921875 0.4034722222222222 0.04375 0.06666666666666667
0 0.4709625 0.6697916666666667 0.046875 0.06875
0 0.621875 0.7614583333333333 0.04375 0.06041666666666667
0 0.725 0.04895833333333333 0.04375 0.06041666666666667
0 0.8265625 0.06875 0.040625 0.058333333333333334
0 0.9109375 0.428125 0.040625 0.06041666666666667
0 0.89609375 0.5125 0.0453125 0.06666666666666667
0 0.95390625 0.5177083333333333 0.0484375 0.06875
0 0.97265625 0.634375 0.0484375 0.07291666666666667
0 0.88515625 0.9416666666666667 0.0453125 0.0625
0 0.146875 0.9666666666666667 0.05 0.058333333333333334
2 0.1394820601851852 0.8139081790123457 0.05 0.075
0 0.21171875 0.16458333333333333 0.0453125 0.06666666666666667
0 0.965625 0.3885416666666667 0.040625 0.058333333333333334
0 0.11796875 0.675 0.0546875 0.06666666666666667
0 0.95078125 0.6104166666666667 0.0390625 0.058333333333333334
0 0.453125 0.09479166666666666 0.05625 0.07291666666666667
0 0.33984375 0.9614583333333333 0.0546875 0.06041666666666667
0 0.696630859375 0.5983072916666666 0.0515625 0.06041666666666667
0 0.6265625 0.4545138888888889 0.046875 0.06041666666666667
0 0.82734375 0.79375 0.0546875 0.075
1 0.90859375 0.08958333333333333 0.1265625 0.125
0 0.79921875 0.9052083333333333 0.0484375 0.07291666666666667
1 0.3140625 0.2375 0.065625 0.07916666666666666
