0 0.5027138157894737 0.26584429824561406 0.046875 0.06041666666666667
0 0.26953125 0.078125 0.0359375 0.052083333333333336
0 0.03185096153846154 0.1826121794871795 0.034375 0.04791666666666667
0 0.36566722972972976 0.14563626126126125 0.04375 0.052083333333333336
0 0.22351831896551727 0.10294540229885057 0.0421875 0.058333333333333334
0 0.1453125 0.36041666666666666 0.040625 0.05416666666666667
0 0.19065393518518517 0.40483539094650206 0.043749999999999976 0.06666666666666667
0 0.4669875 0.6697916666666667 0.046875 0.06875
0 0.621875 0.7686987704918032 0.04375 0.06041666666666667
0 0.72490705667789 0.04846263561541339 0.04375 0.06041666666666667
0 0.8265625 0.06875 0.040625 0.058333333333333334
0 0.9083333333333334 0.4288194444444445 0.040625 0.06041666666666667
0 0.89609375 0.5125 0.0453125 0.06666666666666667
0 0.95390625 0.5177083333333333 0.0484375 0.06875
0 0.97265625 0.634375 0.0484375 0.07291666666666667
0 0.8841619318181818 0.9363636363636363 0.0453125 0.0625
0 0.146875 0.9666666666666667 0.05 0.058333333333333334
2 0.1334703947368421 0.8145833333333333 0.05 0.075
0 0.21171875 0.16458333333333333 0.0453125 0.06666666666666667
0 0.9628216911764707 0.39304534313725487 0.040625 0.058333333333333334
0 0.1551081730769231 0.6235576923076923 0.0546875 0.06666666666666667
0 0.95078125 0.6104166666666667 0.0390625 0.058333333333333334
0 0.40796875000000005 0.16999999999999998 0.06250000000000004 0.07916666666666665
0 0.3186979166666667 0.9697916666666667 0.0546875 0.06041666666666667
0 0.6843149038461538 0.6846955128205128 0.0515625 0.06041666666666667
0 0.703125 0.40979166666666667 0.046875 0.06041666666666667
0 0.97140625 0.9216666666666666 0.0515625 0.0625
0 0.9082812499999999 0.8725 0.0546875 0.075
1 0.90859375 0.08958333333333333 0.1265625 0.125
0 0.79921875 0.9052083333333333 0.0484375 0.07291666666666667
1 0.3140625 0.2375 0.065625 0.07916666666666666
