0 0.466015625 0.15868055555555557 0.046875 0.06041666666666668
0 0.26946458333333334 0.07816944444444444 0.0359375 0.05208333333333333
0 0.18072916666666666 0.11770833333333333 0.034375 0.04791666666666667
0 0.2846742021276596 0.1296764184397163 0.04375 0.05208333333333335
0 0.18671875 0.12608695652173912 0.0421875 0.058333333333333334
0 0.1453125 0.35710067186822714 0.040625 0.05416666666666667
0 0.18328637295081968 0.3897882513661202 0.0421875 0.06666666666666667
0 0.4448863636363637 0.6849431818181818 0.046875 0.06875
0 0.5884046052631579 0.7586348684210527 0.04375 0.06041666666666667
0 0.7242494388327722 0.04495534044145155 0.04375 0.06041666666666667
0 0.823944397993311 0.06875 0.040625 0.058333333333333334
0 0.898375 0.43962500000000004 0.040625 0.06041666666666667
0 0.8849635416666667 0.5179305555555556 0.0453125 0.06666666666666672
0 0.95390625 0.5177083333333333 0.0484375 0.06875
0 0.97265625 0.634375 0.0484375 0.07291666666666667
0 0.872607421875 0.9341145833333333 0.0453125 0.0625
0 0.13831521739130434 0.9708333333333333 0.05 0.058333333333333334
2 0.08490210843373494 0.793925702811245 0.05 0.075
0 0.21171875 0.16458333333333333 0.0453125 0.06666666666666667
0 0.9314191017316018 0.4023088023088023 0.040625 0.058333333333333334
0 0.28686079545454546 0.3859848484848485 0.0546875 0.06666666666666667
0 0.95078125 0.6104166666666667 0.0390625 0.058333333333333334
0 0.23675685975609756 0.21349085365853657 0.0703125 0.10208333333333333
0 0.5920454545454545 0.8223484848484849 0.046875 0.06666666666666667
0 0.33117897727272727 0.7643939393939394 0.0671875 0.0875
0 0.37464488636363635 0.18873106060606062 0.05468749999999996 0.06875
1 0.90859375 0.08958333333333333 0.1265625 0.125
0 0.798479502688172 0.9047155017921147 0.04474126344086029 0.06503136200716852
1 0.3015625 0.2246584699453552 0.065625 0.07848360655737704
