0 0.42786057692307694 0.06940705128205128 0.046875 0.06041666666666667
0 0.2667645833333333 0.07996944444444445 0.0359375 0.05208333333333334
0 0.22664695945945948 0.09642454954954954 0.034375 0.04791666666666667
0 0.24277012711864407 0.13719985875706214 0.04375 0.05208333333333332
0 0.17414434523809524 0.13958333333333334 0.0421875 0.058333333333333334
0 0.1453125 0.3535896185522323 0.040625 0.05416666666666667
0 0.17058438876651982 0.39906387665198234 0.0421875 0.06666666666666667
0 0.4297496448863637 0.6952414772727272 0.046875 0.06875
0 0.5732316616766467 0.7641903692614771 0.04375 0.06041666666666667
0 0.9796875 0.47708333333333336 0.040625 0.05416666666666667
0 0.7236812570145903 0.04192503741114852 0.04375 0.06041666666666667
0 0.8170845808383234 0.075 0.04062500000000009 0.058333333333333334
0 0.7625 0.34345238095238095 0.075 0.1
0 0.8886561098654708 0.44765975336322866 0.040625 0.06041666666666667
0 0.8730991633858268 0.5198900918635171 0.0453125 0.06666666666666667
0 0.9545195677570094 0.5209793613707165 0.0484375 0.06875
0 0.9733929420152091 0.6294637198986058 0.0484375 0.07291666666666667
0 0.8653763062700964 0.9291666666666667 0.0453125 0.0625
0 0.12529527559055118 0.9739583333333334 0.05 0.052083333333333336
0 0.98515625 0.10619276556776557 0.0296875 0.06458333333333334
0 0.7232142857142857 0.672172619047619 0.071875 0.09375
2 0.059020322085889566 0.7849948875255623 0.049999999999999996 0.075
0 0.21171875 0.16458333333333333 0.0453125 0.06666666666666667
0 0.9267663043478261 0.40819746376811594 0.040625 0.058333333333333334
0 0.06651785714285714 0.1232142857142857 0.040624999999999994 0.05833333333333332
0 0.1426339285714286 0.8767857142857143 0.06875 0.0875
0 0.95078125 0.6104166666666667 0.0390625 0.058333333333333334
1 0.9049772135416667 0.0878298611111111 0.11932942708333324 0.12149305555555555
0 0.7933187500000001 0.9059 0.03281250000000009 0.03958333333333333
1 0.2943696120689655 0.2225318144499179 0.065625 0.06875
