0 0.4365359042553192 0.11176861702127659 0.046875 0.06041666666666667
0 0.26804791666666666 0.07911388888888889 0.0359375 0.05208333333333333
0 0.211702806122449 0.12072704081632653 0.034375 0.04791666666666667
0 0.24679687499999997 0.11906250000000002 0.04375 0.05208333333333335
0 0.18328125 0.13736111111111113 0.042187500000000024 0.05833333333333335
0 0.1453125 0.3552584525357607 0.040625 0.05416666666666667
0 0.1767546106557377 0.3941427595628415 0.0421875 0.06666666666666667
0 0.440323275862069 0.6879813218390805 0.046875 0.06875
0 0.5813344594594595 0.762697072072072 0.04375 0.06041666666666667
0 0.7239513187429855 0.04336536662925551 0.04375 0.06041666666666666
0 0.8211038961038961 0.07183441558441558 0.040625 0.05833333333333334
0 0.8990625 0.3983333333333333 0.075 0.1
0 0.8942908653846153 0.44407051282051285 0.040625 0.06041666666666667
0 0.878765625 0.5202916666666667 0.0453125 0.06666666666666667
0 0.95390625 0.5177083333333333 0.0484375 0.06875
0 0.97265625 0.634375 0.0484375 0.07291666666666667
0 0.8676974477491962 0.9291666666666667 0.0453125 0.0625
0 0.13086993243243245 0.9728603603603604 0.05 0.0542792792792793
0 0.553125 0.925595238095238 0.06875 0.08541666666666667
2 0.07367456896551725 0.7870977011494253 0.05 0.075
0 0.21171875 0.16458333333333333 0.0453125 0.06666666666666667
0 0.9293817934782609 0.40645380434782613 0.040625 0.058333333333333334
0 0.1676339285714286 0.30238095238095236 0.0609375 0.075
0 0.10345982142857142 0.6330357142857143 0.06874999999999999 0.0875
0 0.95078125 0.6104166666666667 0.0390625 0.058333333333333334
0 0.07002840909090909 0.24327651515151516 0.07031249999999999 0.10208333333333333
0 0.9404017857142858 0.8013392857142858 0.0421875 0.06666666666666667
1 0.90859375 0.08958333333333333 0.1265625 0.125
0 0.7965753808243727 0.9034460872162485 0.03522065412186377 0.044720728793309426
1 0.2985183189655173 0.22095135467980295 0.065625 0.06875
