0 0.42906976744186043 0.08069282945736433 0.046875 0.06041666666666666
0 0.26707291666666666 0.0797638888888889 0.0359375 0.05208333333333334
0 0.21673387096774194 0.11051747311827957 0.034375000000000024 0.04791666666666667
0 0.25639880952380956 0.1075892857142857 0.04375 0.05208333333333332
0 0.17689732142857142 0.13958333333333334 0.0421875 0.058333333333333334
0 0.1453125 0.35399057217165153 0.040625 0.05416666666666667
0 0.17211247246696035 0.39770558002936857 0.0421875 0.06666666666666667
0 0.4313920454545454 0.6961174242424242 0.046875 0.06875
0 0.57530875748503 0.7646519461077844 0.04375 0.06041666666666667
0 0.9796875 0.5583333333333333 0.040625 0.05416666666666667
0 0.7237461419753086 0.04227109053497943 0.04375 0.060416666666666674
0 0.8181231287425149 0.075 0.04062499999999991 0.058333333333333334
0 0.8040625 0.3525 0.075 0.1
0 0.8902116031390135 0.44731408819133034 0.040625 0.06041666666666667
0 0.874464812992126 0.5201935695538058 0.0453125 0.06666666666666667
0 0.9542494158878505 0.5195385514018691 0.0484375 0.06874999999999994
0 0.9731731226235741 0.6309291825095057 0.0484375 0.07291666666666667
0 0.865933983118971 0.9291666666666667 0.0453125 0.0625
0 0.1262057086614173 0.9739583333333334 0.05 0.052083333333333336
0 0.98515625 0.10534569597069599 0.0296875 0.06458333333333335
0 0.6640625 0.705625 0.071875 0.09375
2 0.06288109756097561 0.7854166666666667 0.05 0.075
0 0.21171875 0.16458333333333333 0.0453125 0.06666666666666667
0 0.9273947010869564 0.4077785326086956 0.040625 0.058333333333333334
0 0.09709821428571427 0.1845238095238095 0.04062499999999999 0.058333333333333334
0 0.1290625 0.8204166666666667 0.06874999999999999 0.0875
0 0.95078125 0.6104166666666667 0.0390625 0.058333333333333334
1 0.9063020833333333 0.08847222222222223 0.12197916666666675 0.12277777777777779
0 0.79424375 0.904975 0.03281250000000009 0.03958333333333333
1 0.2953663793103448 0.2221520935960591 0.065625 0.06875
