0 0.1489311945676275 0.05041112342941611 0.0421875 0.05416666666666667
0 0.4570950255102041 0.20167942176870748 0.046875 0.05625
0 0.09208984375 0.5756510416666667 0.053125 0.07291666666666667
0 0.09139267990074443 0.807715570719603 0.04375 0.06041666666666667
0 0.53203125 0.7916666666666666 0.0546875 0.06666666666666667
0 0.04500132415254238 0.9540254237288136 0.045312500000000006 0.0625
0 0.73203125 0.27291666666666664 0.0421875 0.05416666666666667
0 0.08720189144736842 0.4810444078947368 0.039062500000000014 0.058333333333333334
0 0.28359375 0.5125 0.0453125 0.0625
0 0.525 0.3489583333333333 0.05 0.06041666666666667
0 0.77890625 0.475 0.0546875 0.0625
0 0.9125 0.32083333333333336 0.053125 0.0625
0 0.8515625 0.28854166666666664 0.046875 0.05625
0 0.4890625 0.5083333333333333 0.04375 0.0625
0 0.546875 0.659375 0.046875 0.05625
0 0.7234375 0.7666666666666667 0.05625 0.07083333333333333
0 0.81796875 0.578125 0.0484375 0.06041666666666667
0 0.57265625 0.29583333333333334 0.0796875 0.09166666666666666
0 0.9689453125 0.959201388888889 0.04375 0.05416666666666667
0 0.128125 0.5302083333333333 0.04375 0.03958333333333333
1 0.38046875 0.840625 0.1515625 0.19791666666666666
1 0.50859375 0.7895833333333333 0.0953125 0.1625
0 0.47734375 0.8979166666666667 0.0421875 0.05
0 0.68828125 0.28020833333333334 0.0296875 0.03125
0 0.41497524752475246 0.14166666666666666 0.028125 0.041666666666666664
