0 0.484375 0.21474780701754387 0.046875 0.06041666666666667
0 0.26953125 0.078125 0.0359375 0.052083333333333336
0 0.09114583333333333 0.15034722222222224 0.03437499999999999 0.047916666666666684
0 0.32731854838709673 0.12825940860215054 0.04375 0.052083333333333336
0 0.2060735887096774 0.11001344086021507 0.042187499999999975 0.05833333333333335
0 0.1453125 0.35949555700043345 0.040625 0.05416666666666667
0 0.19099609375 0.3972265625 0.043750000000000025 0.06666666666666667
0 0.45401785714285714 0.6811011904761906 0.046875 0.06875
0 0.6025568181818182 0.7677083333333333 0.04375 0.06041666666666667
0 0.724636994949495 0.0470223063973064 0.04375 0.06041666666666667
0 0.8265625 0.06875 0.040625 0.058333333333333334
0 0.9019720873786408 0.4332827669902912 0.040625 0.06041666666666667
0 0.8927162936681222 0.5143013100436682 0.0453125 0.06666666666666672
0 0.95390625 0.5177083333333333 0.0484375 0.06875
0 0.97265625 0.634375 0.0484375 0.07291666666666667
0 0.877978515625 0.9303385416666666 0.0453125 0.0625
0 0.14367721273291925 0.9708333333333333 0.05 0.058333333333333334
2 0.1009765625 0.799609375 0.05 0.075
0 0.21171875 0.16458333333333333 0.0453125 0.06666666666666667
0 0.9453125 0.4056547619047619 0.040625 0.058333333333333334
0 0.27421875 0.6722222222222223 0.0546875 0.06666666666666667
0 0.95078125 0.6104166666666667 0.0390625 0.058333333333333334
0 0.2359375 0.35694444444444445 0.0625 0.07916666666666666
0 0.2622532894736842 0.9703399122807018 0.059375 0.05932017543859646
0 0.6294270833333333 0.9503472222222222 0.0515625 0.06041666666666667
0 0.9411057692307692 0.3520032051282051 0.048317307692307666 0.06618589743589745
1 0.90859375 0.08958333333333333 0.1265625 0.125
0 0.79921875 0.9052083333333333 0.0484375 0.07291666666666667
1 0.3092249293785311 0.23266242937853107 0.065625 0.07916666666666666
