0 0.060625 0.1872916666666667 0.0375 0.052083333333333336
0 0.42701923076923076 0.06155448717948719 0.046875 0.060416666666666674
0 0.26647291666666667 0.0801638888888889 0.0359375 0.05208333333333334
0 0.24205163043478262 0.09669384057971014 0.034375 0.04791666666666667
0 0.237208686440678 0.1433792372881356 0.04375 0.05208333333333332
0 0.1665421195652174 0.14230072463768115 0.0421875 0.058333333333333334
0 0.1453125 0.35321033810143043 0.040625 0.05416666666666667
0 0.16913890418502203 0.400348751835536 0.0421875 0.06666666666666667
0 0.03161764705882353 0.48125 0.06323529411764706 0.1
0 0.42819602272727275 0.6944128787878788 0.046875 0.06875
0 0.5712668413173653 0.7637537425149701 0.04375 0.06041666666666667
0 0.9525 0.40541666666666665 0.040625 0.05416666666666667
0 0.723619879349046 0.04159768986157875 0.04375 0.06041666666666667
0 0.8161021706586826 0.075 0.040625 0.058333333333333334
0 0.7341911764705882 0.3216911764705882 0.075 0.1
0 0.8871846973094171 0.44798673393124067 0.040625 0.06041666666666667
0 0.8718073326771654 0.5196030183727035 0.0453125 0.06666666666666672
0 0.9547751168224299 0.5223422897196262 0.0484375 0.06875
0 0.9736008792775666 0.6280774714828897 0.0484375 0.07291666666666667
0 0.8648487741157556 0.9291666666666667 0.0453125 0.0625
0 0.12443405511811023 0.9739583333333334 0.05 0.052083333333333336
0 0.98515625 0.10699404761904763 0.0296875 0.06458333333333335
0 0.7851102941176471 0.6517769607843138 0.071875 0.09375
2 0.055329754601227 0.78454754601227 0.05 0.075
0 0.21171875 0.16458333333333333 0.0453125 0.06666666666666667
0 0.9171875 0.41994565217391305 0.040625 0.058333333333333334
0 0.06397058823529411 0.08982843137254902 0.040624999999999994 0.058333333333333334
0 0.14954044117647058 0.9145833333333333 0.06875 0.0875
0 0.95078125 0.6104166666666667 0.0390625 0.058333333333333334
1 0.9037239583333333 0.08722222222222223 0.11682291666666664 0.12027777777777778
0 0.79244375 0.906775 0.0328125 0.03958333333333333
1 0.293426724137931 0.22289100985221674 0.065625 0.06875
