0 0.4373337765957447 0.11496010638297874 0.046875 0.06041666666666668
0 0.26814791666666665 0.07904722222222223 0.0359375 0.052083333333333336
0 0.2115752551020408 0.11987670068027212 0.034374999999999975 0.047916666666666684
0 0.23932291666666666 0.11532118055555557 0.04375 0.05208333333333335
0 0.18359375 0.13680555555555557 0.0421875 0.05833333333333335
0 0.1453125 0.35538849154746427 0.040625 0.05416666666666667
0 0.1772156762295082 0.3938353825136612 0.0421875 0.06666666666666667
0 0.44071120689655174 0.6878089080459769 0.046875 0.06875
0 0.5818412162162162 0.7617961711711713 0.04375 0.06041666666666667
0 0.7239723625140292 0.04347760007482229 0.04375 0.06041666666666667
0 0.8213474025974026 0.07086038961038961 0.040625 0.058333333333333334
0 0.9122767857142857 0.39553571428571427 0.075 0.1
0 0.8946514423076923 0.4435897435897436 0.040625 0.06041666666666667
0 0.8792031250000001 0.5201250000000001 0.0453125 0.06666666666666672
0 0.95390625 0.5177083333333333 0.0484375 0.06875
0 0.97265625 0.634375 0.0484375 0.07291666666666667
0 0.8678783159163987 0.9291666666666667 0.0453125 0.0625
0 0.13171452702702702 0.9725225225225226 0.05 0.05495495495495497
0 0.5383928571428571 0.9465773809523809 0.06875 0.08541666666666667
2 0.07470905172413793 0.7876149425287357 0.05 0.075
0 0.21171875 0.16458333333333333 0.0453125 0.06666666666666667
0 0.929585597826087 0.40631793478260875 0.040625 0.058333333333333334
0 0.17220982142857144 0.2892857142857143 0.06093750000000002 0.075
0 0.09955357142857142 0.6175595238095238 0.06874999999999999 0.0875
0 0.95078125 0.6104166666666667 0.0390625 0.058333333333333334
0 0.08493303571428572 0.24032738095238096 0.0703125 0.10208333333333333
0 0.9099330357142857 0.8133928571428571 0.0421875 0.06666666666666667
0 0.5183035714285714 0.969047619047619 0.078125 0.058333333333333334
1 0.90859375 0.08958333333333333 0.1265625 0.125
0 0.7967097894265234 0.9035356929510155 0.03589269713261638 0.046154420549581826
1 0.2988415948275862 0.22082820197044337 0.065625 0.06875
