0 0.5000822368421052 0.26058114035087715 0.046875 0.06041666666666664
0 0.26953125 0.078125 0.0359375 0.052083333333333336
0 0.04635416666666666 0.178125 0.034374999999999996 0.04791666666666667
0 0.3636402027027027 0.13842905405405406 0.04375 0.05208333333333335
0 0.2205010775862069 0.10409482758620689 0.0421875 0.058333333333333334
0 0.1453125 0.36041666666666666 0.040625 0.05416666666666667
0 0.18995949074074076 0.40545267489711934 0.04375 0.06666666666666667
0 0.46518750000000003 0.6697916666666667 0.046875 0.06875
0 0.6194159836065574 0.7681523224043716 0.04375 0.06041666666666667
0 0.7248649691358025 0.04823816872427984 0.04375 0.06041666666666667
0 0.8265625 0.06875 0.040625 0.058333333333333334
0 0.9067307692307691 0.4292467948717949 0.040625 0.06041666666666667
0 0.89609375 0.5125 0.0453125 0.06666666666666667
0 0.95390625 0.5177083333333333 0.0484375 0.06875
0 0.97265625 0.634375 0.0484375 0.07291666666666667
0 0.8832682291666666 0.9331597222222222 0.0453125 0.0625
0 0.146875 0.9666666666666667 0.05 0.058333333333333334
2 0.13018092105263157 0.8145833333333333 0.05 0.075
0 0.21171875 0.16458333333333333 0.0453125 0.06666666666666667
0 0.9611672794117647 0.3948835784313725 0.040625 0.058333333333333334
0 0.18203125 0.6324275362318841 0.0546875 0.06666666666666667
0 0.95078125 0.6104166666666667 0.0390625 0.058333333333333334
0 0.35208333333333336 0.17592592592592593 0.0625 0.07916666666666666
0 0.30142463235294115 0.9697916666666667 0.0546875 0.06041666666666667
0 0.6731770833333333 0.7336805555555556 0.0515625 0.06041666666666667
0 0.7432291666666667 0.40682870370370366 0.046875 0.06041666666666667
0 0.9520089285714286 0.9474702380952381 0.0515625 0.058333333333333334
0 0.9255580357142857 0.921875 0.0515625 0.06458333333333334
1 0.90859375 0.08958333333333333 0.1265625 0.125
0 0.79921875 0.9052083333333333 0.0484375 0.07291666666666667
1 0.31381532485875707 0.23725282485875704 0.065625 0.07916666666666664
