0 0.4840056818181818 0.20850378787878787 0.046875 0.06041666666666667
0 0.26953125 0.078125 0.0359375 0.052083333333333336
0 0.1015625 0.14270833333333333 0.034375 0.04791666666666667
0 0.32955729166666664 0.13736979166666666 0.04375 0.052083333333333336
0 0.2028192934782609 0.1127717391304348 0.042187500000000024 0.05833333333333335
0 0.1453125 0.35928966189856953 0.040625 0.05416666666666667
0 0.19136718749999998 0.3954947916666667 0.04375 0.06666666666666667
0 0.4523361650485437 0.6822916666666666 0.046875 0.06875
0 0.6017263986013985 0.7677083333333333 0.04375 0.06041666666666667
0 0.7246036756453422 0.046844603441825665 0.04375 0.06041666666666667
0 0.8265625 0.06875 0.040625 0.058333333333333334
0 0.901683859223301 0.43405137540453076 0.040625 0.06041666666666667
0 0.8920680949781659 0.5146470160116449 0.0453125 0.06666666666666667
0 0.95390625 0.5177083333333333 0.0484375 0.06875
0 0.97265625 0.634375 0.0484375 0.07291666666666667
0 0.8772054036458334 0.9299262152777777 0.0453125 0.0625
0 0.14321622670807455 0.9708333333333333 0.05 0.058333333333333334
2 0.097265625 0.7971354166666667 0.05 0.075
0 0.21171875 0.16458333333333333 0.0453125 0.06666666666666667
0 0.9416341145833333 0.4068142361111111 0.040625 0.058333333333333334
0 0.28953125 0.6670833333333334 0.0546875 0.06666666666666667
0 0.95078125 0.6104166666666667 0.0390625 0.058333333333333334
0 0.2640625 0.375 0.0625 0.07916666666666666
0 0.2492598684210526 0.9755482456140352 0.059375 0.048903508771929796
0 0.63515625 0.9700109649122807 0.055838815789473625 0.05471491228070183
0 0.9608664772727273 0.3568181818181818 0.0484375 0.06666666666666667
1 0.90859375 0.08958333333333333 0.1265625 0.125
0 0.79921875 0.9052083333333333 0.0484375 0.07291666666666667
1 0.3085540254237288 0.23199152542372883 0.065625 0.07916666666666669
