0 0.08451704545454546 0.17339015151515152 0.0375 0.052083333333333336
0 0.4267548076923077 0.059086538461538454 0.046875 0.06041666666666666
0 0.2665283203125 0.07981770833333333 0.035888671875 0.052083333333333336
0 0.24739583333333334 0.09895833333333333 0.034375 0.04791666666666667
0 0.23776041666666664 0.14340277777777777 0.04375 0.05208333333333332
0 0.1631473214285714 0.14401785714285714 0.0421875 0.05833333333333335
0 0.1453125 0.35309113567403555 0.040625 0.05416666666666667
0 0.16868460903083698 0.40075256975036716 0.0421875 0.06666666666666667
0 0.041666666666666664 0.4722222222222222 0.075 0.1
0 0.42770774147727275 0.6941524621212121 0.046875 0.06875
0 0.5706493263473054 0.7636165169660678 0.04375 0.06041666666666667
0 0.9359375 0.38819444444444445 0.040625 0.05416666666666667
0 0.7236005892255892 0.04149480920314253 0.04375 0.06041666666666666
0 0.8157934131736526 0.075 0.040625 0.058333333333333334
0 0.7295454545454546 0.3176136363636364 0.075 0.1
0 0.8867222533632286 0.4480894992526158 0.040625 0.06041666666666667
0 0.8714013287401574 0.5195127952755905 0.0453125 0.06666666666666661
0 0.9548554322429906 0.5227706386292835 0.0484375 0.06875
0 0.9736662309885931 0.627641793409379 0.0484375 0.07291666666666667
0 0.86468297829582 0.9291666666666667 0.0453125 0.0625
0 0.12416338582677164 0.9739583333333334 0.04999999999999999 0.052083333333333336
0 0.98515625 0.10724587912087914 0.0296875 0.06458333333333335
0 0.8028409090909092 0.6474431818181817 0.07187500000000009 0.09375
2 0.05416986196319018 0.7844069529652351 0.049999999999999996 0.075
0 0.21171875 0.16458333333333333 0.0453125 0.06666666666666667
0 0.9171875 0.4211413043478261 0.040625 0.058333333333333334
0 0.04659090909090909 0.08920454545454544 0.04318181818181819 0.060606060606060594
0 0.15416666666666667 0.9361111111111111 0.06875 0.0875
0 0.95078125 0.6104166666666667 0.0390625 0.058333333333333334
1 0.903330078125 0.08703124999999999 0.11603515625000008 0.11989583333333333
0 0.7921687500000001 0.90705 0.03281250000000009 0.03958333333333333
1 0.29313038793103446 0.22300389983579638 0.065625 0.06875
