0 0.14215458702882483 0.051917036215816705 0.0421875 0.05416666666666667
0 0.4492984693877551 0.20860969387755102 0.046875 0.05625
0 0.12072368421052633 0.4267543859649123 0.040625 0.058333333333333334
0 0.08507289081885856 0.8110861248966087 0.04375 0.06041666666666667
0 0.11328125 0.15163690476190478 0.0421875 0.06041666666666668
0 0.08694196428571428 0.4348214285714286 0.05156249999999999 0.075
0 0.4655133928571429 0.7982142857142858 0.0546875 0.06666666666666667
0 0.04176377118644068 0.9597810734463277 0.0453125 0.0625
0 0.73203125 0.27291666666666664 0.0421875 0.05416666666666667
0 0.07734375 0.4853219696969697 0.0390625 0.058333333333333334
0 0.28359375 0.5125 0.0453125 0.0625
0 0.525 0.3489583333333333 0.05 0.06041666666666667
0 0.77890625 0.475 0.0546875 0.0625
0 0.9125 0.30819444444444444 0.053125 0.0625
0 0.8515625 0.28854166666666664 0.046875 0.05625
0 0.4890625 0.5083333333333333 0.04375 0.0625
0 0.546875 0.659375 0.046875 0.05625
0 0.7234375 0.7666666666666667 0.05625 0.07083333333333333
0 0.81796875 0.578125 0.0484375 0.06041666666666667
0 0.5807924723756906 0.3050011510128913 0.06842196132596685 0.0799838858195212
0 0.9497983870967742 0.9571572580645161 0.04375 0.05416666666666667
0 0.128125 0.5302083333333333 0.04375 0.03958333333333333
1 0.38046875 0.840625 0.1515625 0.19791666666666666
1 0.50859375 0.7895833333333333 0.0953125 0.1625
0 0.47734375 0.8979166666666667 0.0421875 0.05
0 0.68828125 0.28020833333333334 0.0296875 0.03125
0 0.40993193069306927 0.14166666666666666 0.028124999999999956 0.041666666666666664
