0 0.4502604166666667 0.1388503086419753 0.046875 0.06041666666666668
0 0.26893958333333334 0.07851944444444443 0.0359375 0.05208333333333333
0 0.2050646551724138 0.12596982758620692 0.034375 0.047916666666666684
0 0.26821120689655176 0.1175646551724138 0.04375 0.052083333333333336
0 0.18606770833333336 0.13240740740740742 0.042187500000000024 0.058333333333333334
0 0.1453125 0.3564179670567837 0.040625 0.05416666666666667
0 0.1808657786885246 0.39140198087431693 0.042187500000000024 0.06666666666666667
0 0.44376775568181814 0.6864346590909091 0.046875 0.06875
0 0.5858141447368421 0.7577713815789474 0.04375 0.06041666666666667
0 0.7241389590347923 0.04436611485222596 0.04375 0.06041666666666667
0 0.8229567307692308 0.06875 0.040625 0.058333333333333334
0 0.89725 0.440375 0.040625 0.06041666666666667
0 0.8826666666666666 0.5188055555555555 0.0453125 0.06666666666666661
0 0.95390625 0.5177083333333333 0.0484375 0.06875
0 0.97265625 0.634375 0.0484375 0.07291666666666667
0 0.870684814453125 0.9320638020833333 0.0453125 0.0625
0 0.1367866847826087 0.9708333333333333 0.05 0.058333333333333334
2 0.0825657894736842 0.7916666666666666 0.04999999999999999 0.075
0 0.21171875 0.16458333333333333 0.0453125 0.06666666666666667
0 0.9297145562770563 0.400036075036075 0.040625 0.058333333333333334
0 0.2790798611111111 0.33587962962962964 0.0546875 0.06666666666666667
0 0.034375 0.44631410256410253 0.06875 0.0875
0 0.95078125 0.6104166666666667 0.0390625 0.058333333333333334
0 0.17921874999999998 0.259375 0.07031249999999997 0.10208333333333333
0 0.7271875 0.81875 0.046875 0.06666666666666667
0 0.40828125000000004 0.8454166666666667 0.0671875 0.0875
0 0.46921875 0.09229166666666666 0.0546875 0.06875
1 0.90859375 0.08958333333333333 0.1265625 0.125
0 0.7977738575268817 0.9042450716845878 0.0412130376344086 0.057504480286738276
1 0.30140086206896555 0.21985324302134648 0.065625 0.06875
