0 0.44164870689655167 0.12877155172413793 0.046875 0.06041666666666667
0 0.26856458333333333 0.07876944444444445 0.0359375 0.052083333333333336
0 0.21104379251700683 0.11633361678004533 0.034375000000000024 0.04791666666666665
0 0.2530048076923077 0.10056089743589743 0.04375 0.052083333333333336
0 0.18489583333333334 0.13449074074074074 0.042187500000000024 0.058333333333333334
0 0.1453125 0.3559303207628955 0.040625 0.05416666666666667
0 0.17913678278688522 0.39255464480874314 0.042187499999999975 0.06666666666666667
0 0.4423275862068966 0.6870905172413794 0.046875 0.06875
0 0.5839527027027027 0.7580424174174174 0.04375 0.06041666666666667
0 0.7240600448933783 0.04394523943135054 0.04375 0.06041666666666667
0 0.8222512541806021 0.06875 0.040625 0.058333333333333334
0 0.964483173076923 0.3857371794871795 0.07103365384615383 0.1
0 0.8961538461538462 0.44158653846153845 0.040625 0.06041666666666667
0 0.8810260416666666 0.5194305555555555 0.0453125 0.06666666666666667
0 0.95390625 0.5177083333333333 0.0484375 0.06875
0 0.97265625 0.634375 0.0484375 0.07291666666666667
0 0.8693115234375 0.9305989583333333 0.0453125 0.0625
0 0.1352336711711712 0.9711148648648648 0.05 0.05777027027027029
2 0.07901939655172414 0.7897701149425288 0.05 0.075
0 0.21171875 0.16458333333333333 0.0453125 0.06666666666666667
0 0.9296875 0.403125 0.040625 0.058333333333333334
0 0.2318359375 0.32265625 0.0609375 0.075
0 0.06064453125 0.5171875 0.0705078125 0.0921875
0 0.95078125 0.6104166666666667 0.0390625 0.058333333333333334
0 0.128125 0.28515625 0.0703125 0.10208333333333333
0 0.8142578125 0.81015625 0.046875 0.06666666666666667
0 0.4849609375 0.86875 0.0671875 0.0875
1 0.90859375 0.08958333333333333 0.1265625 0.125
0 0.7972698252688172 0.9039090501792114 0.038692876344086004 0.0521281362007168
1 0.3001885775862069 0.220315065681445 0.065625 0.06875
