0 0.46953125 0.16493055555555555 0.046875 0.06041666666666667
0 0.26953125 0.078125 0.0359375 0.052083333333333336
0 0.17135416666666667 0.11770833333333333 0.034375 0.04791666666666667
0 0.286469414893617 0.12648492907801417 0.04375 0.052083333333333336
0 0.18723958333333335 0.1263888888888889 0.042187500000000024 0.05833333333333335
0 0.1453125 0.35729573038578244 0.040625 0.05416666666666667
0 0.18511284722222224 0.38958333333333334 0.04262152777777779 0.06666666666666667
0 0.4452059659090909 0.6845170454545454 0.046875 0.06875
0 0.5891447368421052 0.7588815789473684 0.04375 0.06041666666666667
0 0.7242810044893379 0.045123690609801724 0.04375 0.06041666666666667
0 0.8242265886287626 0.06875 0.040625 0.058333333333333334
0 0.8986964285714286 0.4394107142857143 0.040625 0.06041666666666667
0 0.8856197916666666 0.5176805555555556 0.0453125 0.06666666666666667
0 0.95390625 0.5177083333333333 0.0484375 0.06875
0 0.97265625 0.634375 0.0484375 0.07291666666666667
0 0.87315673828125 0.9347005208333333 0.0453125 0.0625
0 0.13875194099378882 0.9708333333333333 0.05 0.058333333333333334
2 0.08761295180722892 0.7948293172690764 0.05000000000000001 0.075
0 0.21171875 0.16458333333333333 0.0453125 0.06666666666666667
0 0.9319061147186147 0.40295815295815296 0.040625 0.058333333333333334
0 0.26494140625 0.4 0.0546875 0.06666666666666667
0 0.95078125 0.6104166666666667 0.0390625 0.058333333333333334
0 0.2463605182926829 0.2006859756097561 0.0703125 0.10208333333333333
0 0.5572916666666666 0.8277777777777777 0.048958333333333305 0.07083333333333333
0 0.30390625 0.7493055555555556 0.0671875 0.0875
0 0.357421875 0.21996527777777777 0.0546875 0.06875
1 0.90859375 0.08958333333333333 0.1265625 0.125
0 0.7986811155913978 0.9048499103942652 0.0457493279569892 0.06718189964157707
1 0.30205685028248586 0.22549435028248588 0.065625 0.07916666666666666
