0 0.146291227827051 0.050997782705099776 0.0421875 0.05416666666666667
0 0.4540577168367347 0.20437925170068028 0.046875 0.05625
0 0.10895833333333334 0.5349305555555556 0.053125 0.0729166666666666
0 0.08893067617866005 0.8090286393713814 0.04374999999999999 0.06041666666666667
0 0.34140625 0.9369444444444445 0.0546875 0.06666666666666667
0 0.0437400688559322 0.9562676553672316 0.0453125 0.0625
0 0.73203125 0.27291666666666664 0.0421875 0.05416666666666667
0 0.08263260690789473 0.48017406798245615 0.0390625 0.058333333333333334
0 0.28359375 0.5125 0.0453125 0.0625
0 0.525 0.3489583333333333 0.05 0.06041666666666667
0 0.77890625 0.475 0.0546875 0.0625
0 0.9125 0.31894290123456787 0.053125 0.0625
0 0.8515625 0.28854166666666664 0.046875 0.05625
0 0.4890625 0.5083333333333333 0.04375 0.0625
0 0.546875 0.659375 0.046875 0.05625
0 0.7234375 0.7666666666666667 0.05625 0.07083333333333333
0 0.81796875 0.578125 0.0484375 0.06041666666666667
0 0.57265625 0.29583333333333334 0.0796875 0.09166666666666666
0 0.957321068548387 0.962172379032258 0.04375 0.05416666666666667
0 0.128125 0.5302083333333333 0.04375 0.03958333333333333
1 0.38046875 0.840625 0.1515625 0.19791666666666666
1 0.50859375 0.7895833333333333 0.0953125 0.1625
0 0.47734375 0.8979166666666667 0.0421875 0.05
0 0.68828125 0.28020833333333334 0.0296875 0.03125
0 0.41301051980198017 0.14166666666666666 0.028125 0.041666666666666664
