0 0.1444203852549889 0.05141352549889135 0.0421875 0.05416666666666667
0 0.45190529336734697 0.2062925170068027 0.046875 0.05625
0 0.11235795454545454 0.48446969696969694 0.040625 0.058333333333333334
0 0.08718594913151365 0.8099591604631927 0.04375 0.06041666666666667
0 0.02109375 0.030208333333333334 0.0421875 0.06041666666666667
0 0.063671875 0.26076388888888885 0.05859375 0.0833333333333333
0 0.0428462658898305 0.9578566384180791 0.04531249999999999 0.0625
0 0.73203125 0.27291666666666664 0.0421875 0.05416666666666667
0 0.07939453125 0.47955729166666666 0.0390625 0.058333333333333334
0 0.28359375 0.5125 0.0453125 0.0625
0 0.525 0.3489583333333333 0.05 0.06041666666666667
0 0.77890625 0.475 0.0546875 0.0625
0 0.9125 0.3140817901234568 0.053125 0.0625
0 0.8515625 0.28854166666666664 0.046875 0.05625
0 0.4890625 0.5083333333333333 0.04375 0.0625
0 0.546875 0.659375 0.046875 0.05625
0 0.7234375 0.7666666666666667 0.05625 0.07083333333333333
0 0.81796875 0.578125 0.0484375 0.06041666666666667
0 0.5746762776243093 0.3043738489871087 0.07689053867403314 0.08876611418047879
0 0.9539188508064516 0.9599042338709677 0.04375 0.05416666666666667
0 0.128125 0.5302083333333333 0.04375 0.03958333333333333
1 0.38046875 0.840625 0.1515625 0.19791666666666666
1 0.50859375 0.7895833333333333 0.0953125 0.1625
0 0.47734375 0.8979166666666667 0.0421875 0.05
0 0.68828125 0.28020833333333334 0.0296875 0.03125
0 0.4116181930693069 0.14166666666666666 0.028125 0.041666666666666664
