0 0.42845203488372097 0.07492732558139535 0.046875 0.06041666666666667
0 0.26693125 0.07985833333333334 0.0359375 0.052083333333333336
0 0.2184475806451613 0.10423387096774193 0.034375 0.04791666666666667
0 0.24715073529411766 0.12751225490196078 0.04375 0.052083333333333336
0 0.17563244047619048 0.13958333333333334 0.0421875 0.058333333333333334
0 0.1453125 0.35380635023840484 0.040625 0.05416666666666667
0 0.17141037995594716 0.39832966226138034 0.0421875 0.06666666666666667
0 0.43063742897727275 0.6957149621212121 0.046875 0.06875
0 0.5743544161676646 0.7644398702594811 0.04375 0.06041666666666667
0 0.72371632996633 0.04211209315375982 0.04375 0.06041666666666667
0 0.8176459580838322 0.075 0.04062499999999991 0.058333333333333334
0 0.7842013888888889 0.3460648148148148 0.075 0.1
0 0.8894969170403588 0.4474729073243647 0.040625 0.06041666666666667
0 0.8738373523622048 0.5200541338582678 0.0453125 0.06666666666666672
0 0.9543735397196261 0.5202005451713396 0.0484375 0.06875
0 0.9732741207224335 0.6302558618504436 0.0484375 0.07291666666666667
0 0.865677753215434 0.9291666666666667 0.0453125 0.0625
0 0.12578740157480314 0.9739583333333334 0.05 0.052083333333333336
0 0.98515625 0.10573489010989011 0.0296875 0.06458333333333334
0 0.6854166666666667 0.6809027777777777 0.071875 0.09375
2 0.06112921779141105 0.7852505112474438 0.05 0.075
0 0.21171875 0.16458333333333333 0.0453125 0.06666666666666667
0 0.9271059782608695 0.40797101449275364 0.040625 0.058333333333333334
0 0.090625 0.14494047619047618 0.040625 0.058333333333333334
0 0.1353794642857143 0.8394345238095239 0.06875 0.0875
0 0.95078125 0.6104166666666667 0.0390625 0.058333333333333334
1 0.905693359375 0.08817708333333334 0.12076171875000004 0.12218750000000002
0 0.79381875 0.9054 0.0328125 0.03958333333333333
1 0.2949084051724138 0.22232655993431857 0.065625 0.06875
