0 0.45 0.13854166666666667 0.046875 0.06041666666666667
0 0.26893125 0.078525 0.0359375 0.052083333333333336
0 0.20517241379310347 0.12654454022988507 0.034375000000000024 0.04791666666666667
0 0.26783405172413793 0.11663074712643677 0.04375 0.05208333333333332
0 0.18604166666666666 0.1324537037037037 0.0421875 0.05833333333333335
0 0.1453125 0.3564071304724751 0.040625 0.05416666666666667
0 0.18082735655737703 0.3914275956284153 0.042187499999999975 0.06666666666666667
0 0.44375 0.6864583333333333 0.046875 0.06875
0 0.5857730263157894 0.7577576754385965 0.04375 0.06041666666666667
0 0.7241372053872054 0.0443567620650954 0.04375 0.06041666666666667
0 0.8229410535117057 0.06875 0.040625 0.058333333333333334
0 0.8972321428571428 0.44038690476190473 0.040625 0.06041666666666667
0 0.8826302083333333 0.5188194444444445 0.0453125 0.06666666666666672
0 0.95390625 0.5177083333333333 0.0484375 0.06875
0 0.97265625 0.634375 0.0484375 0.07291666666666667
0 0.870654296875 0.93203125 0.0453125 0.0625
0 0.13676242236024844 0.9708333333333333 0.05 0.058333333333333334
2 0.0828125 0.7916666666666666 0.05 0.075
0 0.21171875 0.16458333333333333 0.0453125 0.06666666666666667
0 0.9296875 0.4 0.040625 0.058333333333333334
0 0.27717013888888886 0.337037037037037 0.0546875 0.06666666666666667
0 0.034375 0.4479166666666667 0.06875 0.0875
0 0.95078125 0.6104166666666667 0.0390625 0.058333333333333334
0 0.17734375 0.253125 0.0703125 0.10208333333333333
0 0.728125 0.8208333333333333 0.046875 0.06666666666666667
0 0.40703125 0.85 0.0671875 0.0875
0 0.47109375 0.090625 0.0546875 0.06875
1 0.90859375 0.08958333333333333 0.1265625 0.125
0 0.7977626568100359 0.9042376045400239 0.04115703405017932 0.057385005973715646
1 0.3013739224137931 0.21986350574712643 0.065625 0.06875
