0 0.14439959811529934 0.05141814486326681 0.0421875 0.05416666666666667
0 0.4518813775510204 0.20631377551020408 0.046875 0.05625
0 0.11242897727272727 0.4839015151515152 0.040625 0.058333333333333334
0 0.08716656327543423 0.809969499586435 0.04375 0.06041666666666667
0 0.02109375 0.030208333333333334 0.0421875 0.06041666666666667
0 0.0634765625 0.26267361111111115 0.058203125 0.08333333333333336
0 0.04283633474576272 0.9578742937853107 0.045312500000000006 0.0625
0 0.73203125 0.27291666666666664 0.0421875 0.05416666666666667
0 0.07935855263157895 0.4795504385964912 0.0390625 0.058333333333333334
0 0.28359375 0.5125 0.0453125 0.0625
0 0.525 0.3489583333333333 0.05 0.06041666666666667
0 0.77890625 0.475 0.0546875 0.0625
0 0.9125 0.31402777777777774 0.053125 0.0625
0 0.8515625 0.28854166666666664 0.046875 0.05625
0 0.4890625 0.5083333333333333 0.04375 0.0625
0 0.546875 0.659375 0.046875 0.05625
0 0.7234375 0.7666666666666667 0.05625 0.07083333333333333
0 0.81796875 0.578125 0.0484375 0.06041666666666667
0 0.5747323895027624 0.3043796040515654 0.07681284530386741 0.08868554327808473
0 0.9538810483870968 0.9598790322580645 0.04375 0.05416666666666667
0 0.128125 0.5302083333333333 0.04375 0.03958333333333333
1 0.38046875 0.840625 0.1515625 0.19791666666666666
1 0.50859375 0.7895833333333333 0.0953125 0.1625
0 0.47734375 0.8979166666666667 0.0421875 0.05
0 0.68828125 0.28020833333333334 0.0296875 0.03125
0 0.4116027227722772 0.14166666666666666 0.028125 0.041666666666666664
