0 0.442988782051282 0.1310630341880342 0.046875 0.06041666666666667
0 0.2686395833333334 0.07871944444444444 0.0359375 0.052083333333333336
0 0.21094812925170067 0.11569586167800455 0.034375 0.047916666666666684
0 0.25733173076923077 0.09911858974358975 0.04375 0.052083333333333336
0 0.18513020833333332 0.13407407407407407 0.042187499999999975 0.058333333333333334
0 0.1453125 0.3560278500216732 0.040625 0.05416666666666667
0 0.1794825819672131 0.3923241120218579 0.042187499999999975 0.06666666666666667
0 0.4426185344827586 0.6869612068965517 0.046875 0.06875
0 0.5843327702702703 0.7573667417417417 0.04375 0.06041666666666667
0 0.724075827721661 0.04402941451552563 0.04375 0.06041666666666667
0 0.8223923494983278 0.06875 0.040625 0.058333333333333334
0 0.9704326923076924 0.35544871794871796 0.05913461538461533 0.1
0 0.8964242788461538 0.44122596153846155 0.040625 0.06041666666666667
0 0.8813541666666668 0.5193055555555556 0.0453125 0.06666666666666661
0 0.95390625 0.5177083333333333 0.0484375 0.06875
0 0.97265625 0.634375 0.0484375 0.07291666666666667
0 0.869586181640625 0.9308919270833333 0.0453125 0.0625
0 0.13586711711711713 0.9708614864864865 0.05 0.058277027027027015
2 0.07979525862068966 0.7901580459770116 0.05 0.075
0 0.21171875 0.16458333333333333 0.0453125 0.06666666666666667
0 0.9296875 0.40248579545454544 0.040625 0.058333333333333334
0 0.24118303571428573 0.33363095238095236 0.0609375 0.075
0 0.04671875 0.5045833333333333 0.0696875 0.09000000000000004
0 0.95078125 0.6104166666666667 0.0390625 0.058333333333333334
0 0.14484375 0.275625 0.0703125 0.10208333333333336
0 0.7990625 0.8141666666666667 0.046875 0.06666666666666667
0 0.47140624999999997 0.8608333333333333 0.0671875 0.0875
0 0.49234375 0.030000000000000002 0.0546875 0.056666666666666664
1 0.90859375 0.08958333333333333 0.1265625 0.125
0 0.7973706317204301 0.9039762544802866 0.039196908602150596 0.053203405017921195
1 0.30043103448275865 0.2202227011494253 0.065625 0.06875
