0 0.14487770232815964 0.05131189948263119 0.0421875 0.054166666666666675
0 0.45243144132653057 0.2058248299319728 0.046875 0.05625
0 0.11281250000000001 0.4983333333333333 0.040625 0.058333333333333334
0 0.08761243796526055 0.8097316997518611 0.04375 0.06041666666666667
0 0.036875000000000005 0.2516666666666667 0.0625 0.08333333333333336
0 0.04306475105932204 0.957468220338983 0.0453125 0.0625
0 0.73203125 0.27291666666666664 0.0421875 0.05416666666666667
0 0.08018606085526316 0.47970805921052634 0.0390625 0.058333333333333334
0 0.28359375 0.5125 0.0453125 0.0625
0 0.525 0.3489583333333333 0.05 0.06041666666666667
0 0.77890625 0.475 0.0546875 0.0625
0 0.9125 0.31527006172839506 0.053125 0.0625
0 0.8515625 0.28854166666666664 0.046875 0.05625
0 0.4890625 0.5083333333333333 0.04375 0.0625
0 0.546875 0.659375 0.046875 0.05625
0 0.7234375 0.7666666666666667 0.05625 0.07083333333333333
0 0.81796875 0.578125 0.0484375 0.06041666666666667
0 0.5734418162983426 0.30424723756906075 0.07859979281767959 0.09053867403314915
0 0.954750504032258 0.9604586693548387 0.04375 0.05416666666666667
0 0.128125 0.5302083333333333 0.04375 0.03958333333333333
1 0.38046875 0.840625 0.1515625 0.19791666666666666
1 0.50859375 0.7895833333333333 0.0953125 0.1625
0 0.47734375 0.8979166666666667 0.0421875 0.05
0 0.68828125 0.28020833333333334 0.0296875 0.03125
0 0.41195853960396034 0.14166666666666666 0.028124999999999956 0.041666666666666664
