0 0.14419172671840355 0.05146433850702144 0.0421875 0.05416666666666667
0 0.45164221938775506 0.2065263605442177 0.046875 0.05625
0 0.11691964285714285 0.47797619047619044 0.04062499999999999 0.058333333333333334
0 0.0869727047146402 0.8100728908188586 0.04375 0.06041666666666667
0 0.02823660714285714 0.030208333333333334 0.0421875 0.06041666666666667
0 0.07779017857142859 0.2761904761904762 0.05781250000000001 0.08333333333333336
0 0.04273702330508474 0.9580508474576271 0.0453125 0.0625
0 0.73203125 0.27291666666666664 0.0421875 0.05416666666666667
0 0.07899876644736842 0.4794819078947368 0.0390625 0.058333333333333334
0 0.28359375 0.5125 0.0453125 0.0625
0 0.525 0.3489583333333333 0.05 0.06041666666666667
0 0.77890625 0.475 0.0546875 0.0625
0 0.9125 0.3134876543209877 0.053125 0.0625
0 0.8515625 0.28854166666666664 0.046875 0.05625
0 0.4890625 0.5083333333333333 0.04375 0.0625
0 0.546875 0.659375 0.046875 0.05625
0 0.7234375 0.7666666666666667 0.05625 0.07083333333333333
0 0.81796875 0.578125 0.0484375 0.06041666666666667
0 0.5752935082872928 0.3044371546961326 0.07603591160220997 0.08787983425414364
0 0.9535030241935484 0.9596270161290322 0.04375 0.05416666666666667
0 0.128125 0.5302083333333333 0.04375 0.03958333333333333
1 0.38046875 0.840625 0.1515625 0.19791666666666666
1 0.50859375 0.7895833333333333 0.0953125 0.1625
0 0.47734375 0.8979166666666667 0.0421875 0.05
0 0.68828125 0.28020833333333334 0.0296875 0.03125
0 0.4114480198019802 0.14166666666666666 0.028125 0.041666666666666664
