0 0.145501316518847 0.05117331855136733 0.0421875 0.05416666666666667
0 0.45314891581632655 0.20518707482993198 0.046875 0.05625
0 0.103125 0.5107954545454546 0.040625 0.058333333333333334
0 0.08819401364764268 0.8094215260545906 0.04375 0.06041666666666667
0 0.03125 0.2174242424242424 0.0625 0.08333333333333333
0 0.27203125 0.965 0.0546875 0.06666666666666667
0 0.04336268538135594 0.9569385593220339 0.045312500000000006 0.0625
0 0.73203125 0.27291666666666664 0.0421875 0.05416666666666667
0 0.08126541940789474 0.4799136513157895 0.0390625 0.058333333333333334
0 0.28359375 0.5125 0.0453125 0.0625
0 0.525 0.3489583333333333 0.05 0.06041666666666667
0 0.77890625 0.475 0.0546875 0.0625
0 0.9125 0.31689043209876544 0.053125 0.0625
0 0.8515625 0.28854166666666664 0.046875 0.05625
0 0.4890625 0.5083333333333333 0.04375 0.0625
0 0.546875 0.659375 0.046875 0.05625
0 0.7234375 0.7666666666666667 0.05625 0.07083333333333333
0 0.81796875 0.578125 0.0484375 0.06041666666666667
0 0.575954861111111 0.29552469135802467 0.0796875 0.09166666666666666
0 0.9558845766129032 0.9612147177419355 0.04375 0.05416666666666667
0 0.128125 0.5302083333333333 0.04375 0.03958333333333333
1 0.38046875 0.840625 0.1515625 0.19791666666666666
1 0.50859375 0.7895833333333333 0.0953125 0.1625
0 0.47734375 0.8979166666666667 0.0421875 0.05
0 0.68828125 0.28020833333333334 0.0296875 0.03125
0 0.41242264851485144 0.14166666666666666 0.028124999999999956 0.041666666666666664
