0 0.4465945512820513 0.13490918803418805 0.046875 0.06041666666666668
0 0.2687895833333333 0.07861944444444444 0.0359375 0.052083333333333336
0 0.2076171875 0.12743055555555557 0.034375 0.047916666666666684
0 0.26223958333333336 0.10486111111111111 0.04375 0.052083333333333336
0 0.18559895833333334 0.13324074074074072 0.0421875 0.05833333333333332
0 0.1453125 0.35622290853922844 0.040625 0.05416666666666667
0 0.18017418032786886 0.3918630464480874 0.042187500000000024 0.06666666666666667
0 0.4432004310344827 0.6867025862068966 0.046875 0.06875
0 0.5850740131578948 0.7575246710526317 0.04375 0.06041666666666667
0 0.7241073933782267 0.04419776468387579 0.04375 0.06041666666666666
0 0.8226745401337793 0.06875 0.040625 0.058333333333333334
0 0.97734375 0.35500000000000004 0.0453125 0.1
0 0.8969285714285714 0.44058928571428574 0.040625 0.06041666666666667
0 0.8820104166666667 0.5190555555555555 0.0453125 0.06666666666666661
0 0.95390625 0.5177083333333333 0.0484375 0.06875
0 0.97265625 0.634375 0.0484375 0.07291666666666667
0 0.870135498046875 0.9314778645833334 0.0453125 0.0625
0 0.1363499611801242 0.9708333333333333 0.05 0.058333333333333334
2 0.08134698275862069 0.790933908045977 0.05 0.075
0 0.21171875 0.16458333333333333 0.0453125 0.06666666666666667
0 0.9296875 0.4012073863636364 0.040625 0.058333333333333334
0 0.25703125 0.31354166666666666 0.0546875 0.06666666666666667
0 0.03765625 0.4741666666666667 0.06875 0.0875
0 0.95078125 0.6104166666666667 0.0390625 0.058333333333333334
0 0.16015625 0.26875 0.0703125 0.10208333333333333
0 0.7622767857142857 0.8071428571428572 0.046875 0.06666666666666667
0 0.44749999999999995 0.8495833333333334 0.0671875 0.0875
0 0.476875 0.05479166666666666 0.0546875 0.06875
1 0.90859375 0.08958333333333333 0.1265625 0.125
0 0.7975722446236558 0.9041106630824374 0.04020497311827951 0.055353942652329735
1 0.30091594827586204 0.2200379720853859 0.065625 0.06875
