0 0.5234375 0.30520833333333336 0.046875 0.06041666666666667
0 0.26953125 0.078125 0.0359375 0.052083333333333336
0 0.01875 0.17604166666666668 0.0375 0.052083333333333336
0 0.39263392857142854 0.13630952380952382 0.059375 0.07708333333333334
0 0.22578125 0.10208333333333333 0.0421875 0.058333333333333334
0 0.1453125 0.36041666666666666 0.040625 0.05416666666666667
0 0.19375 0.40208333333333335 0.04375 0.06666666666666667
0 0.473681640625 0.660546875 0.046875 0.06875
0 0.621875 0.7614583333333333 0.04375 0.06041666666666667
0 0.725 0.04895833333333333 0.04375 0.06041666666666667
0 0.8265625 0.06875 0.040625 0.058333333333333334
0 0.9109375 0.428125 0.040625 0.06041666666666667
0 0.89609375 0.5125 0.0453125 0.06666666666666667
0 0.95390625 0.5177083333333333 0.0484375 0.06875
0 0.97265625 0.634375 0.0484375 0.07291666666666667
0 0.88515625 0.9416666666666667 0.0453125 0.0625
0 0.146875 0.9666666666666667 0.05 0.058333333333333334
2 0.140625 0.825 0.05 0.075
0 0.21171875 0.16458333333333333 0.0453125 0.06666666666666667
0 0.9699107142857143 0.3799702380952381 0.040625 0.058333333333333334
0 0.02578125 0.6333333333333333 0.0515625 0.06666666666666667
0 0.95078125 0.6104166666666667 0.0390625 0.058333333333333334
0 0.5443181818181818 0.2553977272727273 0.05625 0.07291666666666667
0 0.3655539772727273 0.9364583333333333 0.0546875 0.06041666666666667
0 0.70390625 0.4239583333333333 0.0515625 0.06041666666666667
0 0.5315848214285714 0.5904761904761905 0.046875 0.06041666666666667
0 0.6696022727272728 0.8723484848484849 0.0625 0.09166666666666666
0 0.6240767045454546 0.9626893939393939 0.0546875 0.0625
0 0.045454545454545456 0.07642045454545454 0.078125 0.08958333333333333
0 0.7713778409090909 0.9261363636363636 0.0546875 0.06666666666666667
0 0.50703125 0.03229166666666667 0.0671875 0.06458333333333334
1 0.90859375 0.08958333333333333 0.1265625 0.125
0 0.79921875 0.9052083333333333 0.0484375 0.07291666666666667
1 0.3140625 0.2375 0.065625 0.07916666666666666
