0 0.48352272727272727 0.20464015151515152 0.046875 0.06041666666666667
0 0.26953125 0.078125 0.0359375 0.052083333333333336
0 0.10135416666666666 0.135625 0.03437499999999999 0.04791666666666665
0 0.32734375 0.14401041666666667 0.04375 0.052083333333333336
0 0.19859374999999999 0.11437500000000002 0.0421875 0.05833333333333335
0 0.1453125 0.35910543996532296 0.040625 0.05416666666666667
0 0.19169921875 0.3939453125 0.04375 0.06666666666666667
0 0.45130461165048547 0.6822916666666666 0.046875 0.06875
0 0.6009833916083915 0.7677083333333333 0.04375 0.06041666666666667
0 0.7245738636363637 0.04668560606060605 0.04375 0.06041666666666666
0 0.8265625 0.06875 0.040625 0.058333333333333334
0 0.9014259708737864 0.43473907766990294 0.040625 0.06041666666666667
0 0.8914881277292576 0.5149563318777293 0.0453125 0.06666666666666672
0 0.95390625 0.5177083333333333 0.0484375 0.06875
0 0.97265625 0.634375 0.0484375 0.07291666666666667
0 0.876513671875 0.9295572916666667 0.0453125 0.0625
0 0.14280376552795032 0.9708333333333333 0.05 0.058333333333333334
2 0.09509943181818181 0.7958333333333333 0.04999999999999999 0.075
0 0.21171875 0.16458333333333333 0.0453125 0.06666666666666667
0 0.9388671875 0.4075520833333333 0.040625 0.058333333333333334
0 0.29671875000000003 0.6604166666666667 0.0546875 0.06666666666666667
0 0.95078125 0.6104166666666667 0.0390625 0.058333333333333334
0 0.027968749999999997 0.7429166666666667 0.055937499999999994 0.0875
0 0.2534375 0.41291666666666665 0.0625 0.07916666666666666
0 0.2416940789473684 0.981578947368421 0.059375 0.03684210526315788
0 0.97734375 0.35833333333333334 0.0453125 0.06666666666666667
1 0.90859375 0.08958333333333333 0.1265625 0.125
0 0.79921875 0.9052083333333333 0.0484375 0.07291666666666667
1 0.3079537429378531 0.23139124293785313 0.065625 0.07916666666666666
