0 0.5234375 0.30520833333333336 0.046875 0.06041666666666667
0 0.26953125 0.078125 0.0359375 0.052083333333333336
0 0.01875 0.17604166666666668 0.0375 0.052083333333333336
0 0.39933035714285714 0.13407738095238095 0.059374999999999956 0.07708333333333335
0 0.22578125 0.10208333333333333 0.0421875 0.058333333333333334
0 0.1453125 0.36041666666666666 0.040625 0.05416666666666667
0 0.19375 0.40208333333333335 0.04375 0.06666666666666667
0 0.4744140625 0.6598958333333333 0.046875 0.06875
0 0.621875 0.7614583333333333 0.04375 0.06041666666666667
0 0.725 0.04895833333333333 0.04375 0.06041666666666667
0 0.8265625 0.06875 0.040625 0.058333333333333334
0 0.9109375 0.428125 0.040625 0.06041666666666667
0 0.89609375 0.5125 0.0453125 0.06666666666666667
0 0.95390625 0.5177083333333333 0.0484375 0.06875
0 0.97265625 0.634375 0.0484375 0.07291666666666667
0 0.88515625 0.9416666666666667 0.0453125 0.0625
0 0.146875 0.9666666666666667 0.05 0.058333333333333334
2 0.140625 0.825 0.05 0.075
0 0.21171875 0.16458333333333333 0.0453125 0.06666666666666667
0 0.9701339285714285 0.37952380952380954 0.040625 0.058333333333333334
0 0.02578125 0.6333333333333333 0.0515625 0.06666666666666667
0 0.95078125 0.6104166666666667 0.0390625 0.058333333333333334
0 0.5457386363636363 0.2610795454545454 0.05625 0.07291666666666667
0 0.37123579545454544 0.9364583333333333 0.0546875 0.06041666666666667
0 0.70390625 0.4239583333333333 0.0515625 0.06041666666666667
0 0.5209821428571428 0.5986607142857142 0.046875 0.06041666666666667
0 0.6639204545454546 0.8761363636363637 0.0625 0.09166666666666666
0 0.619815340909091 0.9475378787878788 0.0546875 0.0625
0 0.041903409090909095 0.08778409090909092 0.078125 0.08958333333333333
0 0.7799005681818182 0.9185606060606061 0.0546875 0.06666666666666667
0 0.50703125 0.03229166666666667 0.0671875 0.06458333333333334
1 0.90859375 0.08958333333333333 0.1265625 0.125
0 0.79921875 0.9052083333333333 0.0484375 0.07291666666666667
1 0.3140625 0.2375 0.065625 0.07916666666666666
