0 0.1426534783813747 0.051806171470805615 0.0421875 0.05416666666666667
0 0.4498724489795919 0.20809948979591836 0.046875 0.05625
0 0.121875 0.44166666666666665 0.040625 0.058333333333333334
0 0.08553815136476425 0.8108379859387924 0.04374999999999999 0.06041666666666667
0 0.08828125 0.13020833333333334 0.0421875 0.06041666666666667
0 0.11328125 0.40208333333333335 0.0515625 0.075
0 0.44765625 0.8604166666666667 0.0546875 0.06666666666666667
0 0.0420021186440678 0.9593573446327684 0.0453125 0.0625
0 0.73203125 0.27291666666666664 0.0421875 0.05416666666666667
0 0.07734375 0.4824810606060606 0.0390625 0.058333333333333334
0 0.28359375 0.5125 0.0453125 0.0625
0 0.525 0.3489583333333333 0.05 0.06041666666666667
0 0.77890625 0.475 0.0546875 0.0625
0 0.9125 0.30949074074074073 0.053125 0.0625
0 0.8515625 0.28854166666666664 0.046875 0.05625
0 0.4890625 0.5083333333333333 0.04375 0.0625
0 0.546875 0.659375 0.046875 0.05625
0 0.7234375 0.7666666666666667 0.05625 0.07083333333333333
0 0.81796875 0.578125 0.0484375 0.06041666666666667
0 0.5794457872928177 0.30486302946593 0.07028660220994469 0.08191758747697975
0 0.9507056451612904 0.9577620967741935 0.04375 0.05416666666666667
0 0.128125 0.5302083333333333 0.04375 0.03958333333333333
1 0.38046875 0.840625 0.1515625 0.19791666666666666
1 0.50859375 0.7895833333333333 0.0953125 0.1625
0 0.47734375 0.8979166666666667 0.0421875 0.05
0 0.68828125 0.28020833333333334 0.0296875 0.03125
0 0.41030321782178214 0.14166666666666666 0.028125 0.041666666666666664
