0 0.14373440964523282 0.05156596452328159 0.0421875 0.05416666666666667
0 0.45111607142857146 0.20699404761904763 0.046875 0.05625
0 0.1277232142857143 0.4648809523809524 0.040625 0.058333333333333334
0 0.08654621588089331 0.8103003515301902 0.04375000000000001 0.06041666666666667
0 0.04408482142857143 0.06086309523809524 0.0421875 0.06041666666666667
0 0.09542410714285714 0.30178571428571427 0.0578125 0.08333333333333333
0 0.37533482142857144 0.9595238095238094 0.0546875 0.06666666666666667
0 0.04251853813559322 0.9584392655367232 0.0453125 0.0625
0 0.73203125 0.27291666666666664 0.0421875 0.05416666666666667
0 0.07820723684210526 0.47933114035087715 0.0390625 0.058333333333333334
0 0.28359375 0.5125 0.0453125 0.0625
0 0.525 0.3489583333333333 0.05 0.06041666666666667
0 0.77890625 0.475 0.0546875 0.0625
0 0.9125 0.3122993827160494 0.053125 0.0625
0 0.8515625 0.28854166666666664 0.046875 0.05625
0 0.4890625 0.5083333333333333 0.04375 0.0625
0 0.546875 0.659375 0.046875 0.05625
0 0.7234375 0.7666666666666667 0.05625 0.07083333333333333
0 0.81796875 0.578125 0.0484375 0.06041666666666667
0 0.5765279696132597 0.3045637661141805 0.07432665745856352 0.08610727440147331
0 0.952671370967742 0.9590725806451613 0.04375 0.05416666666666667
0 0.128125 0.5302083333333333 0.04375 0.03958333333333333
1 0.38046875 0.840625 0.1515625 0.19791666666666666
1 0.50859375 0.7895833333333333 0.0953125 0.1625
0 0.47734375 0.8979166666666667 0.0421875 0.05
0 0.68828125 0.28020833333333334 0.0296875 0.03125
0 0.4111076732673268 0.14166666666666666 0.028125000000000046 0.041666666666666664
