0 0.14257032982261642 0.05182464892830747 0.0421875 0.05416666666666667
0 0.4497767857142857 0.20818452380952382 0.046875 0.05625
0 0.1212797619047619 0.4388888888888889 0.040625 0.058333333333333334
0 0.08546060794044666 0.8108793424317617 0.04375 0.06041666666666667
0 0.09348958333333332 0.12465277777777777 0.04218749999999999 0.06041666666666665
0 0.09765625 0.3909722222222222 0.0515625 0.075
0 0.4591145833333333 0.8479166666666667 0.0546875 0.06666666666666667
0 0.041962394067796616 0.9594279661016949 0.045312500000000006 0.0625
0 0.73203125 0.27291666666666664 0.0421875 0.05416666666666667
0 0.07734375 0.48295454545454547 0.0390625 0.058333333333333334
0 0.28359375 0.5125 0.0453125 0.0625
0 0.525 0.3489583333333333 0.05 0.06041666666666667
0 0.77890625 0.475 0.0546875 0.0625
0 0.9125 0.30927469135802466 0.053125 0.0625
0 0.8515625 0.28854166666666664 0.046875 0.05625
0 0.4890625 0.5083333333333333 0.04375 0.0625
0 0.546875 0.659375 0.046875 0.05625
0 0.7234375 0.7666666666666667 0.05625 0.07083333333333333
0 0.81796875 0.578125 0.0484375 0.06041666666666667
0 0.5796702348066298 0.30488604972375694 0.0699758287292818 0.0815953038674033
0 0.950554435483871 0.9576612903225806 0.04375 0.05416666666666667
0 0.128125 0.5302083333333333 0.04375 0.03958333333333333
1 0.38046875 0.840625 0.1515625 0.19791666666666666
1 0.50859375 0.7895833333333333 0.0953125 0.1625
0 0.47734375 0.8979166666666667 0.0421875 0.05
0 0.68828125 0.28020833333333334 0.0296875 0.03125
0 0.41024133663366336 0.14166666666666666 0.028124999999999956 0.041666666666666664
