0 0.14556367793791575 0.05115946045824094 0.0421875 0.05416666666666667
0 0.4532206632653061 0.2051232993197279 0.046875 0.05625
0 0.103125 0.5142045454545454 0.040625 0.058333333333333334
0 0.08825217121588089 0.8093905086848635 0.04375 0.06041666666666667
0 0.03125 0.20549242424242425 0.0625 0.08333333333333333
0 0.27578125 0.9625 0.0546875 0.06666666666666667
0 0.04339247881355932 0.956885593220339 0.0453125 0.0625
0 0.73203125 0.27291666666666664 0.0421875 0.05416666666666667
0 0.08137335526315789 0.4799342105263158 0.0390625 0.058333333333333334
0 0.28359375 0.5125 0.0453125 0.0625
0 0.525 0.3489583333333333 0.05 0.06041666666666667
0 0.77890625 0.475 0.0546875 0.0625
0 0.9125 0.3170524691358025 0.053125 0.0625
0 0.8515625 0.28854166666666664 0.046875 0.05625
0 0.4890625 0.5083333333333333 0.04375 0.0625
0 0.546875 0.659375 0.046875 0.05625
0 0.7234375 0.7666666666666667 0.05625 0.07083333333333333
0 0.81796875 0.578125 0.0484375 0.06041666666666667
0 0.5749131944444444 0.2952932098765432 0.0796875 0.09166666666666663
0 0.9559979838709678 0.9612903225806452 0.04375 0.05416666666666667
0 0.128125 0.5302083333333333 0.04375 0.03958333333333333
1 0.38046875 0.840625 0.1515625 0.19791666666666666
1 0.50859375 0.7895833333333333 0.0953125 0.1625
0 0.47734375 0.8979166666666667 0.0421875 0.05
0 0.68828125 0.28020833333333334 0.0296875 0.03125
0 0.41246905940594064 0.14166666666666666 0.028125000000000046 0.041666666666666664
