0 0.4359375 0.10854166666666666 0.046875 0.06041666666666665
0 0.26795625 0.079175 0.0359375 0.05208333333333333
0 0.2118197278911565 0.12150651927437642 0.034375000000000024 0.04791666666666667
0 0.2538690476190476 0.12306547619047618 0.04375 0.052083333333333336
0 0.18299479166666668 0.13787037037037037 0.042187500000000024 0.058333333333333334
0 0.1453125 0.35513925010836583 0.040625 0.05416666666666667
0 0.17633196721311475 0.39442452185792354 0.0421875 0.06666666666666667
0 0.43996767241379314 0.688139367816092 0.046875 0.06875
0 0.5808699324324325 0.763522897897898 0.04375 0.06041666666666667
0 0.7239320286195287 0.0432624859708193 0.04375 0.06041666666666667
0 0.8208806818181819 0.07272727272727272 0.040625 0.05833333333333333
0 0.8875 0.4041666666666667 0.075 0.1
0 0.8939603365384615 0.44451121794871795 0.040625 0.06041666666666667
0 0.8783645833333333 0.5204444444444445 0.0453125 0.06666666666666667
0 0.95390625 0.5177083333333333 0.0484375 0.06875
0 0.97265625 0.634375 0.0484375 0.07291666666666667
0 0.8675316519292604 0.9291666666666667 0.0453125 0.0625
0 0.13009572072072073 0.973170045045045 0.05 0.053659909909909945
0 0.5515625 0.9057291666666667 0.06875 0.08541666666666667
2 0.07272629310344828 0.7866235632183909 0.049999999999999996 0.075
0 0.21171875 0.16458333333333333 0.0453125 0.06666666666666667
0 0.9291949728260869 0.4065783514492754 0.040625 0.058333333333333334
0 0.162890625 0.30520833333333336 0.0609375 0.075
0 0.1109375 0.646875 0.06875 0.0875
0 0.95078125 0.6104166666666667 0.0390625 0.058333333333333334
0 0.06768465909090908 0.23077651515151518 0.0703125 0.10208333333333336
0 0.9590401785714286 0.8011904761904761 0.0421875 0.06666666666666667
1 0.90859375 0.08958333333333333 0.1265625 0.125
0 0.7964521729390681 0.9033639486260455 0.03460461469534053 0.043406511350059775
1 0.29822198275862066 0.2210642446633826 0.065625 0.06875
