0 0.48335227272727277 0.20327651515151515 0.046875 0.06041666666666667
0 0.26953125 0.078125 0.0359375 0.052083333333333336
0 0.10385416666666666 0.13312500000000002 0.034375 0.047916666666666684
0 0.3265625 0.14635416666666667 0.04375 0.052083333333333336
0 0.19671875 0.11374999999999999 0.0421875 0.05833333333333332
0 0.1453125 0.35904042045947115 0.040625 0.05416666666666667
0 0.19181640625 0.39339843750000003 0.043749999999999976 0.06666666666666667
0 0.45094053398058254 0.6822916666666666 0.046875 0.06875
0 0.6007211538461539 0.7677083333333333 0.04375 0.06041666666666667
0 0.7245633417508418 0.04662948933782266 0.04375 0.06041666666666666
0 0.8265625 0.06875 0.040625 0.058333333333333334
0 0.9013349514563107 0.43498179611650484 0.040625 0.06041666666666667
0 0.8912834334061136 0.5150655021834061 0.0453125 0.06666666666666667
0 0.95390625 0.5177083333333333 0.0484375 0.06875
0 0.97265625 0.634375 0.0484375 0.07291666666666667
0 0.87626953125 0.9294270833333333 0.0453125 0.0625
0 0.14265819099378882 0.9708333333333333 0.05 0.058333333333333334
2 0.09491680194805194 0.7958333333333333 0.05 0.075
0 0.21171875 0.16458333333333333 0.0453125 0.06666666666666667
0 0.937890625 0.4078125 0.040625 0.058333333333333334
0 0.30328125 0.6416666666666667 0.0546875 0.06666666666666667
0 0.95078125 0.6104166666666667 0.0390625 0.058333333333333334
0 0.0321875 0.7529166666666666 0.064375 0.0875
0 0.25906250000000003 0.4266666666666667 0.0625 0.07916666666666666
0 0.23972039473684212 0.9828947368421053 0.059375 0.0342105263157895
0 0.98203125 0.3458333333333333 0.0359375 0.06666666666666667
1 0.90859375 0.08958333333333333 0.1265625 0.125
0 0.79921875 0.9052083333333333 0.0484375 0.07291666666666667
1 0.30774187853107343 0.23117937853107348 0.065625 0.07916666666666669
