0 0.4279086538461539 0.06985576923076924 0.046875 0.06041666666666667
0 0.26678125 0.07995833333333334 0.0359375 0.05208333333333334
0 0.2257179054054054 0.09721283783783784 0.034375 0.04791666666666667
0 0.24308792372881358 0.13684675141242938 0.04375 0.052083333333333336
0 0.17429315476190477 0.13958333333333334 0.0421875 0.058333333333333334
0 0.1453125 0.35361129172084954 0.040625 0.05416666666666667
0 0.17066698788546256 0.39899045521292215 0.0421875 0.06666666666666667
0 0.4298384232954546 0.6952888257575758 0.046875 0.06875
0 0.5733439371257485 0.7642153193612774 0.04375 0.06041666666666667
0 0.9796875 0.475 0.040625 0.05416666666666667
0 0.7236847643097643 0.04194374298540964 0.04375 0.06041666666666666
0 0.8171407185628743 0.075 0.040625 0.058333333333333334
0 0.7654017857142857 0.34345238095238095 0.0750000000000001 0.1
0 0.8887401905829597 0.4476410687593423 0.040625 0.06041666666666667
0 0.8731729822834646 0.5199064960629921 0.0453125 0.06666666666666667
0 0.9545049649532711 0.5209014797507787 0.0484375 0.06874999999999994
0 0.9733810598859316 0.6295429340937896 0.0484375 0.07291666666666667
0 0.8654064509646302 0.9291666666666667 0.0453125 0.0625
0 0.1253444881889764 0.9739583333333334 0.05 0.052083333333333336
0 0.98515625 0.106146978021978 0.0296875 0.06458333333333331
0 0.7191964285714285 0.6751488095238095 0.071875 0.09375
2 0.05923121165644172 0.7850204498977505 0.05 0.075
0 0.21171875 0.16458333333333333 0.0453125 0.06666666666666667
0 0.9268002717391305 0.4081748188405797 0.040625 0.058333333333333334
0 0.06584821428571429 0.1261904761904762 0.04062500000000001 0.058333333333333334
0 0.14330357142857142 0.8732142857142857 0.06875 0.0875
0 0.95078125 0.6104166666666667 0.0390625 0.058333333333333334
1 0.9050488281250001 0.08786458333333333 0.11947265624999996 0.12156249999999999
0 0.79336875 0.9058499999999999 0.0328125 0.03958333333333333
1 0.29442349137931034 0.22251128899835798 0.065625 0.06875
