0 0.42867005813953485 0.07696220930232558 0.046875 0.06041666666666667
0 0.26698125 0.07982500000000001 0.0359375 0.05208333333333334
0 0.21784274193548386 0.1064516129032258 0.034375 0.04791666666666667
0 0.24990808823529412 0.11721813725490196 0.04375 0.052083333333333336
0 0.17607886904761905 0.13958333333333334 0.0421875 0.058333333333333334
0 0.1453125 0.3538713697442566 0.040625 0.05416666666666667
0 0.17165817731277533 0.39810939794419975 0.0421875 0.06666666666666667
0 0.4309037642045454 0.6958570075757575 0.046875 0.06875
0 0.5746912425149701 0.7645147205588823 0.04375 0.06041666666666667
0 0.9796875 0.5395833333333333 0.040625 0.05416666666666667
0 0.7237268518518518 0.04216820987654321 0.04375 0.06041666666666667
0 0.8178143712574851 0.075 0.04062500000000009 0.058333333333333334
0 0.7931640625 0.3359375 0.075 0.1
0 0.889749159192825 0.44741685351270555 0.040625 0.06041666666666667
0 0.8740588090551181 0.520103346456693 0.0453125 0.06666666666666672
0 0.9543297313084113 0.5199669003115265 0.0484375 0.06875
0 0.9732384743346009 0.630493504435995 0.0484375 0.07291666666666667
0 0.8657681872990354 0.9291666666666667 0.0453125 0.0625
0 0.12593503937007874 0.9739583333333334 0.05 0.052083333333333336
0 0.98515625 0.10559752747252746 0.0296875 0.06458333333333331
0 0.6744140625 0.6963541666666667 0.071875 0.09375
2 0.061761886503067485 0.7853271983640082 0.05 0.075
0 0.21171875 0.16458333333333333 0.0453125 0.06666666666666667
0 0.9272078804347826 0.40790307971014494 0.040625 0.058333333333333334
0 0.1048828125 0.1578125 0.040625 0.058333333333333334
0 0.13671875 0.8354166666666667 0.06875 0.0875
0 0.95078125 0.6104166666666667 0.0390625 0.058333333333333334
0 0.01484375 0.08541666666666667 0.0296875 0.07916666666666666
1 0.905908203125 0.08828125 0.12119140625 0.12239583333333333
0 0.79396875 0.90525 0.0328125 0.03958333333333333
1 0.29507004310344825 0.22226498357963875 0.065625 0.06875
