0 0.14909749168514413 0.05037416851441242 0.0421875 0.05416666666666667
0 0.45728635204081636 0.20150935374149662 0.046875 0.05625
0 0.09130859375 0.5725260416666667 0.053125 0.07291666666666667
0 0.09154776674937966 0.8076328577336641 0.04375 0.06041666666666667
0 0.5428645833333333 0.7705555555555555 0.06302083333333339 0.07555555555555553
0 0.04508077330508474 0.9538841807909605 0.0453125 0.0625
0 0.73203125 0.27291666666666664 0.0421875 0.05416666666666667
0 0.08748972039473683 0.48109923245614034 0.039062499999999986 0.058333333333333334
0 0.28359375 0.5125 0.0453125 0.0625
0 0.525 0.3489583333333333 0.05 0.06041666666666667
0 0.77890625 0.475 0.0546875 0.0625
0 0.9125 0.32083333333333336 0.053125 0.0625
0 0.8515625 0.28854166666666664 0.046875 0.05625
0 0.4890625 0.5083333333333333 0.04375 0.0625
0 0.546875 0.659375 0.046875 0.05625
0 0.7234375 0.7666666666666667 0.05625 0.07083333333333333
0 0.81796875 0.578125 0.0484375 0.06041666666666667
0 0.57265625 0.29583333333333334 0.0796875 0.09166666666666666
0 0.9697265625 0.9589699074074074 0.04375 0.05416666666666667
0 0.128125 0.5302083333333333 0.04375 0.03958333333333333
1 0.38046875 0.840625 0.1515625 0.19791666666666666
1 0.50859375 0.7895833333333333 0.0953125 0.1625
0 0.47734375 0.8979166666666667 0.0421875 0.05
0 0.68828125 0.28020833333333334 0.0296875 0.03125
0 0.4150990099009901 0.14166666666666666 0.028125 0.041666666666666664
