0 0.4805595930232558 0.17967538759689922 0.046875 0.06041666666666667
0 0.26953125 0.078125 0.0359375 0.052083333333333336
0 0.1409646739130435 0.11236413043478262 0.034375 0.047916666666666684
0 0.31484375 0.09270833333333334 0.04375 0.052083333333333336
0 0.18828125 0.12587274774774776 0.0421875 0.058333333333333334
0 0.1453125 0.35793508885999137 0.040625 0.05416666666666667
0 0.18995150862068963 0.39017600574712646 0.043749999999999976 0.06666666666666667
0 0.44625355113636367 0.6831202651515151 0.046875 0.06875
0 0.5945101351351352 0.7645551801801802 0.04375 0.06041666666666667
0 0.7243844696969697 0.04567550505050504 0.04375 0.06041666666666667
0 0.8251515468227424 0.06875 0.040625 0.058333333333333334
0 0.89975 0.43870833333333337 0.040625 0.06041666666666667
0 0.8877708333333333 0.5168611111111111 0.0453125 0.06666666666666661
0 0.95390625 0.5177083333333333 0.0484375 0.06875
0 0.97265625 0.634375 0.0484375 0.07291666666666667
0 0.874957275390625 0.93662109375 0.0453125 0.0625
0 0.14018342391304348 0.9708333333333333 0.05 0.058333333333333334
2 0.09181209415584415 0.7958333333333333 0.04999999999999999 0.075
0 0.21171875 0.16458333333333333 0.0453125 0.06666666666666667
0 0.933502435064935 0.4050865800865801 0.040625 0.058333333333333334
0 0.24977022058823528 0.4915441176470588 0.0546875 0.06666666666666667
0 0.95078125 0.6104166666666667 0.0390625 0.058333333333333334
0 0.2852481617647059 0.11072303921568626 0.0703125 0.10208333333333332
0 0.48061079545454544 0.9225378787878787 0.0609375 0.0875
0 0.20063920454545453 0.7566287878787878 0.0671875 0.0875
0 0.34765625 0.35104166666666664 0.0546875 0.06875
1 0.90859375 0.08958333333333333 0.1265625 0.125
0 0.79921875 0.9052083333333333 0.0484375 0.07291666666666667
1 0.3041401836158192 0.2275776836158192 0.065625 0.07916666666666666
