0 0.14159333425720622 0.05204175905395417 0.0421875 0.05416666666666666
0 0.4486527423469388 0.20918367346938777 0.046875 0.05625
0 0.14038461538461539 0.409775641025641 0.040625 0.058333333333333334
0 0.08454947270471465 0.8113652812241522 0.04375 0.06041666666666667
0 0.13046875 0.19270833333333334 0.0421875 0.06041666666666667
0 0.08778409090909091 0.4804924242424242 0.04602272727272727 0.06212121212121211
0 0.49140625 0.7322916666666667 0.0484375 0.0625
0 0.041495630296610166 0.9602577683615819 0.04531249999999999 0.0625
0 0.73203125 0.27291666666666664 0.0421875 0.05416666666666667
0 0.07734375 0.48851799242424243 0.0390625 0.058333333333333334
0 0.28359375 0.5125 0.0453125 0.0625
0 0.525 0.3489583333333333 0.05 0.06041666666666667
0 0.77890625 0.475 0.0546875 0.0625
0 0.9125 0.3067361111111111 0.053125 0.0625
0 0.8515625 0.28854166666666664 0.046875 0.05625
0 0.4890625 0.5083333333333333 0.04375 0.0625
0 0.546875 0.659375 0.046875 0.05625
0 0.7234375 0.7666666666666667 0.05625 0.07083333333333333
0 0.81796875 0.578125 0.0484375 0.06041666666666667
0 0.5823074930939226 0.3051565377532228 0.06632424033149169 0.07780847145488028
0 0.9487777217741936 0.9564768145161291 0.04375 0.05416666666666667
0 0.128125 0.5302083333333333 0.04375 0.03958333333333333
1 0.38046875 0.840625 0.1515625 0.19791666666666666
1 0.50859375 0.7895833333333333 0.0953125 0.1625
0 0.47734375 0.8979166666666667 0.0421875 0.05
0 0.68828125 0.28020833333333334 0.0296875 0.03125
0 0.4095142326732673 0.14166666666666666 0.028124999999999956 0.041666666666666664
