cl1xjpyua000j3f6bm88dbeo1 0 0.7828125 0.5708333333333333 0.034375 0.0375
cl1xjq2wa000n3f6bm0y9yd49 0 0.2581123737373737 0.748621632996633 0.04375 0.03958333333333333
cl1xjq75s000r3f6bsg655wl7 0 0.7619620901639343 0.5208333333333334 0.034375 0.05
cl1xjqd2e000v3f6bu8wn4l6o 0 0.94140625 0.809375 0.0328125 0.04791666666666667
cl1xjqvi800173f6bjzevd5tf 0 0.84140625 0.8895833333333333 0.0359375 0.03333333333333333
cl2a6y0r6000k3g6cjw7il1ik 0 0.12786458333333334 0.8395833333333333 0.0359375 0.04305555555555548
cl2a8moso00143g6c34pyvkh8 0 0.7671875 0.11666666666666667 0.03125 0.041666666666666664
cl2exbmcs000n3g6ch02xn4u6 0 0.27299592391304345 0.17105978260869564 0.0359375 0.052083333333333336
cl2exruud001g3g6cfd8t0xrb 0 0.36171875 0.8576121794871795 0.0296875 0.04375
cl2ext5pq001k3g6cagkd26ha 0 0.02109375 0.9395833333333333 0.0296875 0.04583333333333333
