ckz3w19jd00173867sbg0jtqu 0 0.010781250000000001 0.15260416666666668 0.021562500000000002 0.058333333333333334
cl1xjpcyp00033f6bjim1p67v 0 0.21812499999999999 0.037083333333333336 0.028125 0.04583333333333333
cl1xjpgtn00073f6bywfj7mmu 0 0.9375781249999999 0.0615625 0.03234374999999989 0.041875
cl1xjpl2g000b3f6bw2201tgt 0 0.9373301630434783 0.22332427536231886 0.0328125 0.04583333333333333
cl1xjppwx000f3f6badczuxde 0 0.9249218750000001 0.5154166666666666 0.0375 0.045833333333333275
cl1xjpyua000j3f6bm88dbeo1 0 0.7828125 0.5672241784037558 0.034375 0.030281690140845068
cl1xjq2wa000n3f6bm0y9yd49 0 0.14570677570093457 0.7159170560747664 0.04375 0.03958333333333333
cl1xjq75s000r3f6bsg655wl7 0 0.6178819444444444 0.6179398148148147 0.034375 0.04791666666666667
cl1xjqd2e000v3f6bu8wn4l6o 0 0.5990624999999999 0.7397916666666667 0.025 0.04541666666666669
cl1xjqgt5000z3f6bzn3yijdo 0 0.7944633152173912 0.6520531400966184 0.03906249999999991 0.03333333333333333
cl1xjqp7y00133f6bk6y0p790 0 0.24015625 0.9235416666666667 0.0328125 0.041666666666666664
cl1xjqvi800173f6bjzevd5tf 0 0.8337863444333997 0.8682985420808483 0.028302062624254453 0.03565275016567272
