cl1xjpl2g000b3f6bw2201tgt 0 0.9927734375 0.22395833333333334 0.014453125 0.052083333333333336
cl1xjppwx000f3f6badczuxde 0 0.9179214015151516 0.44655934343434345 0.039820075757575776 0.048421717171717185
cl1xjpyua000j3f6bm88dbeo1 0 0.7828125 0.5708333333333333 0.034375 0.0375
cl1xjq2wa000n3f6bm0y9yd49 0 0.20715460526315788 0.7351425438596491 0.043749999999999976 0.03958333333333333
cl1xjq75s000r3f6bsg655wl7 0 0.6919719827586207 0.55 0.034375 0.05
cl1xjqd2e000v3f6bu8wn4l6o 0 0.8784801136363637 0.9119318181818182 0.038778409090908995 0.041666666666666664
cl1xjqgt5000z3f6bzn3yijdo 0 0.9081787109375 0.64873046875 0.0484375 0.041666666666666664
cl1xjqvi800173f6bjzevd5tf 0 0.8426508620689657 0.8756824712643677 0.032176724137931066 0.043031609195402255
cl2a5u9v400073g6cm5x4iwo2 0 0.0419577205882353 0.10122549019607845 0.02876838235294118 0.04705882352941176
cl2a6y0r6000k3g6cjw7il1ik 0 0.03888221153846154 0.7364583333333333 0.0359375 0.03958333333333333
cl2a7sm0q000b3g6c73p60mng 0 0.01484375 0.990625 0.0296875 0.01875
