cl1xjpl2g000b3f6bw2201tgt 0 0.9762049788135594 0.2248587570621469 0.0328125 0.04583333333333333
cl1xjppwx000f3f6badczuxde 0 0.7446022727272728 0.6409090909090909 0.040625 0.04375
cl1xjpyua000j3f6bm88dbeo1 0 0.7828125 0.5704910015649453 0.034375 0.03681533646322374
cl1xjq2wa000n3f6bm0y9yd49 0 0.18425839552238807 0.729648631840796 0.043750000000000025 0.03958333333333333
cl1xjq75s000r3f6bsg655wl7 0 0.6526960784313726 0.5886029411764705 0.034375 0.04542483660130721
cl1xjqd2e000v3f6bu8wn4l6o 0 0.7416666666666666 0.7644097222222223 0.0442708333333333 0.03958333333333333
cl1xjqgt5000z3f6bzn3yijdo 0 0.8611607142857143 0.6571428571428571 0.040625 0.041666666666666664
cl1xjqp7y00133f6bk6y0p790 0 0.20390625 0.8147916666666667 0.0328125 0.03958333333333333
cl1xjqvi800173f6bjzevd5tf 0 0.8394927311133202 0.871756958250497 0.029339587475149108 0.037036116633532144
cl2969hqg000b3g6cw9vx081g 0 0.0340625 0.010833333333333334 0.03875000000000001 0.021666666666666667
cl2a5n8ms00033g6clsnps8u7 0 0.13046875 0.19583333333333333 0.0421875 0.041666666666666664
cl2a6vz91000g3g6c02ywhb1a 0 0.014967105263157896 0.7413377192982457 0.025493421052631575 0.044736842105263123
