cl1xjpyua000j3f6bm88dbeo1 0 0.7828125 0.5708333333333333 0.034375 0.0375
cl1xjq2wa000n3f6bm0y9yd49 0 0.23261513157894737 0.7416118421052631 0.04375 0.03958333333333333
cl1xjq75s000r3f6bsg655wl7 0 0.7189189189189189 0.5244369369369369 0.034375 0.05
cl1xjqd2e000v3f6bu8wn4l6o 0 0.88984375 0.8302083333333333 0.0328125 0.03958333333333333
cl1xjqgt5000z3f6bzn3yijdo 0 0.9486404220779221 0.6576298701298702 0.0484375 0.041666666666666664
cl1xjqvi800173f6bjzevd5tf 0 0.843381320224719 0.8835323033707866 0.03511235955056176 0.04103464419475659
cl2a5u9v400073g6cm5x4iwo2 0 0.0673828125 0.029427083333333333 0.034375 0.03958333333333333
cl2a5xma9000b3g6ceejjo0ph 0 0.07626953125 0.14010416666666667 0.0396484375 0.04895833333333333
cl2a6y0r6000k3g6cjw7il1ik 0 0.04265624999999999 0.8139583333333333 0.0315625 0.04791666666666667
cl2a835jz000s3g6cjsdd884g 0 0.79765625 0.196875 0.0328125 0.03958333333333333
