cl1xjpl2g000b3f6bw2201tgt 0 0.9872043918918919 0.22333896396396397 0.02559121621621614 0.05084459459459459
cl1xjppwx000f3f6badczuxde 0 0.8214062500000001 0.4579166666666667 0.0359375 0.05416666666666667
cl1xjpyua000j3f6bm88dbeo1 0 0.7828125 0.5708333333333333 0.034375 0.0375
cl1xjq2wa000n3f6bm0y9yd49 0 0.19823190789473685 0.7334429824561403 0.043750000000000025 0.03958333333333333
cl1xjq75s000r3f6bsg655wl7 0 0.6822328629032258 0.5587029569892473 0.034375 0.05
cl1xjqd2e000v3f6bu8wn4l6o 0 0.7927083333333333 0.9229166666666667 0.03923611111111116 0.041666666666666664
cl1xjqgt5000z3f6bzn3yijdo 0 0.8972819010416666 0.6479166666666667 0.0484375 0.041666666666666664
cl1xjqvi800173f6bjzevd5tf 0 0.8416487068965516 0.873455459770115 0.03017241379310338 0.03857758620689656
cl2a5n8ms00033g6clsnps8u7 0 0.06901041666666666 0.03125 0.0328125 0.05416666666666667
cl2a5u9v400073g6cm5x4iwo2 0 0.01666666666666667 0.06597222222222222 0.025 0.05
cl2a6y0r6000k3g6cjw7il1ik 0 0.05546875 0.8125 0.034375 0.04583333333333333
cl2a7mwlw00033g6cv2i3nh16 0 0.9203125 0.084375 0.03125 0.04375
