ckz3w19jd00173867sbg0jtqu 0 0.015625 0.04583333333333333 0.03125 0.05625
cl1xjpl2g000b3f6bw2201tgt 0 0.9433117378048781 0.2209857723577236 0.0328125 0.04583333333333333
cl1xjppwx000f3f6badczuxde 0 0.9346643518518519 0.615432098765432 0.03703703703703702 0.046759259259259285
cl1xjpyua000j3f6bm88dbeo1 0 0.7828125 0.567859937402191 0.034375 0.0315532081377152
cl1xjq2wa000n3f6bm0y9yd49 0 0.15424941588785046 0.722244937694704 0.04375 0.03958333333333333
cl1xjq75s000r3f6bsg655wl7 0 0.6164713541666667 0.6047743055555556 0.034375 0.04791666666666667
cl1xjqd2e000v3f6bu8wn4l6o 0 0.6376953125 0.8640625 0.032421875 0.04375
cl1xjqgt5000z3f6bzn3yijdo 0 0.8032948369565217 0.6559782608695652 0.03906249999999991 0.03333333333333333
cl1xjqp7y00133f6bk6y0p790 0 0.19162946428571428 0.8294642857142858 0.0359375 0.0375
cl1xjqvi800173f6bjzevd5tf 0 0.8348968687872762 0.8689715871438038 0.028503976143141152 0.03592196819085487
cl295wlki00073g6cuiy8wn1n 0 0.9421875 0.08854166666666667 0.03125 0.035416666666666666
cl2969hqg000b3g6cw9vx081g 0 0.05963541666666666 0.06180555555555555 0.029687499999999995 0.04583333333333332
