cl1xjpyua000j3f6bm88dbeo1 0 0.7828125 0.5708333333333333 0.034375 0.0375
cl1xjq2wa000n3f6bm0y9yd49 0 0.2591382575757576 0.7488952020202021 0.04375 0.03958333333333333
cl1xjq75s000r3f6bsg655wl7 0 0.7649590163934425 0.5208333333333334 0.034375 0.05
cl1xjqd2e000v3f6bu8wn4l6o 0 0.946484375 0.7822916666666667 0.0328125 0.04791666666666667
cl1xjqvi800173f6bjzevd5tf 0 0.84140625 0.8895833333333333 0.0359375 0.03333333333333333
cl2a6y0r6000k3g6cjw7il1ik 0 0.14034090909090907 0.8234848484848485 0.03210227272727273 0.04924242424242422
cl2a8moso00143g6c34pyvkh8 0 0.7635416666666667 0.053125 0.03125 0.03680555555555556
cl2exbmcs000n3g6ch02xn4u6 0 0.2615828804347826 0.18944746376811594 0.03634510869565215 0.052083333333333336
cl2exruud001g3g6cfd8t0xrb 0 0.344921875 0.8390625 0.0296875 0.04375
cl2ext5pq001k3g6cagkd26ha 0 0.040234375 0.9796875 0.03203125 0.036458333333333336
