cl1xjpyua000j3f6bm88dbeo1 0 0.7828125 0.5708333333333333 0.034375 0.0375
cl1xjq2wa000n3f6bm0y9yd49 0 0.22057565789473682 0.7382675438596491 0.04375 0.03958333333333333
cl1xjq75s000r3f6bsg655wl7 0 0.6992080479452054 0.5544520547945205 0.037714041095890403 0.05
cl1xjqd2e000v3f6bu8wn4l6o 0 0.8653645833333332 0.7773148148148148 0.041145833333333395 0.041666666666666664
cl1xjqgt5000z3f6bzn3yijdo 0 0.9317263719512194 0.6526422764227642 0.0484375 0.041666666666666664
cl1xjqvi800173f6bjzevd5tf 0 0.8436490519662921 0.8796055711610488 0.03457689606741567 0.04603230337078645
cl2a5u9v400073g6cm5x4iwo2 0 0.06805555555555556 0.10393518518518517 0.034375 0.03958333333333333
cl2a5xma9000b3g6ceejjo0ph 0 0.23063038793103446 0.11961206896551725 0.03712284482758621 0.05071839080459772
cl2a6y0r6000k3g6cjw7il1ik 0 0.07109375 0.8104166666666667 0.0359375 0.04583333333333333
cl2a7u7o5000f3g6czlbiqfu0 0 0.2634943181818182 0.8600378787878787 0.0375 0.041666666666666664
cl2a835jz000s3g6cjsdd884g 0 0.95546875 0.09895833333333333 0.0359375 0.04375
cl2a86aln000w3g6cdjirqvay 0 0.94453125 0.15104166666666666 0.0296875 0.03958333333333333
