cl1xjpl2g000b3f6bw2201tgt 0 0.99 0.22395833333333334 0.019999999999999928 0.052083333333333336
cl1xjppwx000f3f6badczuxde 0 0.8669744318181817 0.45293560606060607 0.039630681818181836 0.05170454545454544
cl1xjpyua000j3f6bm88dbeo1 0 0.7828125 0.5708333333333333 0.034375 0.0375
cl1xjq2wa000n3f6bm0y9yd49 0 0.20226151315789473 0.7342105263157895 0.04375 0.03958333333333333
cl1xjq75s000r3f6bsg655wl7 0 0.6885836693548387 0.552116935483871 0.034375 0.05
cl1xjqd2e000v3f6bu8wn4l6o 0 0.83046875 0.9296875 0.0421875 0.041666666666666664
cl1xjqgt5000z3f6bzn3yijdo 0 0.902294921875 0.6479166666666667 0.0484375 0.041666666666666664
cl1xjqvi800173f6bjzevd5tf 0 0.8421012931034483 0.8744612068965517 0.03107758620689651 0.040589080459770104
cl2a5n8ms00033g6clsnps8u7 0 0.09479166666666666 0.009027777777777777 0.04270833333333333 0.018055555555555554
cl2a5u9v400073g6cm5x4iwo2 0 0.0296875 0.090625 0.025 0.05
cl2a6y0r6000k3g6cjw7il1ik 0 0.0625 0.7729166666666667 0.034375 0.04583333333333333
