ckz3w19jd00173867sbg0jtqu 0 0.007352941176470588 0.13284313725490196 0.014705882352941176 0.058333333333333334
cl1xjpcyp00033f6bjim1p67v 0 0.22234375 0.01875 0.032187499999999994 0.0375
cl1xjpgtn00073f6bywfj7mmu 0 0.9569531250000001 0.0540625 0.028593750000000105 0.043541666666666666
cl1xjpl2g000b3f6bw2201tgt 0 0.9384171195652173 0.22404891304347826 0.0328125 0.04583333333333333
cl1xjppwx000f3f6badczuxde 0 0.9361111111111111 0.5407407407407407 0.0375 0.04583333333333333
cl1xjpyua000j3f6bm88dbeo1 0 0.7828125 0.5673806729264476 0.034375 0.03059467918622853
cl1xjq2wa000n3f6bm0y9yd49 0 0.14780957943925233 0.7174746884735203 0.04375 0.03958333333333333
cl1xjq75s000r3f6bsg655wl7 0 0.6175347222222223 0.6146990740740741 0.034375 0.04791666666666667
cl1xjqd2e000v3f6bu8wn4l6o 0 0.6053385416666666 0.7708333333333334 0.025260416666666695 0.04305555555555548
cl1xjqgt5000z3f6bzn3yijdo 0 0.7966372282608696 0.6530193236714975 0.0390625 0.03333333333333333
cl1xjqp7y00133f6bk6y0p790 0 0.24453125 0.8882575757575758 0.0328125 0.041666666666666664
cl1xjqvi800173f6bjzevd5tf 0 0.8340597042743539 0.8684642147117297 0.028351764413518943 0.03571901921802514
