cl1xjpyua000j3f6bm88dbeo1 0 0.7828125 0.5708333333333333 0.034375 0.0375
cl1xjq2wa000n3f6bm0y9yd49 0 0.2722694174757282 0.754689185544768 0.04375 0.03958333333333333
cl1xjq75s000r3f6bsg655wl7 0 0.7690104166666667 0.5017361111111112 0.034375 0.05
cl1xjqd2e000v3f6bu8wn4l6o 0 0.9379166666666666 0.9077083333333333 0.03249999999999993 0.04430555555555552
cl1xjqvi800173f6bjzevd5tf 0 0.84140625 0.8895833333333333 0.0359375 0.03333333333333333
cl2a6y0r6000k3g6cjw7il1ik 0 0.159375 0.8206249999999999 0.03562500000000002 0.03958333333333333
cl2exbmcs000n3g6ch02xn4u6 0 0.16375 0.04041666666666666 0.040625 0.0525
cl2exh1ew000z3g6c561hq8tb 0 0.1171875 0.01875 0.0390625 0.0375
cl2k3jhak00073g6c1735cvtz 0 0.04453125 0.9302083333333333 0.0328125 0.035416666666666666
cl2k3myz3000c3g6czbz9va5l 0 0.359375 0.9916666666666667 0.040625 0.016666666666666666
cl2k88mdi000n3g6cm4ynh2gx 0 0.96953125 0.225 0.025 0.03125
