cl1xjpyua000j3f6bm88dbeo1 0 0.7828125 0.5708333333333333 0.034375 0.0375
cl1xjq2wa000n3f6bm0y9yd49 0 0.27310376213592236 0.7550600053937432 0.04375 0.03958333333333333
cl1xjq75s000r3f6bsg655wl7 0 0.7704531250000001 0.5020208333333334 0.03440625000000006 0.049874999999999996
cl1xjqd2e000v3f6bu8wn4l6o 0 0.9498579545454545 0.9130681818181817 0.034375 0.0375
cl1xjqvi800173f6bjzevd5tf 0 0.84140625 0.8895833333333333 0.0359375 0.03333333333333333
cl2a6y0r6000k3g6cjw7il1ik 0 0.16796875 0.80859375 0.03046875 0.0453125
cl2exbmcs000n3g6ch02xn4u6 0 0.1767578125 0.027864583333333335 0.0453125 0.04791666666666667
cl2exh1ew000z3g6c561hq8tb 0 0.12005208333333332 0.01875 0.0390625 0.0375
cl2k3jhak00073g6c1735cvtz 0 0.066796875 0.9697916666666667 0.03515625 0.0375
cl2k3myz3000c3g6czbz9va5l 0 0.37578125 0.9833333333333333 0.0328125 0.03333333333333333
cl2k88mdi000n3g6cm4ynh2gx 0 0.946875 0.26805555555555555 0.025 0.03749999999999997
