cl1xjpl2g000b3f6bw2201tgt 0 0.9948567708333332 0.221875 0.010286458333333392 0.04791666666666667
cl1xjppwx000f3f6badczuxde 0 0.97734375 0.45529513888888895 0.0390625 0.04704861111111113
cl1xjpyua000j3f6bm88dbeo1 0 0.7828125 0.5708333333333333 0.034375 0.0375
cl1xjq2wa000n3f6bm0y9yd49 0 0.21262335526315787 0.7361842105263158 0.043749999999999976 0.03958333333333333
cl1xjq75s000r3f6bsg655wl7 0 0.6940193965517241 0.55 0.034375 0.05
cl1xjqd2e000v3f6bu8wn4l6o 0 0.909765625 0.8597222222222223 0.03125 0.04583333333333333
cl1xjqgt5000z3f6bzn3yijdo 0 0.9146728515625 0.6499674479166667 0.0484375 0.041666666666666664
cl1xjqvi800173f6bjzevd5tf 0 0.8432650862068964 0.8770474137931035 0.03340517241379306 0.04576149425287355
cl2a5u9v400073g6cm5x4iwo2 0 0.051192434210526314 0.12160087719298245 0.0296875 0.045833333333333316
cl2a6y0r6000k3g6cjw7il1ik 0 0.01875 0.7797916666666667 0.03125 0.05
cl2a7u7o5000f3g6czlbiqfu0 0 0.3705729166666667 0.9541666666666667 0.03350694444444442 0.043518518518518574
