cl1xjpyua000j3f6bm88dbeo1 0 0.7828125 0.5708333333333333 0.034375 0.0375
cl1xjq2wa000n3f6bm0y9yd49 0 0.2440625 0.7447916666666666 0.04375 0.03958333333333333
cl1xjq75s000r3f6bsg655wl7 0 0.7323069852941176 0.5145833333333333 0.034375 0.05
cl1xjqd2e000v3f6bu8wn4l6o 0 0.802806712962963 0.753858024691358 0.03744212962962967 0.04182098765432099
cl1xjqgt5000z3f6bzn3yijdo 0 0.971484375 0.6600183823529412 0.04425551470588225 0.04405637254901957
cl1xjqvi800173f6bjzevd5tf 0 0.8431267556179776 0.8872659176029962 0.03562148876404496 0.03628277153558059
cl2a5u9v400073g6cm5x4iwo2 0 0.06593750000000001 0.02645833333333333 0.0296875 0.0375
cl2a6y0r6000k3g6cjw7il1ik 0 0.11741071428571428 0.7578373015873016 0.03199404761904763 0.045436507936508025
cl2a835jz000s3g6cjsdd884g 0 0.8521875 0.23708333333333334 0.0265625 0.04375
cl2ewyr6y000b3g6cxz12248a 0 0.26742187500000003 0.8901041666666667 0.040625 0.04791666666666667
cl2ex0asw000f3g6cjsegcvfe 0 0.0484375 0.9828125 0.0390625 0.034375
cl2ex5yos000j3g6cdfu69tvz 0 0.919140625 0.03125 0.03828125 0.04583333333333333
