cl1xjpl2g000b3f6bw2201tgt 0 0.9808659957627119 0.22330508474576272 0.0328125 0.04583333333333333
cl1xjppwx000f3f6badczuxde 0 0.7424715909090909 0.5669507575757575 0.0375 0.05625
cl1xjpyua000j3f6bm88dbeo1 0 0.7828125 0.5708333333333333 0.034375 0.0375
cl1xjq2wa000n3f6bm0y9yd49 0 0.18836287313432837 0.7310167910447761 0.04375 0.03958333333333333
cl1xjq75s000r3f6bsg655wl7 0 0.6660511363636363 0.5886363636363636 0.034375 0.05
cl1xjqd2e000v3f6bu8wn4l6o 0 0.7058293269230769 0.8028044871794873 0.037620192307692334 0.04278846153846156
cl1xjqgt5000z3f6bzn3yijdo 0 0.8764914772727274 0.6509469696969696 0.0484375 0.041666666666666664
cl1xjqp7y00133f6bk6y0p790 0 0.16484375 0.9080729166666667 0.027083333333333348 0.0453125
cl1xjqvi800173f6bjzevd5tf 0 0.8402444706759443 0.8722125579854207 0.02947626739562619 0.0372183565275017
cl2969hqg000b3g6cw9vx081g 0 0.034375 0.007291666666666667 0.040625 0.014583333333333334
cl2a5n8ms00033g6clsnps8u7 0 0.07780330882352941 0.17095588235294118 0.039246323529411764 0.04656862745098041
