cl1xjpyua000j3f6bm88dbeo1 0 0.7828125 0.5708333333333333 0.034375 0.0375
cl1xjq2wa000n3f6bm0y9yd49 0 0.28076456310679615 0.7584648058252428 0.04375 0.03958333333333333
cl1xjq75s000r3f6bsg655wl7 0 0.778515625 0.490625 0.03125 0.04583333333333333
cl1xjqvi800173f6bjzevd5tf 0 0.84140625 0.8895833333333333 0.0359375 0.03333333333333333
cl2a6y0r6000k3g6cjw7il1ik 0 0.11194196428571428 0.8119047619047619 0.03281249999999999 0.041666666666666664
cl2exh1ew000z3g6c561hq8tb 0 0.11158854166666665 0.02378472222222222 0.03255208333333333 0.03715277777777778
cl2exlnvr00173g6cz76vbqsh 0 0.318125 0.02729166666666667 0.04375 0.04791666666666667
cl2k3myz3000c3g6czbz9va5l 0 0.29296875 0.8583333333333333 0.03125 0.035416666666666666
cl2k7uim400033g6c3pp7yv4o 0 0.08385416666666667 0.9909722222222221 0.03229166666666666 0.018055555555555595
cl2k7y4kd00073g6cw86te1s6 0 0.73203125 0.9880208333333333 0.033333333333333395 0.023958333333333335
cl2k88mdi000n3g6cm4ynh2gx 0 0.81328125 0.0125 0.0328125 0.025
