cl1xjpyua000j3f6bm88dbeo1 0 0.7828125 0.5708333333333333 0.034375 0.0375
cl1xjq2wa000n3f6bm0y9yd49 0 0.24554276315789472 0.7452028508771931 0.04375 0.03958333333333333
cl1xjq75s000r3f6bsg655wl7 0 0.7371323529411764 0.5145833333333333 0.034375 0.05
cl1xjqd2e000v3f6bu8wn4l6o 0 0.7946957236842105 0.7759868421052631 0.03560855263157894 0.046271929824561416
cl1xjqgt5000z3f6bzn3yijdo 0 0.97734375 0.6595588235294119 0.03943014705882355 0.046813725490196016
cl1xjqvi800173f6bjzevd5tf 0 0.8430938377808989 0.8877487125468164 0.03568732443820224 0.03566830524344565
cl2a5u9v400073g6cm5x4iwo2 0 0.06788194444444444 0.028819444444444443 0.0296875 0.0375
cl2a6y0r6000k3g6cjw7il1ik 0 0.10401785714285713 0.7407242063492063 0.034226190476190466 0.03799603174603175
cl2a835jz000s3g6cjsdd884g 0 0.8716145833333332 0.19756944444444444 0.02864583333333339 0.04375
cl2ewyr6y000b3g6cxz12248a 0 0.2510416666666667 0.9159722222222222 0.039583333333333345 0.04722222222222226
