cl1xjpl2g000b3f6bw2201tgt 0 0.9638327205882353 0.225 0.0328125 0.04583333333333333
cl1xjppwx000f3f6badczuxde 0 0.8036458333333334 0.7017857142857142 0.04062500000000009 0.04484126984126983
cl1xjpyua000j3f6bm88dbeo1 0 0.7828125 0.5693466353677621 0.034375 0.034526604068857596
cl1xjq2wa000n3f6bm0y9yd49 0 0.17205628453038674 0.7273423112338858 0.04375 0.03958333333333333
cl1xjq75s000r3f6bsg655wl7 0 0.6322082182320442 0.6085808011049724 0.034375 0.04011279926335168
cl1xjqd2e000v3f6bu8wn4l6o 0 0.81953125 0.9201704545454545 0.0328125 0.04791666666666667
cl1xjqgt5000z3f6bzn3yijdo 0 0.8222521551724139 0.6660201149425287 0.040625 0.041666666666666664
cl1xjqp7y00133f6bk6y0p790 0 0.30703125 0.953125 0.0328125 0.03958333333333333
cl1xjqvi800173f6bjzevd5tf 0 0.8374937872763419 0.870545477137177 0.02897614314115309 0.036551524188204114
cl2969hqg000b3g6cw9vx081g 0 0.05141544117647059 0.04751225490196078 0.0375 0.037377450980392156
cl2a5n8ms00033g6clsnps8u7 0 0.19192708333333336 0.0375 0.035937500000000025 0.04583333333333333
cl2a6py2n00073g6cnob04h41 0 0.98203125 0.09776785714285714 0.030580357142857294 0.04791666666666667
