ckz3w19jd00173867sbg0jtqu 0 0.01896701388888889 0.034664351851851856 0.03428819444444444 0.04895833333333333
cl1xjpl2g000b3f6bw2201tgt 0 0.9442263719512194 0.2213922764227642 0.0328125 0.04583333333333333
cl1xjppwx000f3f6badczuxde 0 0.9295717592592592 0.6271604938271605 0.0351851851851853 0.05046296296296297
cl1xjpyua000j3f6bm88dbeo1 0 0.7828125 0.5679381846635368 0.034375 0.03170970266040693
cl1xjq2wa000n3f6bm0y9yd49 0 0.15530081775700935 0.723023753894081 0.04375 0.03958333333333333
cl1xjq75s000r3f6bsg655wl7 0 0.6162977430555555 0.6031539351851852 0.034375 0.04791666666666667
cl1xjqd2e000v3f6bu8wn4l6o 0 0.644140625 0.8791666666666667 0.0296875 0.04791666666666667
cl1xjqgt5000z3f6bzn3yijdo 0 0.8043817934782609 0.6564613526570048 0.03906250000000009 0.03333333333333333
cl1xjqp7y00133f6bk6y0p790 0 0.17890625 0.8397727272727272 0.0359375 0.0375
cl1xjqvi800173f6bjzevd5tf 0 0.8350335487077535 0.8690544234592446 0.028528827037773395 0.035955102717031194
cl295wlki00073g6cuiy8wn1n 0 0.9046875 0.096875 0.03125 0.035416666666666666
cl2969hqg000b3g6cw9vx081g 0 0.06708984375 0.06393229166666667 0.0298828125 0.045572916666666664
