cl1xjpyua000j3f6bm88dbeo1 0 0.7828125 0.5708333333333333 0.034375 0.0375
cl1xjq2wa000n3f6bm0y9yd49 0 0.22254934210526317 0.7388157894736842 0.04375 0.03958333333333333
cl1xjq75s000r3f6bsg655wl7 0 0.7007063356164384 0.5561643835616438 0.03899828767123283 0.04999999999999994
cl1xjqd2e000v3f6bu8wn4l6o 0 0.8409307065217391 0.7888586956521739 0.0421875 0.041666666666666664
cl1xjqgt5000z3f6bzn3yijdo 0 0.9340129573170731 0.6536585365853659 0.0484375 0.041666666666666664
cl1xjqvi800173f6bjzevd5tf 0 0.8436051615168539 0.8802492977528089 0.03466467696629216 0.045213014981273385
cl2a5u9v400073g6cm5x4iwo2 0 0.0694375 0.07795833333333334 0.034375 0.03958333333333333
cl2a5xma9000b3g6ceejjo0ph 0 0.21006249999999999 0.14820833333333333 0.040625 0.04791666666666667
cl2a6y0r6000k3g6cjw7il1ik 0 0.08096217105263158 0.7779605263157895 0.0359375 0.05
cl2a7u7o5000f3g6czlbiqfu0 0 0.23125 0.8837719298245614 0.0375 0.041666666666666664
cl2a835jz000s3g6cjsdd884g 0 0.9703125 0.17604166666666668 0.025 0.04375
cl2a86aln000w3g6cdjirqvay 0 0.8796875 0.10416666666666667 0.034375 0.0375
