cl1xjpyua000j3f6bm88dbeo1 0 0.7828125 0.5708333333333333 0.034375 0.0375
cl1xjq2wa000n3f6bm0y9yd49 0 0.27295206310679615 0.7549925836030205 0.04375 0.03958333333333333
cl1xjq75s000r3f6bsg655wl7 0 0.7701822916666667 0.5020486111111111 0.034375 0.05
cl1xjqd2e000v3f6bu8wn4l6o 0 0.946875 0.9125 0.034375 0.0375
cl1xjqvi800173f6bjzevd5tf 0 0.84140625 0.8895833333333333 0.0359375 0.03333333333333333
cl2a6y0r6000k3g6cjw7il1ik 0 0.16640625 0.81078125 0.03140624999999999 0.044270833333333336
cl2exbmcs000n3g6ch02xn4u6 0 0.17466517857142858 0.030059523809523814 0.0453125 0.05
cl2exh1ew000z3g6c561hq8tb 0 0.11953125 0.01875 0.0390625 0.0375
cl2k3jhak00073g6c1735cvtz 0 0.068359375 0.9541666666666667 0.03359375 0.0375
cl2k3myz3000c3g6czbz9va5l 0 0.371875 0.9833333333333333 0.0328125 0.03333333333333333
cl2k88mdi000n3g6cm4ynh2gx 0 0.9515625 0.25833333333333336 0.025 0.0375
