cl1xjpl2g000b3f6bw2201tgt 0 0.9654871323529411 0.225 0.0328125 0.04583333333333333
cl1xjppwx000f3f6badczuxde 0 0.7942708333333334 0.6977678571428572 0.04062500000000009 0.04394841269841265
cl1xjpyua000j3f6bm88dbeo1 0 0.7828125 0.5694346635367763 0.034375 0.03470266040688574
cl1xjq2wa000n3f6bm0y9yd49 0 0.17306629834254145 0.7274459023941069 0.04375 0.03958333333333333
cl1xjq75s000r3f6bsg655wl7 0 0.6335290055248619 0.6095131215469614 0.034375 0.03949125230202585
cl1xjqd2e000v3f6bu8wn4l6o 0 0.83078125 0.9085416666666667 0.032187500000000036 0.04791666666666667
cl1xjqgt5000z3f6bzn3yijdo 0 0.8241918103448276 0.6653735632183907 0.040625 0.041666666666666664
cl1xjqp7y00133f6bk6y0p790 0 0.3225 0.938125 0.0328125 0.03958333333333333
cl1xjqvi800173f6bjzevd5tf 0 0.8376475521868787 0.8706386679920477 0.029004100397614252 0.036588800530152454
cl2969hqg000b3g6cw9vx081g 0 0.050091911764705885 0.04387254901960784 0.037500000000000006 0.03627450980392157
cl2a5n8ms00033g6clsnps8u7 0 0.19739583333333335 0.0546875 0.035937500000000025 0.04895833333333333
cl2a6py2n00073g6cnob04h41 0 0.984375 0.08794642857142858 0.02857142857142847 0.04791666666666667
