cl1xjpyua000j3f6bm88dbeo1 0 0.7828125 0.5708333333333333 0.034375 0.0375
cl1xjq2wa000n3f6bm0y9yd49 0 0.23873355263157894 0.7433114035087719 0.04375 0.03958333333333333
cl1xjq75s000r3f6bsg655wl7 0 0.7243566176470588 0.5145833333333333 0.034375 0.05
cl1xjqd2e000v3f6bu8wn4l6o 0 0.8527901785714285 0.7316964285714285 0.03638392857142865 0.044345238095238076
cl1xjqgt5000z3f6bzn3yijdo 0 0.9593344155844156 0.6593073593073593 0.0484375 0.041666666666666664
cl1xjqvi800173f6bjzevd5tf 0 0.8432452598314606 0.8855278558052434 0.03538448033707873 0.03849485018726592
cl2a5u9v400073g6cm5x4iwo2 0 0.06356534090909091 0.01875 0.022869318181818178 0.0375
cl2a5xma9000b3g6ceejjo0ph 0 0.07726151315789473 0.02680921052631579 0.0265625 0.04791666666666667
cl2a6y0r6000k3g6cjw7il1ik 0 0.10376838235294117 0.8351102941176471 0.03124999999999999 0.04791666666666667
cl2a835jz000s3g6cjsdd884g 0 0.803125 0.35625 0.034375 0.041666666666666664
cl2ewyr6y000b3g6cxz12248a 0 0.333984375 0.934375 0.037723214285714325 0.04985119047619051
cl2ex5yos000j3g6cdfu69tvz 0 0.983203125 0.21197916666666666 0.03359375 0.040625
