cl1xjpyua000j3f6bm88dbeo1 0 0.7828125 0.5708333333333333 0.034375 0.0375
cl1xjq2wa000n3f6bm0y9yd49 0 0.28507313829787234 0.7601285460992907 0.04375 0.03958333333333333
cl1xjq75s000r3f6bsg655wl7 0 0.7750781250000001 0.48756944444444444 0.03125 0.04583333333333333
cl1xjqvi800173f6bjzevd5tf 0 0.84140625 0.8895833333333333 0.0359375 0.03333333333333333
cl2a6y0r6000k3g6cjw7il1ik 0 0.14107142857142857 0.8639880952380953 0.03392857142857142 0.04047619047619051
cl2exh1ew000z3g6c561hq8tb 0 0.1203125 0.021577380952380952 0.0375 0.04077380952380952
cl2exlnvr00173g6cz76vbqsh 0 0.3541294642857143 0.11091269841269842 0.0390625 0.05416666666666667
cl2k3myz3000c3g6czbz9va5l 0 0.28811141304347826 0.9515851449275362 0.03125 0.0413949275362319
cl2k7y4kd00073g6cw86te1s6 0 0.68203125 0.890625 0.0296875 0.03958333333333333
cl2k809dj000b3g6cm1hbjwsd 0 0.9890625 0.7864583333333334 0.021875 0.03958333333333333
