ckz3w19jd00173867sbg0jtqu 0 0.01484375 0.17291666666666666 0.0296875 0.058333333333333334
cl1xjpcyp00033f6bjim1p67v 0 0.2140625 0.04791666666666667 0.028125 0.04583333333333333
cl1xjpgtn00073f6bywfj7mmu 0 0.9342516447368421 0.07817982456140352 0.0328125 0.041666666666666664
cl1xjpl2g000b3f6bw2201tgt 0 0.9364470108695653 0.22273550724637683 0.0328125 0.04583333333333333
cl1xjppwx000f3f6badczuxde 0 0.9130208333333334 0.49930555555555556 0.0375 0.04583333333333333
cl1xjpyua000j3f6bm88dbeo1 0 0.7828125 0.5670970266040688 0.034375 0.030027386541471066
cl1xjq2wa000n3f6bm0y9yd49 0 0.14386574074074074 0.7148533950617284 0.04375 0.03958333333333333
cl1xjq75s000r3f6bsg655wl7 0 0.6181640625 0.6205729166666667 0.034375 0.04791666666666667
cl1xjqd2e000v3f6bu8wn4l6o 0 0.602734375 0.7157118055555556 0.025 0.044270833333333336
cl1xjqgt5000z3f6bzn3yijdo 0 0.7926970108695652 0.651268115942029 0.0390625 0.03333333333333333
cl1xjqp7y00133f6bk6y0p790 0 0.2294270833333333 0.9506944444444444 0.03489583333333335 0.0375
cl1xjqvi800173f6bjzevd5tf 0 0.8335642395626243 0.8681639330682571 0.028261679920477078 0.035598906560636225
