cl1xjpl2g000b3f6bw2201tgt 0 0.9832888719512194 0.22291666666666668 0.0328125 0.04918699186991873
cl1xjppwx000f3f6badczuxde 0 0.7717830882352941 0.49785539215686275 0.033823529411764676 0.05625
cl1xjpyua000j3f6bm88dbeo1 0 0.7828125 0.5708333333333333 0.034375 0.0375
cl1xjq2wa000n3f6bm0y9yd49 0 0.1926192434210526 0.732373903508772 0.043749999999999976 0.03958333333333333
cl1xjq75s000r3f6bsg655wl7 0 0.6778492647058824 0.5757352941176471 0.034375 0.05
cl1xjqd2e000v3f6bu8wn4l6o 0 0.7429315476190477 0.8861607142857143 0.031845238095238135 0.0487103174603174
cl1xjqgt5000z3f6bzn3yijdo 0 0.8902994791666666 0.6479166666666667 0.0484375 0.041666666666666664
cl1xjqvi800173f6bjzevd5tf 0 0.8409962102385686 0.8726681577203446 0.029612947316103443 0.03740059642147114
cl2a5n8ms00033g6clsnps8u7 0 0.055859375 0.103125 0.0328125 0.05416666666666667
cl2a6y0r6000k3g6cjw7il1ik 0 0.0109375 0.8232142857142857 0.021875 0.03690476190476192
