cl1xjpl2g000b3f6bw2201tgt 0 0.9686121323529411 0.225 0.0328125 0.04583333333333333
cl1xjppwx000f3f6badczuxde 0 0.7847301136363637 0.6940340909090909 0.040625 0.04375
cl1xjpyua000j3f6bm88dbeo1 0 0.7828125 0.5696009389671362 0.034375 0.0350352112676056
cl1xjq2wa000n3f6bm0y9yd49 0 0.17497410220994475 0.7276415745856354 0.04375 0.03958333333333333
cl1xjq75s000r3f6bsg655wl7 0 0.6360238259668508 0.6112741712707181 0.034375 0.03831721915285454
cl1xjqd2e000v3f6bu8wn4l6o 0 0.8276785714285714 0.8851686507936508 0.028125 0.04375
cl1xjqgt5000z3f6bzn3yijdo 0 0.8278556034482758 0.6641522988505747 0.040625 0.041666666666666664
cl1xjqp7y00133f6bk6y0p790 0 0.32578125 0.8998842592592593 0.0328125 0.03958333333333333
cl1xjqvi800173f6bjzevd5tf 0 0.8379379970178927 0.8708146951623592 0.029056908548707662 0.036659211398277
cl2969hqg000b3g6cw9vx081g 0 0.04759191176470588 0.03699754901960785 0.0375 0.03419117647058824
cl2a5n8ms00033g6clsnps8u7 0 0.19965625 0.082 0.03331249999999999 0.051166666666666666
cl2a6py2n00073g6cnob04h41 0 0.98984375 0.07104166666666667 0.0203125 0.046250000000000006
cl2a6rshg000c3g6c2xuokow7 0 0.990625 0.13229166666666667 0.01875 0.03958333333333333
