cl1xjpyua000j3f6bm88dbeo1 0 0.7828125 0.5708333333333333 0.034375 0.0375
cl1xjq2wa000n3f6bm0y9yd49 0 0.22610197368421053 0.7398026315789473 0.04375 0.03958333333333333
cl1xjq75s000r3f6bsg655wl7 0 0.7063519021739131 0.5490036231884058 0.03539402173913038 0.04728260869565221
cl1xjqd2e000v3f6bu8wn4l6o 0 0.821484375 0.8390625 0.03359375 0.053125
cl1xjqgt5000z3f6bzn3yijdo 0 0.9381288109756097 0.6554878048780488 0.0484375 0.041666666666666664
cl1xjqvi800173f6bjzevd5tf 0 0.8435261587078653 0.8814080056179776 0.03482268258426959 0.04373829588014987
cl2a5u9v400073g6cm5x4iwo2 0 0.06463068181818182 0.05123106060606061 0.034375 0.03958333333333334
cl2a5xma9000b3g6ceejjo0ph 0 0.1515625 0.18475378787878788 0.040625 0.04791666666666667
cl2a6y0r6000k3g6cjw7il1ik 0 0.0546875 0.7569444444444444 0.0375 0.03958333333333333
cl2a7u7o5000f3g6czlbiqfu0 0 0.1990625 0.95625 0.0375 0.041666666666666664
cl2a7xq6p000n3g6ce4il92vk 0 0.017499999999999998 0.9733333333333333 0.034999999999999996 0.041666666666666664
cl2a835jz000s3g6cjsdd884g 0 0.9076171875 0.22760416666666666 0.032421875 0.03854166666666667
