cl1xjpl2g000b3f6bw2201tgt 0 0.9470846036585365 0.22266260162601625 0.0328125 0.04583333333333333
cl1xjppwx000f3f6badczuxde 0 0.9120535714285714 0.6616071428571428 0.03125 0.058333333333333334
cl1xjpyua000j3f6bm88dbeo1 0 0.7828125 0.5681827073552426 0.034375 0.032198748043818406
cl1xjq2wa000n3f6bm0y9yd49 0 0.15858644859813084 0.7254575545171339 0.04375 0.03958333333333333
cl1xjq75s000r3f6bsg655wl7 0 0.6157552083333333 0.5980902777777778 0.034375 0.04791666666666667
cl1xjqd2e000v3f6bu8wn4l6o 0 0.6675000000000001 0.9149999999999999 0.02937500000000002 0.04916666666666671
cl1xjqgt5000z3f6bzn3yijdo 0 0.8077785326086957 0.6579710144927536 0.0390625 0.03333333333333333
cl1xjqp7y00133f6bk6y0p790 0 0.15677083333333333 0.8800347222222221 0.028125 0.03923611111111107
cl1xjqvi800173f6bjzevd5tf 0 0.8354606734592446 0.8693132869449968 0.02860648608349905 0.03605864811133207
cl295wlki00073g6cuiy8wn1n 0 0.81015625 0.07916666666666666 0.0328125 0.029166666666666667
cl2969hqg000b3g6cw9vx081g 0 0.08828125 0.08854166666666667 0.0328125 0.04375
