cl1xjpyua000j3f6bm88dbeo1 0 0.7828125 0.5708333333333333 0.034375 0.0375
cl1xjq2wa000n3f6bm0y9yd49 0 0.2733313106796117 0.7551611380798274 0.04375 0.03958333333333333
cl1xjq75s000r3f6bsg655wl7 0 0.770875 0.5018333333333334 0.034499999999999975 0.04949999999999998
cl1xjqd2e000v3f6bu8wn4l6o 0 0.9543323863636364 0.9139204545454546 0.034375 0.0375
cl1xjqvi800173f6bjzevd5tf 0 0.84140625 0.8895833333333333 0.0359375 0.03333333333333333
cl2a6y0r6000k3g6cjw7il1ik 0 0.1703125 0.8053125 0.02906249999999999 0.046875
cl2exbmcs000n3g6ch02xn4u6 0 0.1796875 0.023958333333333335 0.0453125 0.041666666666666664
cl2exh1ew000z3g6c561hq8tb 0 0.12083333333333332 0.01875 0.0390625 0.0375
cl2k3jhak00073g6c1735cvtz 0 0.08671875 0.9697916666666667 0.0359375 0.035416666666666666
cl2k3myz3000c3g6czbz9va5l 0 0.38203125 0.9791666666666666 0.0328125 0.03333333333333333
cl2k88mdi000n3g6cm4ynh2gx 0 0.93984375 0.2826388888888889 0.025 0.03749999999999997
