cl1xjpyua000j3f6bm88dbeo1 0 0.7828125 0.5708333333333333 0.034375 0.0375
cl1xjq2wa000n3f6bm0y9yd49 0 0.2750758495145631 0.7559364886731392 0.04375 0.03958333333333333
cl1xjq75s000r3f6bsg655wl7 0 0.774109375 0.5003958333333334 0.035218749999999945 0.04662499999999999
cl1xjqd2e000v3f6bu8wn4l6o 0 0.98515625 0.9229166666666667 0.0296875 0.0375
cl1xjqvi800173f6bjzevd5tf 0 0.84140625 0.8895833333333333 0.0359375 0.03333333333333333
cl2a6y0r6000k3g6cjw7il1ik 0 0.16651785714285716 0.7782738095238095 0.03214285714285714 0.04702380952380949
cl2exbmcs000n3g6ch02xn4u6 0 0.204296875 0.008854166666666666 0.05234375 0.017708333333333333
cl2exh1ew000z3g6c561hq8tb 0 0.11458333333333333 0.011458333333333333 0.03437499999999999 0.022916666666666665
cl2k3myz3000c3g6czbz9va5l 0 0.39609375 0.9281702898550726 0.0328125 0.041666666666666664
cl2k88mdi000n3g6cm4ynh2gx 0 0.86875 0.33541666666666664 0.028125 0.0375
