cl1xjpyua000j3f6bm88dbeo1 0 0.7828125 0.5708333333333333 0.034375 0.0375
cl1xjq2wa000n3f6bm0y9yd49 0 0.279247572815534 0.7577905879180151 0.04375 0.03958333333333333
cl1xjq75s000r3f6bsg655wl7 0 0.7793707770270271 0.49265202702702704 0.031883445945945964 0.045551801801801815
cl1xjqvi800173f6bjzevd5tf 0 0.84140625 0.8895833333333333 0.0359375 0.03333333333333333
cl2a6y0r6000k3g6cjw7il1ik 0 0.11832932692307692 0.7810897435897436 0.0356971153846154 0.04743589743589745
cl2exh1ew000z3g6c561hq8tb 0 0.10390625 0.03229166666666667 0.03125 0.04583333333333333
cl2exlnvr00173g6cz76vbqsh 0 0.29765625 0.011041666666666667 0.0453125 0.017916666666666668
cl2k3myz3000c3g6czbz9va5l 0 0.3303125 0.8395833333333333 0.03125 0.03833333333333329
cl2k7uim400033g6c3pp7yv4o 0 0.03671875 0.946875 0.0296875 0.04375
cl2k88mdi000n3g6cm4ynh2gx 0 0.81171875 0.11041666666666666 0.0296875 0.041666666666666664
