cl1xjpyua000j3f6bm88dbeo1 0 0.7828125 0.5708333333333333 0.034375 0.0375
cl1xjq2wa000n3f6bm0y9yd49 0 0.25645517676767676 0.7481797138047138 0.04375 0.03958333333333333
cl1xjq75s000r3f6bsg655wl7 0 0.7574695121951219 0.5206808943089432 0.034375 0.05
cl1xjqd2e000v3f6bu8wn4l6o 0 0.918359375 0.8359375 0.034375 0.041666666666666664
cl1xjqgt5000z3f6bzn3yijdo 0 0.995141006097561 0.6653963414634146 0.009717987804878092 0.03587398373983745
cl1xjqvi800173f6bjzevd5tf 0 0.84140625 0.8895833333333333 0.0359375 0.03333333333333333
cl2a6y0r6000k3g6cjw7il1ik 0 0.1015625 0.8623511904761905 0.03616071428571428 0.035416666666666666
cl2a8moso00143g6c34pyvkh8 0 0.8286458333333334 0.1940972222222222 0.0375 0.0423611111111111
cl2exbmcs000n3g6ch02xn4u6 0 0.2852604166666667 0.13715277777777776 0.0359375 0.052083333333333336
cl2exruud001g3g6cfd8t0xrb 0 0.3790421195652174 0.8927083333333333 0.0296875 0.04375
