cl1xjpyua000j3f6bm88dbeo1 0 0.7828125 0.5708333333333333 0.034375 0.0375
cl1xjq2wa000n3f6bm0y9yd49 0 0.2794751213592233 0.7578917206040993 0.04375 0.03958333333333333
cl1xjq75s000r3f6bsg655wl7 0 0.7795608108108107 0.4920608108108108 0.031503378378378424 0.045720720720720705
cl1xjqvi800173f6bjzevd5tf 0 0.84140625 0.8895833333333333 0.0359375 0.03333333333333333
cl2a6y0r6000k3g6cjw7il1ik 0 0.11654829545454545 0.7855113636363635 0.035369318181818175 0.046780303030303
cl2exh1ew000z3g6c561hq8tb 0 0.10601562499999999 0.03260416666666666 0.03124999999999999 0.04583333333333333
cl2exlnvr00173g6cz76vbqsh 0 0.3 0.012916666666666667 0.05 0.021666666666666667
cl2k3myz3000c3g6czbz9va5l 0 0.32445312499999995 0.8383333333333333 0.03109375000000001 0.03708333333333336
cl2k7uim400033g6c3pp7yv4o 0 0.04791666666666667 0.9555555555555556 0.030208333333333337 0.0375
cl2k88mdi000n3g6cm4ynh2gx 0 0.8046875 0.09895833333333333 0.0296875 0.041666666666666664
