cl1xjpyua000j3f6bm88dbeo1 0 0.7828125 0.5708333333333333 0.034375 0.0375
cl1xjq2wa000n3f6bm0y9yd49 0 0.23123355263157896 0.7412280701754386 0.04375 0.03958333333333333
cl1xjq75s000r3f6bsg655wl7 0 0.7216796875 0.5296875 0.034375 0.05
cl1xjqd2e000v3f6bu8wn4l6o 0 0.8765625 0.8704861111111112 0.034375 0.04236111111111107
cl1xjqgt5000z3f6bzn3yijdo 0 0.9462256493506495 0.6572510822510823 0.0484375 0.041666666666666664
cl1xjqvi800173f6bjzevd5tf 0 0.8434120435393258 0.8830816947565542 0.03505091292134832 0.041608146067415794
cl2a5u9v400073g6cm5x4iwo2 0 0.0661764705882353 0.03425245098039216 0.034375 0.03958333333333333
cl2a5xma9000b3g6ceejjo0ph 0 0.08975183823529412 0.15625 0.040625 0.04791666666666667
cl2a6y0r6000k3g6cjw7il1ik 0 0.031107954545454546 0.7982954545454546 0.029403409090909095 0.04791666666666667
cl2a835jz000s3g6cjsdd884g 0 0.81171875 0.16875 0.0390625 0.0375
