ckz3vb89a00073867yfftbbpw 0 0.071875 0.32708333333333334 0.0375 0.041666666666666664
cl4usaxoi001q356pdh79ca33 0 0.0421875 0.375 0.0375 0.05416666666666667
cl4usazue001u356pderw22y6 0 0.073828125 0.4552083333333333 0.0328125 0.041666666666666664
cl4usb282001y356py28e83k8 0 0.31747159090909094 0.39356060606060606 0.034375 0.04583333333333333
cl4usb4wg0022356ps8a9025m 0 0.49292763157894737 0.15531798245614034 0.040625 0.04791666666666667
cl4usb6ng0026356pf3k6k434 0 0.51625 0.19625 0.028125 0.0375
cl4usbb0x002a356pyr8253q8 0 0.22845982142857144 0.10863095238095238 0.0328125 0.041666666666666664
cl4usbdkt002e356pzvsr14tx 0 0.7682291666666667 0.44756944444444446 0.0375 0.04791666666666667
cl4usbi3i002l356p8slezp38 0 0.8927556818181819 0.6241477272727273 0.028125 0.04375
cl4usbk4d002p356pvaqhzex9 0 0.696875 0.41041666666666665 0.034375 0.04583333333333333
cl4usblrm002t356p6kxea2n0 0 0.4505208333333333 0.5072916666666667 0.034375 0.04375
cl4usbn80002x356pbrt4wcrm 0 0.6581654505076142 0.5643929780033842 0.0265625 0.05
cl4usboop0031356pqrsxb2f6 0 0.3869419642857143 0.40922619047619047 0.05468750000000004 0.058333333333333334
cl4usbskl0039356p9exjtlyn 0 0.29019097222222223 0.20358796296296297 0.0421875 0.052083333333333336
cl4usbunz003c356pzoktv3qj 0 0.3338541666666667 0.435 0.03125 0.04583333333333333
cl4usbw44003f356pwg5sf7dx 0 0.4623046875 0.7309895833333333 0.0375 0.04791666666666667
cl4usbywn003m356pzuko8bto 0 0.3145543981481481 0.8641203703703704 0.0359375 0.05
cl4usc0d9003q356p8zx80o59 0 0.04296875 0.7239583333333334 0.0359375 0.04791666666666667
cl4usc2ch003u356pogg4d2mq 0 0.16953125 0.9690972222222223 0.0359375 0.03958333333333333
cl4usc4it003y356prri1ox7q 0 0.3191761363636364 0.6904356060606062 0.0375 0.04791666666666667
cl4usc9tf004a356pwuwogc14 0 0.85625 0.7635416666666667 0.034375 0.03125
cl4uscb2f004e356pze7aeb88 0 0.8359375 0.7291666666666666 0.028125 0.04583333333333333
cl4w68esd0003356pk1jpkknr 0 0.76328125 0.253125 0.03125 0.03958333333333333
cl4w6e4s1000b356pojtp6w4u 0 0.12734375 0.6708333333333333 0.0359375 0.04583333333333333
cl4w6sh8g000f356p0kk7xfkd 0 0.4953125 0.7972222222222223 0.034375 0.05
cl4w6ur9q000j356pxf09lrb1 0 0.73125 0.9239583333333333 0.0359375 0.04791666666666667
cl4w7c4c2000n356p72nbbpg2 0 0.9466145833333333 0.021527777777777774 0.031770833333333394 0.041666666666666664
cl53emloi0005356iv17jgy22 1 0.8640625 0.7760416666666666 0.1 0.10625
cl53emxhw0009356i5a8ddhw4 2 0.965625 0.35208333333333336 0.028125 0.03333333333333333
