cl4usaxoi001q356pdh79ca33 0 0.56328125 0.425 0.0328125 0.0375
cl4usazue001u356pderw22y6 0 0.10625 0.5114583333333333 0.028125 0.035416666666666666
cl4usb4wg0022356ps8a9025m 0 0.5218149038461538 0.16370192307692308 0.0390625 0.04791666666666667
cl4usbi3i002l356p8slezp38 0 0.9045072115384615 0.4788461538461538 0.0328125 0.05
cl4usbn80002x356pbrt4wcrm 0 0.649297531512605 0.557125350140056 0.0265625 0.05
cl4usbskl0039356p9exjtlyn 0 0.22533482142857145 0.815029761904762 0.0421875 0.052083333333333336
cl4usbywn003m356pzuko8bto 0 0.3427951388888889 0.8594907407407407 0.0359375 0.05
cl4uscb2f004e356pze7aeb88 0 0.8403645833333334 0.39120370370370366 0.0328125 0.04583333333333333
cl4x0rw2r000n356p8st4f18t 0 0.5768229166666667 0.9121527777777777 0.0359375 0.04375
cl4xo85or004c356p6xlu1xiv 0 0.888671875 0.7592013888888889 0.0375 0.04375
cl4xofodp004k356p4ls3874k 0 0.08307291666666668 0.4513888888888889 0.04218750000000001 0.05416666666666667
cl4xpa7pg005c356pztg5hyw8 0 0.1375 0.7253472222222223 0.040625 0.05625
cl4xpmmqo0060356pkbdih3ba 0 0.2599330357142857 0.6251488095238095 0.0453125 0.05625
cl4xpti8r006g356ppo8hcdd6 0 0.2218039772727273 0.25009469696969694 0.0359375 0.0520833333333333
cl4xpyh1i006t356prjx0dj9z 0 0.427734375 0.6963541666666667 0.0390625 0.06458333333333334
cl4xq0iwp006x356phuieqnqz 0 0.8247767857142858 0.6011904761904762 0.046875 0.0625
cl4xqbsd60071356pvj4abzy6 0 0.7082465277777779 0.42627314814814815 0.03628472222222223 0.052083333333333336
cl4xqif3o0079356piktc0bfe 0 0.71484375 0.8569444444444444 0.0453125 0.05
cl4xqonng007d356p998g0njq 0 0.045703125 0.07291666666666667 0.034375 0.03958333333333333
cl4xr10a3007x356p0in786bu 0 0.2158203125 0.8921875 0.045703125 0.06458333333333334
cl4xr3j3p0081356pd7l9ak7g 0 0.04147727272727273 0.565719696969697 0.0375 0.05416666666666667
cl4xr59d90085356pndhb1zxo 0 0.4111979166666666 0.8256944444444445 0.034895833333333307 0.044444444444444405
cl4xr7o9d0089356p6l2ngerm 0 0.09675480769230768 0.950801282051282 0.034375 0.04583333333333333
cl4xr91xf008h356p7058b3u5 0 0.1515625 0.9625 0.0375 0.058333333333333334
cl4xs6vbj009m356p1pzczg97 0 0.057596982758620685 0.6879669540229885 0.05625 0.06458333333333334
cl4z3ljw2000b356pbtu6zg6g 2 0.07532894736842105 0.6488486842105263 0.028125 0.035416666666666666
cl53emloi0005356iv17jgy22 1 0.8640625 0.7760416666666666 0.1 0.10625
cl53emxhw0009356i5a8ddhw4 2 0.965625 0.35208333333333336 0.028125 0.03333333333333333
