ckz3vb89a00073867yfftbbpw 0 0.0689453125 0.14010416666666667 0.0375 0.041666666666666664
cl4usaxoi001q356pdh79ca33 0 0.1296875 0.384375 0.0375 0.05416666666666667
cl4usazue001u356pderw22y6 0 0.05625 0.54375 0.0328125 0.041666666666666664
cl4usb282001y356py28e83k8 0 0.353125 0.37083333333333335 0.034375 0.04583333333333333
cl4usb4wg0022356ps8a9025m 0 0.5 0.2864583333333333 0.040625 0.04791666666666667
cl4usb6ng0026356pf3k6k434 0 0.5994791666666667 0.24722222222222223 0.028125 0.0375
cl4usbdkt002e356pzvsr14tx 0 0.954375 0.48020833333333335 0.0375 0.04791666666666667
cl4usbi3i002l356p8slezp38 0 0.8846354166666666 0.5741319444444444 0.0328125 0.04375
cl4usbk4d002p356pvaqhzex9 0 0.7125 0.54375 0.034375 0.04583333333333333
cl4usblrm002t356p6kxea2n0 0 0.4859375 0.5585416666666667 0.034375 0.04375
cl4usbn80002x356pbrt4wcrm 0 0.6565236357868021 0.563663282571912 0.0265625 0.05
cl4usboop0031356pqrsxb2f6 0 0.37421875 0.328125 0.05 0.07291666666666667
cl4usbskl0039356p9exjtlyn 0 0.1942471590909091 0.18248106060606062 0.0421875 0.052083333333333336
cl4usbunz003c356pzoktv3qj 0 0.2515625 0.28229166666666666 0.03125 0.04583333333333333
cl4usbw44003f356pwg5sf7dx 0 0.3978125 0.7039583333333332 0.03750000000000005 0.04791666666666667
cl4usbywn003m356pzuko8bto 0 0.3134725765306122 0.8667942176870748 0.0359375 0.05
cl4usc0d9003q356p8zx80o59 0 0.03002232142857143 0.8069940476190476 0.0359375 0.04791666666666667
cl4usc2ch003u356pogg4d2mq 0 0.2171875 0.7838888888888889 0.03125 0.05
cl4usc4it003y356prri1ox7q 0 0.5546875 0.6510416666666666 0.0375 0.04791666666666667
cl4usc9tf004a356pwuwogc14 0 0.859375 0.7625 0.03125 0.041666666666666664
cl4uscb2f004e356pze7aeb88 0 0.8144097222222222 0.7775462962962963 0.028125 0.04583333333333333
cl4w68esd0003356pk1jpkknr 0 0.62734375 0.51875 0.0359375 0.041666666666666664
cl4w6e4s1000b356pojtp6w4u 0 0.13828125 0.8958333333333334 0.0359375 0.04583333333333333
cl4w6sh8g000f356p0kk7xfkd 0 0.640625 0.9583333333333334 0.0421875 0.052083333333333336
cl4w6ur9q000j356pxf09lrb1 0 0.807421875 0.9401041666666666 0.046875 0.04791666666666667
cl4w7c4c2000n356p72nbbpg2 0 0.9338541666666667 0.17569444444444443 0.034375 0.041666666666666664
cl4w7p8ng0004356pnhhv0bcn 0 0.153125 0.8770833333333333 0.046875 0.058333333333333334
cl4w8yyze0008356psyneitgt 0 0.01171875 0.7979166666666667 0.0234375 0.04583333333333333
cl4wd41vi000b356pvx4c10zb 0 0.36328125 0.98125 0.0328125 0.0375
cl4wewudt0004356hktwxfdv8 2 0.7340401785714286 0.09836309523809524 0.0328125 0.04791666666666667
cl4z3ljw2000b356pbtu6zg6g 2 0.02109375 0.7520833333333333 0.0296875 0.03125
cl53emloi0005356iv17jgy22 1 0.8640625 0.7760416666666666 0.1 0.10625
cl53emxhw0009356i5a8ddhw4 2 0.965625 0.35208333333333336 0.028125 0.03333333333333333
