cl4usazue001u356pderw22y6 0 0.08046875 0.5 0.0328125 0.041666666666666664
cl4usb282001y356py28e83k8 0 0.5111505681818181 0.39289772727272726 0.034375 0.04583333333333333
cl4usb4wg0022356ps8a9025m 0 0.493359375 0.238671875 0.040625 0.04791666666666667
cl4usbi3i002l356p8slezp38 0 0.9030016447368421 0.5672697368421052 0.0328125 0.04375
cl4usbk4d002p356pvaqhzex9 0 0.5225446428571429 0.28244047619047624 0.034375 0.045833333333333365
cl4usblrm002t356p6kxea2n0 0 0.571875 0.28854166666666664 0.034375 0.04375
cl4usbn80002x356pbrt4wcrm 0 0.6530546389751553 0.5621215062111802 0.0265625 0.05
cl4usboop0031356pqrsxb2f6 0 0.42790178571428567 0.23110119047619046 0.05 0.07291666666666664
cl4usbskl0039356p9exjtlyn 0 0.12265625 0.19895833333333332 0.0421875 0.052083333333333336
cl4usbw44003f356pwg5sf7dx 0 0.34609375 0.7541666666666667 0.0375 0.04791666666666667
cl4usbywn003m356pzuko8bto 0 0.3178746234939759 0.8741465863453814 0.0359375 0.05
cl4uscb2f004e356pze7aeb88 0 0.7701636904761905 0.6873015873015873 0.034375 0.05
cl4w6e4s1000b356pojtp6w4u 0 0.28265625 0.7045833333333333 0.0359375 0.04583333333333333
cl4w7c4c2000n356p72nbbpg2 0 0.86875 0.7229166666666667 0.034375 0.041666666666666664
cl4w8yyze0008356psyneitgt 0 0.05993303571428571 0.8629464285714286 0.0359375 0.04791666666666667
cl4wcy8rl0007356p54sq9ug1 0 0.39921875 0.6697916666666667 0.0421875 0.05625
cl4wdk2d5000r356po224jy4v 0 0.72265625 0.18645833333333334 0.0328125 0.04375
cl4wdr3rc000v356p692k64uc 0 0.56875 0.9177083333333333 0.034375 0.04791666666666667
cl4wduqh30010356pp93irp8n 0 0.6708333333333334 0.9121527777777778 0.042708333333333307 0.0506944444444444
cl4x0gpx3000b356p0li4xc6f 0 0.0234375 0.010416666666666666 0.025 0.020833333333333332
cl4z3ljw2000b356pbtu6zg6g 2 0.03970170454545454 0.6778724747474747 0.026562499999999996 0.035416666666666666
cl53emloi0005356iv17jgy22 1 0.8640625 0.7760416666666666 0.1 0.10625
cl53emxhw0009356i5a8ddhw4 2 0.965625 0.35208333333333336 0.028125 0.03333333333333333
