cl4usaxoi001q356pdh79ca33 0 0.08828125 0.49375 0.0328125 0.041666666666666664
cl4usazue001u356pderw22y6 0 0.08515625 0.459375 0.0296875 0.03958333333333333
cl4usb282001y356py28e83k8 0 0.41 0.7747222222222222 0.034374999999999954 0.04583333333333333
cl4usb4wg0022356ps8a9025m 0 0.566796875 0.18893229166666667 0.040625 0.04791666666666667
cl4usbi3i002l356p8slezp38 0 0.82578125 0.653219696969697 0.0328125 0.04375
cl4usbk4d002p356pvaqhzex9 0 0.3859375 0.6707107843137254 0.034375 0.04583333333333333
cl4usblrm002t356p6kxea2n0 0 0.34635416666666663 0.39166666666666666 0.034375 0.05
cl4usbn80002x356pbrt4wcrm 0 0.6514023680124224 0.5613871635610767 0.0265625 0.05
cl4usboop0031356pqrsxb2f6 0 0.30078125 0.1829861111111111 0.0609375 0.06875
cl4usbskl0039356p9exjtlyn 0 0.45546875 0.15636574074074075 0.0421875 0.052083333333333336
cl4usbw44003f356pwg5sf7dx 0 0.4640625 0.8947916666666667 0.0375 0.04791666666666667
cl4usbywn003m356pzuko8bto 0 0.33203125 0.8936274509803922 0.0359375 0.05
cl4uscb2f004e356pze7aeb88 0 0.7859375 0.5569444444444444 0.034375 0.04999999999999994
cl4w6e4s1000b356pojtp6w4u 0 0.43921875000000005 0.4720833333333333 0.0359375 0.04583333333333333
cl4w7c4c2000n356p72nbbpg2 0 0.6145833333333333 0.6288194444444444 0.0375 0.04791666666666667
cl4wd9i8e000f356pe590i8ut 0 0.2 0.6788194444444444 0.034375 0.04375
cl4wdk2d5000r356po224jy4v 0 0.9014508928571429 0.5433035714285714 0.03727678571428576 0.050892857142857115
cl4wduqh30010356pp93irp8n 0 0.7 0.9833333333333333 0.0375 0.03333333333333333
cl4we1r3j0018356pbsxv13je 0 0.71015625 0.6393749999999999 0.0390625 0.04791666666666667
cl4wf5h0u004r356hwjzzj19a 0 0.47578125 0.6916666666666667 0.0328125 0.041666666666666664
cl4x04d1f0003356p1ugtmarb 0 0.3854166666666667 0.27048611111111115 0.03125000000000004 0.039583333333333366
cl4x0l0wh000f356pwn4aditv 0 0.6263020833333334 0.9805555555555555 0.0380208333333333 0.03888888888888893
cl4x0ozax000j356p7dmrcqof 0 0.8140625 0.9666666666666667 0.05 0.06666666666666667
cl4z3ljw2000b356pbtu6zg6g 2 0.0698153409090909 0.6832386363636364 0.0265625 0.035416666666666666
cl4z3rdy4000f356pign5oc4m 2 0.43660714285714286 0.1595238095238095 0.034375 0.041666666666666664
cl53emloi0005356iv17jgy22 1 0.8640625 0.7760416666666666 0.1 0.10625
cl53emxhw0009356i5a8ddhw4 2 0.965625 0.35208333333333336 0.028125 0.03333333333333333
