cl4usaxoi001q356pdh79ca33 0 0.33984375 0.4220833333333333 0.0328125 0.0375
cl4usazue001u356pderw22y6 0 0.0234375 0.5072916666666667 0.03125 0.03958333333333333
cl4usb4wg0022356ps8a9025m 0 0.5386363636363637 0.18229166666666666 0.040625 0.04791666666666667
cl4usbi3i002l356p8slezp38 0 0.9501116071428571 0.477827380952381 0.034375 0.04583333333333333
cl4usbn80002x356pbrt4wcrm 0 0.6487680288461538 0.5592147435897435 0.0265625 0.05
cl4usbskl0039356p9exjtlyn 0 0.19252232142857145 0.45282738095238095 0.042187500000000024 0.052083333333333336
cl4usbywn003m356pzuko8bto 0 0.3288599917763158 0.8814967105263157 0.0359375 0.05
cl4uscb2f004e356pze7aeb88 0 0.8134943181818182 0.4247159090909091 0.034375 0.05625
cl4w6e4s1000b356pojtp6w4u 0 0.28805803571428573 0.6991071428571428 0.0359375 0.04583333333333333
cl4x0rw2r000n356p8st4f18t 0 0.6559151785714286 0.9813988095238095 0.043973214285714234 0.037202380952380903
cl4x2cjb00017356pvy8cojhg 0 0.41205357142857146 0.972470238095238 0.0375 0.052083333333333336
cl4xo85or004c356p6xlu1xiv 0 0.80703125 0.444150641025641 0.0359375 0.04791666666666667
cl4xofodp004k356p4ls3874k 0 0.128125 0.6583333333333333 0.040625 0.05416666666666667
cl4xp3k1m004w356pbbhp4waa 0 0.960763888888889 0.6211805555555556 0.04375 0.06041666666666667
cl4xp8jda0058356pwn2pcg0j 0 0.8354166666666666 0.934375 0.040625 0.05625
cl4xpa7pg005c356pztg5hyw8 0 0.18190789473684213 0.6112390350877193 0.04062500000000002 0.05625
cl4xph5b6005k356p62e4rows 0 0.05950520833333334 0.7505208333333333 0.03906250000000001 0.05
cl4xpiirs005o356p8pygyzbb 0 0.17142857142857143 0.8983630952380952 0.046875 0.06458333333333334
cl4xpkeb2005w356pxgdkz2we 0 0.9542187500000001 0.731875 0.034375 0.05416666666666667
cl4xpmmqo0060356pkbdih3ba 0 0.5760416666666667 0.06076388888888888 0.0375 0.047916666666666656
cl4xs6vbj009m356p1pzczg97 0 0.01907703488372093 0.6727107558139535 0.030632267441860466 0.06373546511627914
cl4z3ljw2000b356pbtu6zg6g 2 0.06229619565217391 0.6987771739130435 0.02798913043478261 0.035416666666666666
cl53emloi0005356iv17jgy22 1 0.8640625 0.7760416666666666 0.1 0.10625
cl53emxhw0009356i5a8ddhw4 2 0.965625 0.35208333333333336 0.028125 0.03333333333333333
