cl4usaxoi001q356pdh79ca33 0 0.65703125 0.31666666666666665 0.0328125 0.0375
cl4usazue001u356pderw22y6 0 0.1270089285714286 0.5183035714285714 0.028125 0.035416666666666666
cl4usb4wg0022356ps8a9025m 0 0.5670758928571429 0.12366071428571429 0.0390625 0.047916666666666684
cl4usbi3i002l356p8slezp38 0 0.9486177884615385 0.4758012820512821 0.0328125 0.05
cl4usbn80002x356pbrt4wcrm 0 0.6504792542016806 0.5577556022408963 0.0265625 0.04999999999999994
cl4usbskl0039356p9exjtlyn 0 0.26640625 0.8385416666666666 0.0421875 0.052083333333333336
cl4usbywn003m356pzuko8bto 0 0.34467329545454545 0.859469696969697 0.0359375 0.05
cl4uscb2f004e356pze7aeb88 0 0.85546875 0.3875 0.0328125 0.04583333333333333
cl4x0rw2r000n356p8st4f18t 0 0.59609375 0.8697916666666666 0.0359375 0.04375
cl4xo85or004c356p6xlu1xiv 0 0.8934895833333334 0.8555555555555555 0.0359375 0.04722222222222226
cl4xofodp004k356p4ls3874k 0 0.05078125 0.47708333333333336 0.0421875 0.05416666666666667
cl4xpa7pg005c356pztg5hyw8 0 0.20346467391304346 0.8141757246376812 0.04062499999999998 0.05625
cl4xpmmqo0060356pkbdih3ba 0 0.19609375 0.721875 0.0453125 0.05625
cl4xpti8r006g356ppo8hcdd6 0 0.19515625 0.06270833333333334 0.0359375 0.052083333333333336
cl4xpyh1i006t356prjx0dj9z 0 0.4419270833333333 0.6378472222222222 0.0390625 0.06458333333333334
cl4xq0iwp006x356phuieqnqz 0 0.7953125 0.5125 0.046875 0.0625
cl4xqbsd60071356pvj4abzy6 0 0.684375 0.38645833333333335 0.0375 0.052083333333333336
cl4xqif3o0079356piktc0bfe 0 0.66796875 0.7541666666666667 0.0453125 0.05
cl4xqonng007d356p998g0njq 0 0.05234375 0.04642857142857144 0.03415178571428572 0.039880952380952385
cl4xqw4iv007l356pqkegr1x7 0 0.13984375 0.03833333333333333 0.03843749999999999 0.05
cl4xr10a3007x356p0in786bu 0 0.33015625000000004 0.985 0.0265625 0.029999999999999954
cl4xr59d90085356pndhb1zxo 0 0.470703125 0.6953125 0.0359375 0.04375
cl4xr91xf008h356p7058b3u5 0 0.19895833333333335 0.9100694444444444 0.042187500000000024 0.05416666666666667
cl4xrbyhf008l356pthttyb06 0 0.490625 0.9416666666666667 0.0359375 0.04791666666666667
cl4xrfc2x008p356p0tj63mlg 0 0.16044034090909093 0.9671401515151515 0.0421875 0.03958333333333333
cl4xs6vbj009m356p1pzczg97 0 0.05662715517241379 0.6853807471264368 0.05625 0.06458333333333334
cl4z3ljw2000b356pbtu6zg6g 2 0.06730769230769232 0.6516826923076924 0.028125 0.035416666666666666
cl53emloi0005356iv17jgy22 1 0.8640625 0.7760416666666666 0.1 0.10625
cl53emxhw0009356i5a8ddhw4 2 0.965625 0.35208333333333336 0.028125 0.03333333333333333
