cl4usaxoi001q356pdh79ca33 0 0.27234375 0.44375 0.0328125 0.0375
cl4usazue001u356pderw22y6 0 0.02395833333333334 0.47951388888888885 0.03125 0.03958333333333333
cl4usb4wg0022356ps8a9025m 0 0.5328125 0.13020833333333334 0.040625 0.04791666666666667
cl4usbi3i002l356p8slezp38 0 0.9112847222222221 0.5016203703703703 0.034375 0.04583333333333333
cl4usbn80002x356pbrt4wcrm 0 0.6489383012820513 0.5596688034188034 0.0265625 0.05
cl4usbskl0039356p9exjtlyn 0 0.23515625 0.46979166666666666 0.0421875 0.052083333333333336
cl4usbywn003m356pzuko8bto 0 0.3286852384868421 0.8824287280701755 0.0359375 0.05
cl4uscb2f004e356pze7aeb88 0 0.8321875000000001 0.4329861111111111 0.034375 0.05625
cl4w6e4s1000b356pojtp6w4u 0 0.26640625 0.59375 0.0359375 0.04583333333333333
cl4x0rw2r000n356p8st4f18t 0 0.6375 0.8854166666666666 0.040625 0.04583333333333333
cl4x2cjb00017356pvy8cojhg 0 0.434375 0.915625 0.0375 0.052083333333333336
cl4xo85or004c356p6xlu1xiv 0 0.8381696428571429 0.49077380952380956 0.0359375 0.04791666666666667
cl4xofodp004k356p4ls3874k 0 0.151953125 0.61875 0.040625 0.05416666666666667
cl4xp3k1m004w356pbbhp4waa 0 0.88984375 0.69375 0.04375 0.06041666666666667
cl4xp8jda0058356pwn2pcg0j 0 0.8921875 0.8614583333333333 0.040625 0.05625
cl4xpa7pg005c356pztg5hyw8 0 0.21752717391304346 0.7097373188405797 0.04062499999999998 0.05625
cl4xph5b6005k356p62e4rows 0 0.12712053571428572 0.8520833333333333 0.0390625 0.05
cl4xpkeb2005w356pxgdkz2we 0 0.9505859375 0.5833333333333334 0.034375 0.05416666666666667
cl4xs6vbj009m356p1pzczg97 0 0.01784156976744186 0.6725048449612404 0.030014534883720932 0.06497093023255816
cl4z3ljw2000b356pbtu6zg6g 2 0.05641447368421053 0.6983004385964912 0.027631578947368417 0.035416666666666666
cl53emloi0005356iv17jgy22 1 0.8640625 0.7760416666666666 0.1 0.10625
cl53emxhw0009356i5a8ddhw4 2 0.965625 0.35208333333333336 0.028125 0.03333333333333333
