cl4usaxoi001q356pdh79ca33 0 0.32734375 0.39291666666666664 0.0328125 0.0375
cl4usazue001u356pderw22y6 0 0.052083333333333336 0.4857638888888889 0.03125 0.03958333333333333
cl4usb4wg0022356ps8a9025m 0 0.5332720588235295 0.16893382352941178 0.040625 0.04791666666666667
cl4usbi3i002l356p8slezp38 0 0.9385044642857142 0.4837797619047619 0.034375 0.04583333333333333
cl4usbn80002x356pbrt4wcrm 0 0.648808092948718 0.5593215811965812 0.0265625 0.05
cl4usbskl0039356p9exjtlyn 0 0.210546875 0.44947916666666665 0.0421875 0.052083333333333336
cl4usbywn003m356pzuko8bto 0 0.32881887335526316 0.8817160087719298 0.0359375 0.05
cl4uscb2f004e356pze7aeb88 0 0.8214488636363637 0.43077651515151516 0.034375 0.05625
cl4w6e4s1000b356pojtp6w4u 0 0.27756696428571426 0.6901785714285714 0.0359375 0.04583333333333333
cl4x0rw2r000n356p8st4f18t 0 0.6625 0.9859375 0.0390625 0.028125
cl4x2cjb00017356pvy8cojhg 0 0.40625 0.9607007575757576 0.0375 0.052083333333333336
cl4xo85or004c356p6xlu1xiv 0 0.81953125 0.4479967948717949 0.0359375 0.04791666666666667
cl4xofodp004k356p4ls3874k 0 0.13515625 0.6375 0.040625 0.05416666666666667
cl4xp3k1m004w356pbbhp4waa 0 0.9607421875 0.6479166666666667 0.04375 0.06041666666666667
cl4xp8jda0058356pwn2pcg0j 0 0.8234375 0.896875 0.040625 0.05625
cl4xpa7pg005c356pztg5hyw8 0 0.195703125 0.624609375 0.040625 0.05625
cl4xph5b6005k356p62e4rows 0 0.07854567307692308 0.7623397435897435 0.0390625 0.05
cl4xpiirs005o356p8pygyzbb 0 0.16450892857142857 0.9254464285714286 0.046875 0.06458333333333334
cl4xpkeb2005w356pxgdkz2we 0 0.95263671875 0.70078125 0.034375 0.05416666666666667
cl4xpmmqo0060356pkbdih3ba 0 0.559375 0.0375 0.0375 0.04583333333333333
cl4xs6vbj009m356p1pzczg97 0 0.018786337209302326 0.6726623062015503 0.030486918604651164 0.06402616279069769
cl4z3ljw2000b356pbtu6zg6g 2 0.06148097826086957 0.6980525362318841 0.027445652173913045 0.035416666666666666
cl53emloi0005356iv17jgy22 1 0.8640625 0.7760416666666666 0.1 0.10625
cl53emxhw0009356i5a8ddhw4 2 0.965625 0.35208333333333336 0.028125 0.03333333333333333
