cl4usaxoi001q356pdh79ca33 0 0.12265625 0.5229166666666667 0.0328125 0.041666666666666664
cl4usazue001u356pderw22y6 0 0.03828125 0.40868055555555555 0.0296875 0.03958333333333333
cl4usb282001y356py28e83k8 0 0.4421875 0.5854166666666667 0.034375 0.04583333333333333
cl4usb4wg0022356ps8a9025m 0 0.6008680555555556 0.17395833333333333 0.040625 0.04791666666666667
cl4usbi3i002l356p8slezp38 0 0.9233258928571428 0.5123511904761905 0.0328125 0.04375000000000006
cl4usbk4d002p356pvaqhzex9 0 0.2640625 0.4708333333333333 0.034375 0.04583333333333333
cl4usblrm002t356p6kxea2n0 0 0.5869791666666667 0.13402777777777777 0.034375 0.04999999999999998
cl4usbn80002x356pbrt4wcrm 0 0.6507108889751553 0.5610798395445135 0.0265625 0.05
cl4usboop0031356pqrsxb2f6 0 0.32802734375 0.07278645833333333 0.0453125 0.07291666666666667
cl4usbskl0039356p9exjtlyn 0 0.50546875 0.31145833333333334 0.0421875 0.052083333333333336
cl4usbywn003m356pzuko8bto 0 0.32734375 0.8895833333333333 0.0359375 0.05
cl4uscb2f004e356pze7aeb88 0 0.825 0.5270833333333333 0.034375 0.05
cl4w6e4s1000b356pojtp6w4u 0 0.27578125 0.54375 0.0359375 0.04583333333333333
cl4w7c4c2000n356p72nbbpg2 0 0.39722222222222225 0.9054398148148147 0.0375 0.04791666666666667
cl4wd9i8e000f356pe590i8ut 0 0.39375 0.7614583333333333 0.034375 0.04375
cl4we1r3j0018356pbsxv13je 0 0.7 0.5520833333333334 0.0390625 0.04791666666666667
cl4wf5h0u004r356hwjzzj19a 0 0.61953125 0.4979166666666667 0.0328125 0.041666666666666664
cl4x04d1f0003356p1ugtmarb 0 0.3203125 0.3802083333333333 0.03125 0.03958333333333333
cl4x0rw2r000n356p8st4f18t 0 0.639453125 0.9359375 0.0375 0.04791666666666667
cl4x16mfg000r356povntvh44 0 0.1458705357142857 0.8033482142857143 0.03705357142857144 0.04955357142857141
cl4x1bqe30013356pdqq72yqe 0 0.515625 0.90625 0.034375 0.05
cl4z3ljw2000b356pbtu6zg6g 2 0.08310546875 0.671875 0.0265625 0.035416666666666666
cl4z3rdy4000f356pign5oc4m 2 0.33494318181818183 0.11515151515151514 0.034375 0.04166666666666665
cl53emloi0005356iv17jgy22 1 0.8640625 0.7760416666666666 0.1 0.10625
cl53emxhw0009356i5a8ddhw4 2 0.965625 0.35208333333333336 0.028125 0.03333333333333333
