cl4usaxoi001q356pdh79ca33 0 0.09296875 0.5645833333333333 0.0328125 0.041666666666666664
cl4usazue001u356pderw22y6 0 0.06328125 0.5229166666666667 0.0296875 0.03958333333333333
cl4usb282001y356py28e83k8 0 0.4778645833333333 0.6434027777777778 0.034375 0.04583333333333333
cl4usb4wg0022356ps8a9025m 0 0.5976851851851852 0.16886574074074073 0.040625 0.04791666666666667
cl4usbi3i002l356p8slezp38 0 0.8728400735294117 0.7229779411764705 0.0328125 0.04375
cl4usbk4d002p356pvaqhzex9 0 0.501171875 0.70859375 0.034375 0.04583333333333333
cl4usblrm002t356p6kxea2n0 0 0.4690625 0.31625000000000003 0.034375 0.05
cl4usbn80002x356pbrt4wcrm 0 0.6518900427018633 0.5616039078674948 0.0265625 0.05
cl4usboop0031356pqrsxb2f6 0 0.33239889705882353 0.28903186274509807 0.0609375 0.06875000000000003
cl4usbskl0039356p9exjtlyn 0 0.371875 0.1375 0.0421875 0.052083333333333336
cl4usbw44003f356pwg5sf7dx 0 0.48549107142857145 0.8224702380952381 0.0375 0.04791666666666667
cl4usbywn003m356pzuko8bto 0 0.32516983695652174 0.8848731884057971 0.0359375 0.05
cl4uscb2f004e356pze7aeb88 0 0.767361111111111 0.617824074074074 0.034375 0.05
cl4w6e4s1000b356pojtp6w4u 0 0.45703125 0.45 0.0359375 0.04583333333333333
cl4w7c4c2000n356p72nbbpg2 0 0.77890625 0.5625 0.0375 0.04791666666666667
cl4wd9i8e000f356pe590i8ut 0 0.14765625 0.7 0.034375 0.04375
cl4wdk2d5000r356po224jy4v 0 0.7175 0.5270833333333333 0.0328125 0.04375
cl4wduqh30010356pp93irp8n 0 0.569140625 0.9427083333333334 0.0484375 0.058333333333333334
cl4we1r3j0018356pbsxv13je 0 0.6995312499999999 0.8235416666666667 0.0390625 0.04791666666666667
cl4wf5h0u004r356hwjzzj19a 0 0.33265625 0.8045833333333333 0.0328125 0.041666666666666664
cl4x04d1f0003356p1ugtmarb 0 0.285546875 0.0140625 0.02734375 0.028125
cl4x0drzi0007356pxym7gn3b 0 0.8321875000000001 0.09625 0.03125 0.03333333333333333
cl4x0l0wh000f356pwn4aditv 0 0.56328125 0.9901041666666667 0.0296875 0.019791666666666666
cl4x0ozax000j356p7dmrcqof 0 0.84296875 0.890625 0.0421875 0.04791666666666667
cl4z3ljw2000b356pbtu6zg6g 2 0.04899553571428571 0.6927083333333334 0.026562499999999996 0.035416666666666666
cl4z3rdy4000f356pign5oc4m 2 0.5363715277777777 0.14988425925925924 0.034375 0.041666666666666664
cl53emloi0005356iv17jgy22 1 0.8640625 0.7760416666666666 0.1 0.10625
cl53emxhw0009356i5a8ddhw4 2 0.965625 0.35208333333333336 0.028125 0.03333333333333333
