ckz3vb89a00073867yfftbbpw 0 0.0859375 0.36666666666666664 0.0375 0.041666666666666664
cl4usaxoi001q356pdh79ca33 0 0.09375 0.38333333333333336 0.0375 0.05416666666666667
cl4usazue001u356pderw22y6 0 0.083203125 0.49322916666666666 0.0328125 0.041666666666666664
cl4usb282001y356py28e83k8 0 0.3359375 0.4236111111111111 0.034375 0.04583333333333333
cl4usb4wg0022356ps8a9025m 0 0.5171875 0.15016447368421054 0.040625 0.04791666666666667
cl4usb6ng0026356pf3k6k434 0 0.515625 0.26458333333333334 0.028125 0.0375
cl4usbb0x002a356pyr8253q8 0 0.21640625 0.1296875 0.0328125 0.041666666666666664
cl4usbdkt002e356pzvsr14tx 0 0.7270833333333333 0.42743055555555554 0.0375 0.04791666666666667
cl4usbi3i002l356p8slezp38 0 0.916796875 0.6357638888888889 0.028125 0.04375
cl4usbk4d002p356pvaqhzex9 0 0.714453125 0.35104166666666664 0.034375 0.04583333333333333
cl4usblrm002t356p6kxea2n0 0 0.4645833333333333 0.5385416666666667 0.034375 0.04375
cl4usbn80002x356pbrt4wcrm 0 0.6585699555837563 0.564572758037225 0.0265625 0.05
cl4usboop0031356pqrsxb2f6 0 0.38796875000000003 0.36916666666666664 0.0546875 0.058333333333333334
cl4usbskl0039356p9exjtlyn 0 0.30130208333333336 0.22708333333333333 0.0421875 0.04583333333333333
cl4usbunz003c356pzoktv3qj 0 0.3502840909090909 0.4780303030303031 0.03125 0.04583333333333333
cl4usbw44003f356pwg5sf7dx 0 0.4998046875 0.7428385416666666 0.03671875 0.048177083333333336
cl4usbywn003m356pzuko8bto 0 0.3148823302469136 0.8634645061728395 0.0359375 0.05
cl4usc0d9003q356p8zx80o59 0 0.08515625 0.7322916666666667 0.0359375 0.04791666666666667
cl4usc2ch003u356pogg4d2mq 0 0.12630208333333331 0.9802083333333333 0.0359375 0.03958333333333333
cl4usc4it003y356prri1ox7q 0 0.265625 0.6755787037037037 0.0375 0.04791666666666667
cl4usc9tf004a356pwuwogc14 0 0.8568033854166668 0.7628038194444444 0.03492838541666661 0.03125
cl4uscb2f004e356pze7aeb88 0 0.8321614583333334 0.7456597222222222 0.028125 0.04583333333333333
cl4w68esd0003356pk1jpkknr 0 0.79375 0.1795138888888889 0.03125 0.03958333333333333
cl4w6e4s1000b356pojtp6w4u 0 0.08716517857142858 0.6958333333333333 0.03593750000000001 0.04583333333333333
cl4w6sh8g000f356p0kk7xfkd 0 0.466015625 0.846875 0.0359375 0.03958333333333333
cl53emloi0005356iv17jgy22 1 0.8640625 0.7760416666666666 0.1 0.10625
cl53emxhw0009356i5a8ddhw4 2 0.965625 0.35208333333333336 0.028125 0.03333333333333333
