cl4usaxoi001q356pdh79ca33 0 0.6873437499999999 0.28208333333333335 0.0328125 0.0375
cl4usazue001u356pderw22y6 0 0.1265625 0.48854166666666665 0.028125 0.035416666666666666
cl4usb4wg0022356ps8a9025m 0 0.5638020833333333 0.11284722222222224 0.0390625 0.047916666666666684
cl4usbi3i002l356p8slezp38 0 0.9610491071428571 0.48392857142857143 0.0328125 0.05
cl4usbn80002x356pbrt4wcrm 0 0.6508403361344538 0.5579481792717087 0.0265625 0.05000000000000006
cl4usbskl0039356p9exjtlyn 0 0.23359375 0.8552083333333333 0.0421875 0.052083333333333336
cl4usbywn003m356pzuko8bto 0 0.34545454545454546 0.8599905303030303 0.0359375 0.05
cl4uscb2f004e356pze7aeb88 0 0.8628348214285714 0.40059523809523806 0.0328125 0.04583333333333333
cl4x0rw2r000n356p8st4f18t 0 0.5802455357142857 0.8659226190476191 0.0359375 0.04375
cl4xo85or004c356p6xlu1xiv 0 0.8884114583333333 0.8901041666666667 0.0328125 0.05416666666666667
cl4xofodp004k356p4ls3874k 0 0.058167613636363635 0.48143939393939394 0.0421875 0.05416666666666667
cl4xpa7pg005c356pztg5hyw8 0 0.23559782608695654 0.8191576086956522 0.040625 0.05625
cl4xpmmqo0060356pkbdih3ba 0 0.19140625 0.7840277777777778 0.0453125 0.05625
cl4xpti8r006g356ppo8hcdd6 0 0.209375 0.016666666666666666 0.03125 0.03333333333333333
cl4xpyh1i006t356prjx0dj9z 0 0.4418323863636363 0.6169507575757576 0.0390625 0.06458333333333334
cl4xq0iwp006x356phuieqnqz 0 0.796484375 0.50078125 0.046875 0.0625
cl4xqbsd60071356pvj4abzy6 0 0.64921875 0.415625 0.0375 0.052083333333333336
cl4xqif3o0079356piktc0bfe 0 0.6567708333333333 0.7184027777777777 0.0453125 0.05
cl4xqonng007d356p998g0njq 0 0.04296875 0.08657407407407408 0.0421875 0.05416666666666667
cl4xqw4iv007l356pqkegr1x7 0 0.15390625 0.05520833333333333 0.0390625 0.052083333333333336
cl4xr59d90085356pndhb1zxo 0 0.5027901785714286 0.6653273809523809 0.0359375 0.04375
cl4xr91xf008h356p7058b3u5 0 0.23984375 0.8979166666666667 0.0421875 0.05416666666666667
cl4xrbyhf008l356pthttyb06 0 0.5325520833333333 0.9246527777777778 0.0359375 0.04791666666666667
cl4xrfc2x008p356p0tj63mlg 0 0.130078125 0.9536458333333333 0.0421875 0.03958333333333333
cl4xriir6008x356p5lxr2psv 0 0.015625 0.9404761904761905 0.03125 0.0625
cl4xs3d2u009h356p2upakea2 0 0.6075520833333334 0.013194444444444444 0.043229166666666693 0.02638888888888889
cl4xs6vbj009m356p1pzczg97 0 0.05633081896551724 0.6845905172413793 0.05625 0.06458333333333334
cl4z3ljw2000b356pbtu6zg6g 2 0.0703926282051282 0.6528579059829059 0.028125 0.035416666666666666
cl53emloi0005356iv17jgy22 1 0.8640625 0.7760416666666666 0.1 0.10625
cl53emxhw0009356i5a8ddhw4 2 0.965625 0.35208333333333336 0.028125 0.03333333333333333
