cl4usaxoi001q356pdh79ca33 0 0.055859375 0.4947916666666667 0.0328125 0.03958333333333333
cl4usazue001u356pderw22y6 0 0.08515625 0.475 0.0328125 0.041666666666666664
cl4usb282001y356py28e83k8 0 0.555859375 0.44895833333333335 0.034375 0.04583333333333333
cl4usb4wg0022356ps8a9025m 0 0.523263888888889 0.2769675925925926 0.040625 0.0479166666666667
cl4usbi3i002l356p8slezp38 0 0.93671875 0.5760416666666667 0.0328125 0.04375
cl4usbk4d002p356pvaqhzex9 0 0.5390625 0.3675 0.034375 0.04583333333333333
cl4usblrm002t356p6kxea2n0 0 0.5625 0.171875 0.034375 0.04375
cl4usbn80002x356pbrt4wcrm 0 0.6528653920807453 0.5620373964803312 0.0265625 0.05
cl4usboop0031356pqrsxb2f6 0 0.47116477272727275 0.19441287878787877 0.05 0.07291666666666667
cl4usbskl0039356p9exjtlyn 0 0.16640625 0.240625 0.0421875 0.052083333333333336
cl4usbw44003f356pwg5sf7dx 0 0.3703125 0.809375 0.0375 0.04791666666666667
cl4usbywn003m356pzuko8bto 0 0.3175483182730924 0.8747991967871486 0.0359375 0.05
cl4uscb2f004e356pze7aeb88 0 0.7703125 0.7089583333333334 0.034375 0.05
cl4w6e4s1000b356pojtp6w4u 0 0.26953125 0.5826388888888889 0.0359375 0.04583333333333333
cl4w7c4c2000n356p72nbbpg2 0 0.8696875000000001 0.6625 0.034375 0.041666666666666664
cl4w8yyze0008356psyneitgt 0 0.06921875 0.8727083333333333 0.0359375 0.04791666666666667
cl4wcy8rl0007356p54sq9ug1 0 0.4625 0.7270833333333333 0.0421875 0.05625
cl4wd9i8e000f356pe590i8ut 0 0.029296875 0.9442708333333333 0.034375 0.04375
cl4wdk2d5000r356po224jy4v 0 0.74609375 0.28020833333333334 0.0328125 0.04375
cl4wdr3rc000v356p692k64uc 0 0.52421875 0.94375 0.034375 0.04791666666666667
cl4wduqh30010356pp93irp8n 0 0.68984375 0.8958333333333334 0.0484375 0.058333333333333334
cl4z3ljw2000b356pbtu6zg6g 2 0.028622159090909094 0.6762310606060605 0.0265625 0.035416666666666666
cl4z3rdy4000f356pign5oc4m 2 0.72078125 0.011458333333333333 0.034375 0.022916666666666665
cl53emloi0005356iv17jgy22 1 0.8640625 0.7760416666666666 0.1 0.10625
cl53emxhw0009356i5a8ddhw4 2 0.965625 0.35208333333333336 0.028125 0.03333333333333333
