cl4usaxoi001q356pdh79ca33 0 0.08671875 0.48541666666666666 0.0328125 0.041666666666666664
cl4usazue001u356pderw22y6 0 0.06015625 0.440625 0.0296875 0.03958333333333333
cl4usb282001y356py28e83k8 0 0.46755514705882356 0.6547794117647059 0.034375 0.04583333333333333
cl4usb4wg0022356ps8a9025m 0 0.5984375 0.171875 0.040625 0.04791666666666667
cl4usbi3i002l356p8slezp38 0 0.8871783088235293 0.7277573529411765 0.0328125 0.04375
cl4usbk4d002p356pvaqhzex9 0 0.5265625 0.6979166666666666 0.034375 0.04583333333333333
cl4usblrm002t356p6kxea2n0 0 0.5125 0.30416666666666664 0.034375 0.05
cl4usbn80002x356pbrt4wcrm 0 0.6519846661490682 0.5616459627329192 0.0265625 0.05
cl4usboop0031356pqrsxb2f6 0 0.3095128676470588 0.2664828431372549 0.0609375 0.06875
cl4usbskl0039356p9exjtlyn 0 0.37671875 0.170625 0.0421875 0.052083333333333336
cl4usbw44003f356pwg5sf7dx 0 0.47430555555555554 0.8672453703703703 0.0375 0.04791666666666667
cl4usbywn003m356pzuko8bto 0 0.3225203804347826 0.882518115942029 0.0359375 0.05
cl4uscb2f004e356pze7aeb88 0 0.76015625 0.6217447916666666 0.034375 0.05
cl4w6e4s1000b356pojtp6w4u 0 0.43796875 0.42458333333333337 0.0359375 0.04583333333333333
cl4w7c4c2000n356p72nbbpg2 0 0.8040178571428571 0.5525297619047619 0.0375 0.04791666666666667
cl4wd9i8e000f356pe590i8ut 0 0.12760416666666669 0.6336805555555556 0.034375 0.04375
cl4wdk2d5000r356po224jy4v 0 0.68671875 0.5447916666666667 0.0328125 0.04375
cl4wduqh30010356pp93irp8n 0 0.575390625 0.915625 0.0484375 0.058333333333333334
cl4we1r3j0018356pbsxv13je 0 0.71484375 0.8447916666666667 0.0390625 0.04791666666666667
cl4wf5h0u004r356hwjzzj19a 0 0.31078125 0.8629166666666667 0.0328125 0.041666666666666664
cl4x0drzi0007356pxym7gn3b 0 0.7903125 0.09291666666666668 0.03124999999999991 0.03333333333333333
cl4x0ozax000j356p7dmrcqof 0 0.85390625 0.9447916666666667 0.0421875 0.04791666666666667
cl4z3ljw2000b356pbtu6zg6g 2 0.044921875 0.6916666666666667 0.0265625 0.035416666666666666
cl4z3rdy4000f356pign5oc4m 2 0.562326388888889 0.14837962962962964 0.034375 0.04166666666666668
cl53emloi0005356iv17jgy22 1 0.8640625 0.7760416666666666 0.1 0.10625
cl53emxhw0009356i5a8ddhw4 2 0.965625 0.35208333333333336 0.028125 0.03333333333333333
