cl4usazue001u356pderw22y6 0 0.1484375 0.5114583333333333 0.028125 0.035416666666666666
cl4usb4wg0022356ps8a9025m 0 0.53046875 0.11354166666666667 0.0390625 0.04791666666666667
cl4usbi3i002l356p8slezp38 0 0.89296875 0.5204545454545454 0.0328125 0.05
cl4usbn80002x356pbrt4wcrm 0 0.654155724789916 0.5597163865546217 0.0265625 0.05
cl4usbskl0039356p9exjtlyn 0 0.2638020833333333 0.7774305555555556 0.0421875 0.052083333333333336
cl4usbywn003m356pzuko8bto 0 0.35262784090909094 0.8647727272727272 0.0359375 0.05
cl4uscb2f004e356pze7aeb88 0 0.8814062500000001 0.3745833333333334 0.0328125 0.04583333333333333
cl4x0rw2r000n356p8st4f18t 0 0.59921875 0.90625 0.0359375 0.04375
cl4xpa7pg005c356pztg5hyw8 0 0.4517578125 0.5865885416666666 0.040625 0.05625
cl4xpyh1i006t356prjx0dj9z 0 0.47507102272727275 0.4474431818181818 0.0390625 0.06458333333333334
cl4xq0iwp006x356phuieqnqz 0 0.8721354166666666 0.43993055555555555 0.046875 0.0625
cl4xqbsd60071356pvj4abzy6 0 0.83203125 0.415625 0.0421875 0.052083333333333336
cl4xqgpdb0075356p7ksftdui 0 0.7770312500000001 0.5852083333333333 0.0359375 0.052083333333333336
cl4xqif3o0079356piktc0bfe 0 0.43936298076923075 0.8424679487179486 0.0453125 0.05
cl4xqw4iv007l356pqkegr1x7 0 0.20243055555555553 0.054282407407407404 0.04270833333333335 0.05347222222222222
cl4xr59d90085356pndhb1zxo 0 0.736545138888889 0.4417824074074074 0.0359375 0.04375
cl4xr91xf008h356p7058b3u5 0 0.22466517857142856 0.8776785714285714 0.0421875 0.05416666666666667
cl4xrbyhf008l356pthttyb06 0 0.54609375 0.8572916666666667 0.0359375 0.04791666666666667
cl4xrkfgn0091356pikphtzc3 0 0.015625 0.6635416666666667 0.03125 0.04791666666666667
cl4xrt0tp0095356pbvmy073k 0 0.54140625 0.8604166666666667 0.0390625 0.058333333333333334
cl4xrwk1j0099356pbjf2bckc 0 0.3625 0.978125 0.034375 0.035416666666666666
cl4xs1p1o009d356pgsov5qh2 0 0.05390625 0.49895833333333334 0.0328125 0.04791666666666667
cl4xs6vbj009m356p1pzczg97 0 0.065625 0.6652693089430894 0.05625 0.06458333333333334
cl4xs8e39009q356p7vp0098s 0 0.2170673076923077 0.9016025641025641 0.04062500000000002 0.05
cl4xs92x9009u356pmgtmo629 0 0.024999999999999994 0.9 0.03229166666666666 0.052777777777777854
cl4z3dcqg0007356p5g9v8qhz 0 0.9890625 0.19470108695652175 0.021875 0.03958333333333333
cl4z3ljw2000b356pbtu6zg6g 2 0.0843125 0.6467083333333333 0.028125 0.035416666666666666
cl53emloi0005356iv17jgy22 1 0.8640625 0.7760416666666666 0.1 0.10625
cl53emxhw0009356i5a8ddhw4 2 0.965625 0.35208333333333336 0.028125 0.03333333333333333
