cl4usaxoi001q356pdh79ca33 0 0.07083333333333333 0.4895833333333333 0.034375 0.058333333333333334
cl4usazue001u356pderw22y6 0 0.04453125 0.5041666666666667 0.0328125 0.041666666666666664
cl4usb282001y356py28e83k8 0 0.36973110465116277 0.37073643410852714 0.034375 0.04583333333333333
cl4usb4wg0022356ps8a9025m 0 0.5640625 0.12564484126984127 0.040625 0.04791666666666667
cl4usb6ng0026356pf3k6k434 0 0.5572916666666667 0.03125 0.034375 0.041666666666666664
cl4usbi3i002l356p8slezp38 0 0.880108173076923 0.6505608974358974 0.0328125 0.04375
cl4usbk4d002p356pvaqhzex9 0 0.48125 0.5208333333333334 0.034375 0.04583333333333333
cl4usblrm002t356p6kxea2n0 0 0.509375 0.303125 0.034375 0.04375
cl4usbn80002x356pbrt4wcrm 0 0.6536369371118013 0.5623803053830227 0.0265625 0.05
cl4usboop0031356pqrsxb2f6 0 0.35 0.20729166666666668 0.05 0.07291666666666667
cl4usbskl0039356p9exjtlyn 0 0.1296875 0.3958333333333333 0.0421875 0.052083333333333336
cl4usbw44003f356pwg5sf7dx 0 0.35052083333333334 0.7857638888888889 0.0375 0.04791666666666667
cl4usbywn003m356pzuko8bto 0 0.3188786395582329 0.8721385542168675 0.0359375 0.05
cl4usc4it003y356prri1ox7q 0 0.8793749999999999 0.078125 0.0375 0.04791666666666667
cl4uscb2f004e356pze7aeb88 0 0.7268028846153846 0.692948717948718 0.034375 0.05
cl4w6e4s1000b356pojtp6w4u 0 0.26265625 0.6945833333333333 0.0359375 0.04583333333333333
cl4w7c4c2000n356p72nbbpg2 0 0.9359375 0.65 0.034375 0.041666666666666664
cl4w7p8ng0004356pnhhv0bcn 0 0.6126116071428571 0.9730654761904761 0.0421875 0.053869047619047566
cl4w8yyze0008356psyneitgt 0 0.12515625 0.8452083333333333 0.0359375 0.04791666666666667
cl4wcy8rl0007356p54sq9ug1 0 0.42890625 0.3489583333333333 0.0421875 0.05625
cl4wd41vi000b356pvx4c10zb 0 0.032552083333333336 0.9545138888888889 0.0359375 0.04375
cl4z3ljw2000b356pbtu6zg6g 2 0.0466796875 0.6722222222222223 0.0265625 0.035416666666666666
cl53emloi0005356iv17jgy22 1 0.8640625 0.7760416666666666 0.1 0.10625
cl53emxhw0009356i5a8ddhw4 2 0.965625 0.35208333333333336 0.028125 0.03333333333333333
