cl4usaxoi001q356pdh79ca33 0 0.19140625 0.3416666666666667 0.0328125 0.0375
cl4usazue001u356pderw22y6 0 0.0421875 0.4753472222222222 0.03125 0.03958333333333333
cl4usb4wg0022356ps8a9025m 0 0.578125 0.10125 0.040625 0.04791666666666667
cl4usbi3i002l356p8slezp38 0 0.8979779411764707 0.5794117647058824 0.034375 0.04583333333333333
cl4usbk4d002p356pvaqhzex9 0 0.15078125 0.06354166666666666 0.0359375 0.04583333333333333
cl4usbn80002x356pbrt4wcrm 0 0.6491536458333333 0.5602430555555556 0.0265625 0.05
cl4usbskl0039356p9exjtlyn 0 0.18828125 0.4864583333333333 0.0421875 0.052083333333333336
cl4usbywn003m356pzuko8bto 0 0.3284642269736842 0.883607456140351 0.0359375 0.05
cl4uscb2f004e356pze7aeb88 0 0.8254261363636364 0.4453598484848485 0.034375 0.05625
cl4w6e4s1000b356pojtp6w4u 0 0.33984375 0.5875 0.0359375 0.04583333333333333
cl4we1r3j0018356pbsxv13je 0 0.96015625 0.5072916666666667 0.0390625 0.04791666666666667
cl4x0rw2r000n356p8st4f18t 0 0.64625 0.9020833333333333 0.040625 0.04583333333333333
cl4x2cjb00017356pvy8cojhg 0 0.4515625 0.9894345238095238 0.028571428571428647 0.02113095238095243
cl4xo85or004c356p6xlu1xiv 0 0.85234375 0.595625 0.0359375 0.04791666666666667
cl4xofodp004k356p4ls3874k 0 0.18624999999999997 0.6120833333333333 0.04062499999999998 0.05416666666666667
cl4xoz7d8004s356p2671ry5d 0 0.159375 0.9291666666666667 0.0375 0.05
cl4xp3k1m004w356pbbhp4waa 0 0.81875 0.840625 0.04375 0.06041666666666667
cl4xp8jda0058356pwn2pcg0j 0 0.909375 0.6697916666666667 0.040625 0.05625
cl4xpa7pg005c356pztg5hyw8 0 0.20677083333333335 0.8788194444444444 0.03750000000000002 0.04791666666666667
cl4xpglg0005g356pwp0dt4cu 0 0.033767361111111116 0.9760416666666667 0.037500000000000006 0.04791666666666667
cl4xph5b6005k356p62e4rows 0 0.19654017857142855 0.9822916666666667 0.035937499999999976 0.035416666666666666
cl4xs6vbj009m356p1pzczg97 0 0.01627906976744186 0.6722444282945738 0.029233284883720935 0.06653343023255817
cl4z3ljw2000b356pbtu6zg6g 2 0.05234375 0.6915719696969697 0.0265625 0.035416666666666666
cl53emloi0005356iv17jgy22 1 0.8640625 0.7760416666666666 0.1 0.10625
cl53emxhw0009356i5a8ddhw4 2 0.965625 0.35208333333333336 0.028125 0.03333333333333333
