ckz3vb89a00073867yfftbbpw 0 0.12562500000000001 0.3775 0.0375 0.041666666666666664
cl4usaxoi001q356pdh79ca33 0 0.0296875 0.3458333333333333 0.0375 0.05416666666666667
cl4usazue001u356pderw22y6 0 0.08203125 0.55 0.0328125 0.041666666666666664
cl4usb282001y356py28e83k8 0 0.34017857142857144 0.3839285714285714 0.034375 0.04583333333333333
cl4usb4wg0022356ps8a9025m 0 0.5389423076923077 0.15104166666666666 0.040625 0.04791666666666667
cl4usb6ng0026356pf3k6k434 0 0.5109375 0.34444444444444444 0.028125 0.0375
cl4usbb0x002a356pyr8253q8 0 0.26953125 0.09791666666666667 0.0328125 0.041666666666666664
cl4usbdkt002e356pzvsr14tx 0 0.7645833333333333 0.3434027777777778 0.0375 0.04791666666666667
cl4usbi3i002l356p8slezp38 0 0.9369791666666666 0.6236111111111111 0.028125 0.04375
cl4usbk4d002p356pvaqhzex9 0 0.7105902777777777 0.3190972222222222 0.034375 0.04583333333333333
cl4usblrm002t356p6kxea2n0 0 0.4487500000000001 0.6262500000000001 0.03312499999999998 0.041666666666666664
cl4usbn80002x356pbrt4wcrm 0 0.65859375 0.5615131578947369 0.0265625 0.05
cl4usboop0031356pqrsxb2f6 0 0.4052455357142857 0.34702380952380957 0.05468749999999996 0.058333333333333334
cl4usbskl0039356p9exjtlyn 0 0.33255208333333336 0.22962962962962966 0.0421875 0.04583333333333333
cl4usbunz003c356pzoktv3qj 0 0.35241477272727273 0.5212121212121212 0.03125 0.04583333333333333
cl4usbw44003f356pwg5sf7dx 0 0.50390625 0.7861979166666667 0.03125 0.05260416666666667
cl4usbywn003m356pzuko8bto 0 0.31517168209876545 0.8628858024691357 0.0359375 0.05
cl4usc0d9003q356p8zx80o59 0 0.12154017857142858 0.7584821428571428 0.0359375 0.04791666666666667
cl4usc2ch003u356pogg4d2mq 0 0.10368303571428572 0.9549107142857143 0.03593750000000001 0.03958333333333333
cl4usc4it003y356prri1ox7q 0 0.25135416666666666 0.6260416666666667 0.0375 0.04791666666666667
cl4usc6k70042356pmc7vv3ki 0 0.7065625000000001 0.9768749999999999 0.026874999999999982 0.03125
cl4usc9tf004a356pwuwogc14 0 0.8572916666666668 0.7621527777777778 0.03541666666666661 0.03125
cl4uscb2f004e356pze7aeb88 0 0.8282169117647058 0.7408088235294117 0.028125 0.04583333333333333
cl4w68esd0003356pk1jpkknr 0 0.808203125 0.12395833333333334 0.03125 0.03958333333333333
cl4w6cynw0007356pjvr1s7r7 0 0.99140625 0.753125 0.0171875 0.03125
cl4w6e4s1000b356pojtp6w4u 0 0.06171875 0.66875 0.0453125 0.05416666666666667
cl4w6sh8g000f356p0kk7xfkd 0 0.43115234375 0.875390625 0.032421875 0.04192708333333333
cl53emloi0005356iv17jgy22 1 0.8640625 0.7760416666666666 0.1 0.10625
cl53emxhw0009356i5a8ddhw4 2 0.965625 0.35208333333333336 0.028125 0.03333333333333333
