cl4usaxoi001q356pdh79ca33 0 0.2359375 0.3020833333333333 0.0328125 0.0375
cl4usazue001u356pderw22y6 0 0.01796875 0.5 0.022395833333333337 0.03472222222222226
cl4usb4wg0022356ps8a9025m 0 0.592471590909091 0.19668560606060606 0.040625 0.04791666666666667
cl4usbi3i002l356p8slezp38 0 0.950360576923077 0.621875 0.028125 0.04375
cl4usbk4d002p356pvaqhzex9 0 0.09495738636363638 0.1509469696969697 0.03593750000000001 0.04583333333333333
cl4usbn80002x356pbrt4wcrm 0 0.6495535714285714 0.5605654761904761 0.0265625 0.05
cl4usbskl0039356p9exjtlyn 0 0.259375 0.4875 0.0421875 0.052083333333333336
cl4usbywn003m356pzuko8bto 0 0.3281609786184211 0.8852247807017544 0.0359375 0.05
cl4uscb2f004e356pze7aeb88 0 0.8290364583333334 0.4835069444444445 0.034375 0.05
cl4w6e4s1000b356pojtp6w4u 0 0.30390625 0.6354166666666666 0.0359375 0.04583333333333333
cl4we1r3j0018356pbsxv13je 0 0.95578125 0.45687500000000003 0.0390625 0.04791666666666667
cl4wf5h0u004r356hwjzzj19a 0 0.8768229166666666 0.021527777777777774 0.0328125 0.041666666666666664
cl4x04d1f0003356p1ugtmarb 0 0.184375 0.016666666666666666 0.028125 0.03333333333333333
cl4x0rw2r000n356p8st4f18t 0 0.65234375 0.9329861111111111 0.040625 0.04583333333333333
cl4x16mfg000r356povntvh44 0 0.0134765625 0.49140625 0.026953125 0.049479166666666664
cl4x2cjb00017356pvy8cojhg 0 0.376953125 0.8770833333333333 0.0453125 0.05416666666666667
cl4xo85or004c356p6xlu1xiv 0 0.84984375 0.7709583333333333 0.0359375 0.04791666666666667
cl4xofodp004k356p4ls3874k 0 0.13854166666666667 0.7260416666666667 0.040625 0.05416666666666667
cl4xolkrv004o356pdssw4a9x 0 0.29988839285714286 0.021279761904761902 0.04040178571428572 0.042559523809523804
cl4xoz7d8004s356p2671ry5d 0 0.33932291666666664 0.9694444444444446 0.0421875 0.055555555555555594
cl4xp3k1m004w356pbbhp4waa 0 0.70015625 0.96375 0.0359375 0.04583333333333333
cl4xp7oly0054356p5fg4w2xx 0 0.43147321428571433 0.953422619047619 0.040625 0.06041666666666667
cl4xs6vbj009m356p1pzczg97 0 0.014135174418604651 0.6718871124031007 0.028161337209302327 0.06867732558139536
cl4z3ljw2000b356pbtu6zg6g 2 0.073828125 0.7020833333333333 0.0265625 0.035416666666666666
cl53emloi0005356iv17jgy22 1 0.8640625 0.7760416666666666 0.1 0.10625
cl53emxhw0009356i5a8ddhw4 2 0.965625 0.35208333333333336 0.028125 0.03333333333333333
