cl4usaxoi001q356pdh79ca33 0 0.14609375 0.42083333333333334 0.0328125 0.041666666666666664
cl4usazue001u356pderw22y6 0 0.01484375 0.446875 0.0296875 0.03958333333333333
cl4usb282001y356py28e83k8 0 0.503125 0.6841666666666666 0.034375 0.04583333333333333
cl4usb4wg0022356ps8a9025m 0 0.5628348214285714 0.1380952380952381 0.040625 0.047916666666666684
cl4usbi3i002l356p8slezp38 0 0.9654119318181819 0.5180871212121212 0.032528409090909 0.043371212121212054
cl4usbk4d002p356pvaqhzex9 0 0.1724431818181818 0.42405303030303027 0.034375 0.04583333333333333
cl4usblrm002t356p6kxea2n0 0 0.6161458333333333 0.1173611111111111 0.034375 0.05
cl4usbn80002x356pbrt4wcrm 0 0.6504488548136645 0.5609633799171843 0.0265625 0.05
cl4usbskl0039356p9exjtlyn 0 0.44921875 0.3631628787878788 0.0421875 0.052083333333333336
cl4usbywn003m356pzuko8bto 0 0.32752878289473686 0.8885964912280702 0.0359375 0.05
cl4uscb2f004e356pze7aeb88 0 0.8026041666666666 0.5006944444444444 0.03437499999999991 0.05
cl4w6e4s1000b356pojtp6w4u 0 0.27265625 0.690625 0.0359375 0.04583333333333333
cl4wd9i8e000f356pe590i8ut 0 0.446875 0.8677083333333333 0.0375 0.04375
cl4we1r3j0018356pbsxv13je 0 0.77421875 0.503125 0.0390625 0.04791666666666667
cl4wf5h0u004r356hwjzzj19a 0 0.6763020833333333 0.3909722222222222 0.0328125 0.041666666666666664
cl4x04d1f0003356p1ugtmarb 0 0.23325892857142855 0.4566964285714286 0.03125 0.03958333333333333
cl4x0rw2r000n356p8st4f18t 0 0.6515625 0.9854166666666667 0.028125 0.025
cl4x16mfg000r356povntvh44 0 0.1310763888888889 0.7210648148148148 0.04375 0.05
cl4x1bqe30013356pdqq72yqe 0 0.51796875 0.9864583333333333 0.0265625 0.027083333333333334
cl4x2cjb00017356pvy8cojhg 0 0.44984375 0.9108333333333333 0.0453125 0.05416666666666667
cl4xo62nj0044356p35pbex2a 0 0.011458333333333333 0.8961805555555554 0.022916666666666665 0.04652777777777774
cl4xo6up10048356p199romyk 0 0.828125 0.9450520833333333 0.03984375 0.05416666666666667
cl4xo85or004c356p6xlu1xiv 0 0.8264914772727273 0.9698863636363637 0.026846590909090827 0.029924242424242447
cl4z3ljw2000b356pbtu6zg6g 2 0.0765625 0.6692708333333334 0.0265625 0.035416666666666666
cl4z3rdy4000f356pign5oc4m 2 0.30027173913043476 0.11114130434782608 0.034375 0.041666666666666664
cl53emloi0005356iv17jgy22 1 0.8640625 0.7760416666666666 0.1 0.10625
cl53emxhw0009356i5a8ddhw4 2 0.965625 0.35208333333333336 0.028125 0.03333333333333333
