cl4usaxoi001q356pdh79ca33 0 0.0453125 0.4354166666666667 0.034375 0.058333333333333334
cl4usazue001u356pderw22y6 0 0.06328125 0.5208333333333334 0.0328125 0.041666666666666664
cl4usb282001y356py28e83k8 0 0.35810319767441856 0.3687984496124031 0.034375 0.04583333333333333
cl4usb4wg0022356ps8a9025m 0 0.609375 0.19354166666666667 0.040625 0.04791666666666667
cl4usb6ng0026356pf3k6k434 0 0.619921875 0.03671875 0.028125 0.03697916666666667
cl4usbi3i002l356p8slezp38 0 0.919891826923077 0.6354967948717949 0.0328125 0.04375
cl4usbk4d002p356pvaqhzex9 0 0.5080592105263158 0.5980263157894737 0.034375 0.04583333333333333
cl4usblrm002t356p6kxea2n0 0 0.48 0.47104166666666664 0.034375 0.04375
cl4usbn80002x356pbrt4wcrm 0 0.6539776332487309 0.5625317258883249 0.0265625 0.05
cl4usboop0031356pqrsxb2f6 0 0.401953125 0.2786458333333333 0.05 0.07291666666666667
cl4usbskl0039356p9exjtlyn 0 0.18880208333333334 0.384375 0.042187500000000024 0.052083333333333336
cl4usbunz003c356pzoktv3qj 0 0.14296875 0.07708333333333334 0.03125 0.04583333333333333
cl4usbw44003f356pwg5sf7dx 0 0.33718750000000003 0.748125 0.0375 0.04791666666666667
cl4usbywn003m356pzuko8bto 0 0.31938064759036144 0.8711345381526104 0.0359375 0.05
cl4usc4it003y356prri1ox7q 0 0.7848958333333333 0.23506944444444444 0.03750000000000009 0.04791666666666667
cl4uscb2f004e356pze7aeb88 0 0.7647058823529412 0.6872549019607843 0.034375 0.05
cl4w6e4s1000b356pojtp6w4u 0 0.25859375 0.83125 0.0359375 0.04583333333333333
cl4w6ur9q000j356pxf09lrb1 0 0.7640625 0.9885416666666667 0.025 0.022916666666666665
cl4w7c4c2000n356p72nbbpg2 0 0.9132102272727274 0.4840909090909091 0.034375 0.041666666666666664
cl4w7p8ng0004356pnhhv0bcn 0 0.5234375 0.884375 0.046875 0.058333333333333334
cl4w8yyze0008356psyneitgt 0 0.02578125 0.8447916666666667 0.0359375 0.04791666666666667
cl4wcy8rl0007356p54sq9ug1 0 0.5155133928571429 0.27693452380952377 0.0421875 0.056249999999999974
cl4wd41vi000b356pvx4c10zb 0 0.12984374999999998 0.9589583333333334 0.0328125 0.03958333333333333
cl4wdhklb000n356p0bpdooil 0 0.021875 0.7520833333333333 0.034375 0.05416666666666667
cl4z3ljw2000b356pbtu6zg6g 2 0.04765625 0.6614583333333334 0.0265625 0.035416666666666666
cl53emloi0005356iv17jgy22 1 0.8640625 0.7760416666666666 0.1 0.10625
cl53emxhw0009356i5a8ddhw4 2 0.965625 0.35208333333333336 0.028125 0.03333333333333333
