cl4usaxoi001q356pdh79ca33 0 0.03125 0.5364583333333334 0.0265625 0.04375
cl4usazue001u356pderw22y6 0 0.06484375 0.50625 0.0328125 0.041666666666666664
cl4usb282001y356py28e83k8 0 0.38224431818181814 0.3657196969696969 0.034375 0.04583333333333333
cl4usb4wg0022356ps8a9025m 0 0.52314453125 0.12669270833333332 0.040625 0.04791666666666667
cl4usbi3i002l356p8slezp38 0 0.8690848214285714 0.6239583333333333 0.0328125 0.04375
cl4usbk4d002p356pvaqhzex9 0 0.4828125 0.434375 0.034375 0.04583333333333333
cl4usblrm002t356p6kxea2n0 0 0.5294921875 0.39947916666666666 0.037890625 0.04375
cl4usbn80002x356pbrt4wcrm 0 0.6534622476708074 0.56230266563147 0.0265625 0.05
cl4usboop0031356pqrsxb2f6 0 0.33224431818181815 0.23039772727272728 0.05 0.07291666666666667
cl4usbskl0039356p9exjtlyn 0 0.12609375 0.3314583333333333 0.0421875 0.052083333333333336
cl4usbw44003f356pwg5sf7dx 0 0.32 0.7431249999999999 0.0375 0.04791666666666667
cl4usbywn003m356pzuko8bto 0 0.31857743473895583 0.8727409638554218 0.0359375 0.05
cl4uscb2f004e356pze7aeb88 0 0.7560032894736842 0.7 0.034375 0.05
cl4w6e4s1000b356pojtp6w4u 0 0.32109375 0.7213541666666666 0.0359375 0.04583333333333333
cl4w6ur9q000j356pxf09lrb1 0 0.66953125 0.971875 0.0421875 0.05625
cl4w7c4c2000n356p72nbbpg2 0 0.9328125 0.759375 0.034375 0.041666666666666664
cl4w8yyze0008356psyneitgt 0 0.10078125 0.8485416666666666 0.0359375 0.04791666666666667
cl4wcy8rl0007356p54sq9ug1 0 0.46171875 0.45729166666666665 0.0421875 0.05625
cl4wdk2d5000r356po224jy4v 0 0.63984375 0.008333333333333333 0.0234375 0.016666666666666666
cl4z3ljw2000b356pbtu6zg6g 2 0.04099864130434783 0.6725090579710145 0.0265625 0.035416666666666666
cl53emloi0005356iv17jgy22 1 0.8640625 0.7760416666666666 0.1 0.10625
cl53emxhw0009356i5a8ddhw4 2 0.965625 0.35208333333333336 0.028125 0.03333333333333333
