ckz3vb89a00073867yfftbbpw 0 0.057291666666666664 0.09652777777777778 0.03749999999999999 0.041666666666666664
cl4usaxoi001q356pdh79ca33 0 0.165625 0.45208333333333334 0.034375 0.058333333333333334
cl4usazue001u356pderw22y6 0 0.04140625 0.5395833333333333 0.0328125 0.041666666666666664
cl4usb282001y356py28e83k8 0 0.35639204545454545 0.375 0.034375 0.04583333333333333
cl4usb4wg0022356ps8a9025m 0 0.5244318181818182 0.29857954545454546 0.040625 0.04791666666666667
cl4usb6ng0026356pf3k6k434 0 0.5984375 0.24791666666666667 0.028125 0.0375
cl4usbi3i002l356p8slezp38 0 0.8968039772727273 0.5779356060606061 0.0328125 0.04375
cl4usbk4d002p356pvaqhzex9 0 0.6985294117647058 0.5756127450980393 0.034375 0.04583333333333333
cl4usblrm002t356p6kxea2n0 0 0.4328125 0.5713541666666667 0.034375 0.04375
cl4usbn80002x356pbrt4wcrm 0 0.6561429251269035 0.5634940778341793 0.0265625 0.05
cl4usboop0031356pqrsxb2f6 0 0.365625 0.365625 0.05 0.07291666666666667
cl4usbskl0039356p9exjtlyn 0 0.17890625 0.2042824074074074 0.0421875 0.052083333333333336
cl4usbunz003c356pzoktv3qj 0 0.23932291666666666 0.2652777777777778 0.03125 0.045833333333333365
cl4usbw44003f356pwg5sf7dx 0 0.4265625 0.7161458333333334 0.0375 0.04791666666666667
cl4usbywn003m356pzuko8bto 0 0.31449298469387754 0.8674744897959185 0.0359375 0.05
cl4usc0d9003q356p8zx80o59 0 0.060781249999999995 0.8097916666666667 0.0359375 0.04791666666666667
cl4usc2ch003u356pogg4d2mq 0 0.1904296875 0.7513020833333334 0.031640625 0.049479166666666664
cl4usc4it003y356prri1ox7q 0 0.590625 0.6127083333333334 0.0375 0.04791666666666667
cl4usc9tf004a356pwuwogc14 0 0.806640625 0.8166666666666667 0.03046875 0.04583333333333333
cl4uscb2f004e356pze7aeb88 0 0.8134615384615385 0.7392628205128206 0.028125 0.04583333333333333
cl4w68esd0003356pk1jpkknr 0 0.6119791666666667 0.6020833333333333 0.0359375 0.041666666666666664
cl4w6e4s1000b356pojtp6w4u 0 0.18578125 0.8666666666666667 0.0359375 0.04583333333333333
cl4w6ur9q000j356pxf09lrb1 0 0.809375 0.9239583333333333 0.03125 0.052083333333333336
cl4w7c4c2000n356p72nbbpg2 0 0.934375 0.18333333333333332 0.034375 0.041666666666666664
cl4w7p8ng0004356pnhhv0bcn 0 0.209375 0.8489583333333334 0.046875 0.058333333333333334
cl4w8yyze0008356psyneitgt 0 0.01875 0.78125 0.0328125 0.04583333333333333
cl4wd41vi000b356pvx4c10zb 0 0.35390625 0.9489583333333333 0.0390625 0.052083333333333336
cl4wewudt0004356hktwxfdv8 2 0.74609375 0.05520833333333333 0.0328125 0.04791666666666667
cl4z3ljw2000b356pbtu6zg6g 2 0.034687499999999996 0.7302083333333333 0.028125 0.03458333333333338
cl53emloi0005356iv17jgy22 1 0.8640625 0.7760416666666666 0.1 0.10625
cl53emxhw0009356i5a8ddhw4 2 0.965625 0.35208333333333336 0.028125 0.03333333333333333
