cl4usaxoi001q356pdh79ca33 0 0.02421875 0.4708333333333333 0.034375 0.0375
cl4usazue001u356pderw22y6 0 0.03453125 0.5066666666666666 0.0328125 0.041666666666666664
cl4usb282001y356py28e83k8 0 0.5291193181818181 0.41268939393939397 0.034375 0.04583333333333333
cl4usb4wg0022356ps8a9025m 0 0.5032986111111111 0.258449074074074 0.040625 0.047916666666666635
cl4usbi3i002l356p8slezp38 0 0.9238075657894737 0.5648574561403509 0.0328125 0.04375
cl4usbk4d002p356pvaqhzex9 0 0.517361111111111 0.2793981481481482 0.034375 0.04583333333333333
cl4usblrm002t356p6kxea2n0 0 0.5296875 0.25729166666666664 0.034375 0.04375
cl4usbn80002x356pbrt4wcrm 0 0.6529745729813665 0.5620859213250518 0.0265625 0.05
cl4usboop0031356pqrsxb2f6 0 0.45234375 0.21815476190476188 0.05 0.07291666666666667
cl4usbskl0039356p9exjtlyn 0 0.12421875 0.24270833333333333 0.0421875 0.052083333333333336
cl4usbw44003f356pwg5sf7dx 0 0.3512152777777778 0.7924768518518519 0.0375 0.04791666666666667
cl4usbywn003m356pzuko8bto 0 0.31773657128514055 0.8744226907630522 0.0359375 0.05
cl4uscb2f004e356pze7aeb88 0 0.7671875 0.7046130952380952 0.034375 0.05
cl4w6e4s1000b356pojtp6w4u 0 0.29854910714285715 0.6345238095238095 0.0359375 0.04583333333333333
cl4w7c4c2000n356p72nbbpg2 0 0.8513020833333333 0.7295138888888889 0.034375 0.041666666666666664
cl4w8yyze0008356psyneitgt 0 0.071875 0.9072916666666667 0.0359375 0.04791666666666667
cl4wcy8rl0007356p54sq9ug1 0 0.4390625 0.690625 0.0421875 0.05625
cl4wd9i8e000f356pe590i8ut 0 0.0171875 0.9822916666666667 0.034375 0.035416666666666666
cl4wdk2d5000r356po224jy4v 0 0.7361505681818181 0.22642045454545456 0.0328125 0.04375
cl4wdr3rc000v356p692k64uc 0 0.5953125 0.914236111111111 0.034375 0.04791666666666667
cl4wduqh30010356pp93irp8n 0 0.6917187499999999 0.8958333333333334 0.0484375 0.058333333333333334
cl4wdyxps0014356pjz6ua97y 0 0.55390625 0.9666666666666667 0.0453125 0.058333333333333334
cl4x0gpx3000b356p0li4xc6f 0 0.03671875 0.017708333333333333 0.0234375 0.03125
cl4z3ljw2000b356pbtu6zg6g 2 0.03501420454545455 0.6771780303030304 0.0265625 0.035416666666666666
cl53emloi0005356iv17jgy22 1 0.8640625 0.7760416666666666 0.1 0.10625
cl53emxhw0009356i5a8ddhw4 2 0.965625 0.35208333333333336 0.028125 0.03333333333333333
