cl4usaxoi001q356pdh79ca33 0 0.17890625 0.42604166666666665 0.0328125 0.041666666666666664
cl4usazue001u356pderw22y6 0 0.04973958333333334 0.48020833333333335 0.029687500000000006 0.03958333333333333
cl4usb282001y356py28e83k8 0 0.487109375 0.6190972222222223 0.034375 0.04583333333333333
cl4usb4wg0022356ps8a9025m 0 0.5908854166666667 0.137037037037037 0.040625 0.04791666666666665
cl4usbi3i002l356p8slezp38 0 0.95234375 0.509375 0.0328125 0.04375
cl4usbk4d002p356pvaqhzex9 0 0.21222426470588235 0.4323529411764706 0.034374999999999975 0.04583333333333333
cl4usblrm002t356p6kxea2n0 0 0.6489583333333333 0.07847222222222222 0.034375 0.049999999999999996
cl4usbn80002x356pbrt4wcrm 0 0.6505653144409937 0.5610151397515527 0.0265625 0.05
cl4usboop0031356pqrsxb2f6 0 0.34515625 0.024374999999999997 0.03468749999999998 0.048749999999999995
cl4usbskl0039356p9exjtlyn 0 0.47953124999999996 0.34729166666666667 0.0421875 0.052083333333333336
cl4usbywn003m356pzuko8bto 0 0.32744654605263157 0.8890350877192983 0.0359375 0.05
cl4uscb2f004e356pze7aeb88 0 0.8102022058823529 0.5052696078431372 0.034375 0.05
cl4w6e4s1000b356pojtp6w4u 0 0.27953125 0.63875 0.0359375 0.04583333333333333
cl4w7c4c2000n356p72nbbpg2 0 0.3734375 0.9864583333333333 0.025 0.027083333333333334
cl4wd9i8e000f356pe590i8ut 0 0.43203125 0.809375 0.034375 0.04375
cl4we1r3j0018356pbsxv13je 0 0.70546875 0.4739583333333333 0.0390625 0.04791666666666667
cl4wf5h0u004r356hwjzzj19a 0 0.64375 0.434375 0.0328125 0.041666666666666664
cl4x04d1f0003356p1ugtmarb 0 0.25968749999999996 0.404375 0.03125 0.03958333333333333
cl4x0rw2r000n356p8st4f18t 0 0.6546875 0.990625 0.025 0.01875
cl4x16mfg000r356povntvh44 0 0.12728794642857144 0.7755952380952381 0.0400669642857143 0.05
cl4x1bqe30013356pdqq72yqe 0 0.5416666666666667 0.9048611111111111 0.034375 0.05
cl4x2cjb00017356pvy8cojhg 0 0.459375 0.9791666666666666 0.046875 0.041666666666666664
cl4xo62nj0044356p35pbex2a 0 0.016015625 0.8473958333333333 0.02578125 0.042708333333333334
cl4xo6up10048356p199romyk 0 0.875 0.9645833333333333 0.040625 0.042708333333333334
cl4z3ljw2000b356pbtu6zg6g 2 0.07822265625 0.671875 0.0265625 0.035416666666666666
cl4z3rdy4000f356pign5oc4m 2 0.31279761904761905 0.11378968253968254 0.034375 0.041666666666666664
cl53emloi0005356iv17jgy22 1 0.8640625 0.7760416666666666 0.1 0.10625
cl53emxhw0009356i5a8ddhw4 2 0.965625 0.35208333333333336 0.028125 0.03333333333333333
