cl4usaxoi001q356pdh79ca33 0 0.168359375 0.4765625 0.0328125 0.041666666666666664
cl4usazue001u356pderw22y6 0 0.051171875 0.43854166666666666 0.0296875 0.03958333333333333
cl4usb282001y356py28e83k8 0 0.46953125 0.6034722222222223 0.034375 0.04583333333333333
cl4usb4wg0022356ps8a9025m 0 0.6 0.14729166666666668 0.040625 0.04791666666666667
cl4usbi3i002l356p8slezp38 0 0.93828125 0.509375 0.0328125 0.04375
cl4usbk4d002p356pvaqhzex9 0 0.2303125 0.440625 0.034375 0.04583333333333333
cl4usblrm002t356p6kxea2n0 0 0.6125 0.1125 0.034375 0.05
cl4usbn80002x356pbrt4wcrm 0 0.6506308229813664 0.5610442546583851 0.0265625 0.05
cl4usboop0031356pqrsxb2f6 0 0.33984375 0.042708333333333334 0.0453125 0.07291666666666667
cl4usbskl0039356p9exjtlyn 0 0.498046875 0.34322916666666664 0.0421875 0.052083333333333336
cl4usbywn003m356pzuko8bto 0 0.32740028782894737 0.889281798245614 0.0359375 0.05
cl4uscb2f004e356pze7aeb88 0 0.8203125 0.5026785714285714 0.034375 0.05
cl4w6e4s1000b356pojtp6w4u 0 0.2609375 0.5958333333333333 0.0359375 0.04583333333333333
cl4w7c4c2000n356p72nbbpg2 0 0.3859375 0.959375 0.0375 0.04791666666666667
cl4wd9i8e000f356pe590i8ut 0 0.41312499999999996 0.7956249999999999 0.034374999999999954 0.04375
cl4we1r3j0018356pbsxv13je 0 0.71796875 0.5052083333333334 0.0390625 0.04791666666666667
cl4wf5h0u004r356hwjzzj19a 0 0.63046875 0.4625 0.0328125 0.041666666666666664
cl4x04d1f0003356p1ugtmarb 0 0.2859375 0.3697916666666667 0.03125 0.03958333333333333
cl4x0rw2r000n356p8st4f18t 0 0.65625 0.9385416666666667 0.0375 0.04791666666666667
cl4x16mfg000r356povntvh44 0 0.13180803571428573 0.7916666666666666 0.0390625 0.05
cl4x1bqe30013356pdqq72yqe 0 0.553125 0.8895833333333333 0.034375 0.05
cl4x2cjb00017356pvy8cojhg 0 0.4390625 0.975 0.040625 0.04583333333333333
cl4xo62nj0044356p35pbex2a 0 0.0119140625 0.8087239583333333 0.023828125 0.03411458333333333
cl4xo6up10048356p199romyk 0 0.8890625 0.984375 0.040625 0.03125
cl4z3ljw2000b356pbtu6zg6g 2 0.080419921875 0.671875 0.0265625 0.035416666666666666
cl4z3rdy4000f356pign5oc4m 2 0.3215029761904762 0.10932539682539683 0.034375 0.041666666666666664
cl53emloi0005356iv17jgy22 1 0.8640625 0.7760416666666666 0.1 0.10625
cl53emxhw0009356i5a8ddhw4 2 0.965625 0.35208333333333336 0.028125 0.03333333333333333
