cl4usaxoi001q356pdh79ca33 0 0.31140625 0.42291666666666666 0.0328125 0.0375
cl4usazue001u356pderw22y6 0 0.0421875 0.4739583333333333 0.03125 0.03958333333333333
cl4usb4wg0022356ps8a9025m 0 0.52890625 0.15104166666666666 0.040625 0.04791666666666667
cl4usbi3i002l356p8slezp38 0 0.9201286764705883 0.4888480392156863 0.034375 0.04583333333333333
cl4usbn80002x356pbrt4wcrm 0 0.6488882211538461 0.5595352564102565 0.0265625 0.05
cl4usbskl0039356p9exjtlyn 0 0.22254464285714284 0.4495535714285714 0.0421875 0.052083333333333336
cl4usbywn003m356pzuko8bto 0 0.3287366365131579 0.8821546052631579 0.0359375 0.05
cl4uscb2f004e356pze7aeb88 0 0.8149147727272726 0.4237689393939394 0.03437499999999991 0.05625
cl4w6e4s1000b356pojtp6w4u 0 0.25479910714285714 0.5961309523809525 0.0359375 0.04583333333333333
cl4x0rw2r000n356p8st4f18t 0 0.6432291666666667 0.9604166666666667 0.040625 0.04583333333333333
cl4x2cjb00017356pvy8cojhg 0 0.40825892857142854 0.9233630952380952 0.0375 0.052083333333333336
cl4xo85or004c356p6xlu1xiv 0 0.8370535714285714 0.4714285714285714 0.0359375 0.04791666666666667
cl4xofodp004k356p4ls3874k 0 0.1738839285714286 0.6241071428571429 0.040625 0.05416666666666667
cl4xp3k1m004w356pbbhp4waa 0 0.915798611111111 0.6834490740740741 0.04375 0.06041666666666667
cl4xp8jda0058356pwn2pcg0j 0 0.88046875 0.8666666666666667 0.040625 0.05625
cl4xpa7pg005c356pztg5hyw8 0 0.21428571428571427 0.6742559523809525 0.040625 0.05625
cl4xph5b6005k356p62e4rows 0 0.11901041666666667 0.8024305555555556 0.039062500000000014 0.05
cl4xpkeb2005w356pxgdkz2we 0 0.9450520833333333 0.6440972222222222 0.034375 0.05416666666666667
cl4xs6vbj009m356p1pzczg97 0 0.018204941860465115 0.6725654069767442 0.03019622093023256 0.06460755813953488
cl4z3ljw2000b356pbtu6zg6g 2 0.05929276315789474 0.697203947368421 0.02680921052631579 0.035416666666666666
cl53emloi0005356iv17jgy22 1 0.8640625 0.7760416666666666 0.1 0.10625
cl53emxhw0009356i5a8ddhw4 2 0.965625 0.35208333333333336 0.028125 0.03333333333333333
