cl4usaxoi001q356pdh79ca33 0 0.903125 0.17708333333333334 0.0328125 0.0375
cl4usazue001u356pderw22y6 0 0.146484375 0.55625 0.028125 0.035416666666666666
cl4usb4wg0022356ps8a9025m 0 0.54534375 0.097375 0.0390625 0.04791666666666667
cl4usbi3i002l356p8slezp38 0 0.9241268382352942 0.5341911764705883 0.0328125 0.05000000000000006
cl4usbn80002x356pbrt4wcrm 0 0.6530724789915967 0.5591386554621849 0.0265625 0.05
cl4usbskl0039356p9exjtlyn 0 0.2125 0.8130208333333333 0.0421875 0.052083333333333336
cl4usbywn003m356pzuko8bto 0 0.3502840909090909 0.8632102272727272 0.0359375 0.05
cl4uscb2f004e356pze7aeb88 0 0.88984375 0.39505208333333336 0.0328125 0.04583333333333333
cl4x0rw2r000n356p8st4f18t 0 0.62265625 0.8927083333333333 0.0359375 0.04375
cl4xpa7pg005c356pztg5hyw8 0 0.4104166666666667 0.6746527777777778 0.04062500000000004 0.05625
cl4xpmmqo0060356pkbdih3ba 0 0.012109375 0.8708333333333333 0.02421875 0.05
cl4xpyh1i006t356prjx0dj9z 0 0.46553819444444444 0.5130787037037037 0.0390625 0.06458333333333334
cl4xq0iwp006x356phuieqnqz 0 0.7903125 0.41916666666666663 0.04687499999999991 0.0625
cl4xqbsd60071356pvj4abzy6 0 0.7830729166666666 0.4003472222222222 0.04218749999999991 0.052083333333333336
cl4xqgpdb0075356p7ksftdui 0 0.8760653409090908 0.518655303030303 0.0359375 0.05208333333333327
cl4xqif3o0079356piktc0bfe 0 0.5298437500000001 0.78375 0.0453125 0.05
cl4xqonng007d356p998g0njq 0 0.04453125 0.022916666666666665 0.0359375 0.03958333333333333
cl4xqw4iv007l356pqkegr1x7 0 0.194921875 0.019270833333333334 0.05078125 0.036458333333333336
cl4xr59d90085356pndhb1zxo 0 0.646875 0.44895833333333335 0.0359375 0.04375
cl4xr91xf008h356p7058b3u5 0 0.20881696428571428 0.9217261904761905 0.0421875 0.05416666666666667
cl4xrbyhf008l356pthttyb06 0 0.60984375 0.943125 0.0359375 0.04791666666666667
cl4xrkfgn0091356pikphtzc3 0 0.06852678571428572 0.7171130952380953 0.04687500000000001 0.052083333333333336
cl4xrt0tp0095356pbvmy073k 0 0.5111979166666667 0.9270833333333334 0.0390625 0.058333333333333334
cl4xrwk1j0099356pbjf2bckc 0 0.20520833333333335 0.9170138888888889 0.04062500000000002 0.05
cl4xs1p1o009d356pgsov5qh2 0 0.04575892857142857 0.5004464285714286 0.0375 0.04791666666666667
cl4xs6vbj009m356p1pzczg97 0 0.06370738636363636 0.6762310606060605 0.05625 0.06458333333333334
cl4z3dcqg0007356p5g9v8qhz 0 0.9890625 0.19290760869565216 0.021875 0.03958333333333333
cl4z3ljw2000b356pbtu6zg6g 2 0.07905405405405405 0.6575168918918919 0.028125 0.035416666666666666
cl53emloi0005356iv17jgy22 1 0.8640625 0.7760416666666666 0.1 0.10625
cl53emxhw0009356i5a8ddhw4 2 0.965625 0.35208333333333336 0.028125 0.03333333333333333
