cl4usaxoi001q356pdh79ca33 0 0.18046875 0.40208333333333335 0.0328125 0.041666666666666664
cl4usazue001u356pderw22y6 0 0.04375 0.5020833333333333 0.025 0.0375
cl4usb282001y356py28e83k8 0 0.4997767857142857 0.7273809523809525 0.034375 0.04583333333333333
cl4usb4wg0022356ps8a9025m 0 0.5439453125 0.13802083333333334 0.040625 0.04791666666666667
cl4usbi3i002l356p8slezp38 0 0.9748437500000001 0.5237499999999999 0.030625000000000034 0.04083333333333332
cl4usbk4d002p356pvaqhzex9 0 0.1403125 0.41041666666666665 0.034375 0.04583333333333333
cl4usblrm002t356p6kxea2n0 0 0.658203125 0.18229166666666666 0.034375 0.05
cl4usbn80002x356pbrt4wcrm 0 0.6503542313664596 0.5609213250517598 0.0265625 0.05
cl4usbskl0039356p9exjtlyn 0 0.4219618055555555 0.3436342592592593 0.0421875 0.052083333333333336
cl4usbywn003m356pzuko8bto 0 0.3275956003289474 0.8882401315789473 0.0359375 0.05
cl4uscb2f004e356pze7aeb88 0 0.79921875 0.5114583333333333 0.034375 0.05
cl4w6e4s1000b356pojtp6w4u 0 0.32578125 0.6916666666666667 0.0359375 0.04583333333333333
cl4wd9i8e000f356pe590i8ut 0 0.4669921875 0.8958333333333334 0.0375 0.04375
cl4we1r3j0018356pbsxv13je 0 0.76796875 0.490625 0.0390625 0.04791666666666667
cl4wf5h0u004r356hwjzzj19a 0 0.68796875 0.3641666666666667 0.0328125 0.041666666666666664
cl4x04d1f0003356p1ugtmarb 0 0.2234375 0.4947916666666667 0.03125 0.03958333333333333
cl4x0rw2r000n356p8st4f18t 0 0.615625 0.9322916666666666 0.05 0.06041666666666667
cl4x16mfg000r356povntvh44 0 0.11421875 0.693125 0.04374999999999999 0.05
cl4x1bqe30013356pdqq72yqe 0 0.5479166666666667 0.8895833333333333 0.0375 0.05
cl4x2cjb00017356pvy8cojhg 0 0.425 0.890625 0.0453125 0.05416666666666667
cl4xo6up10048356p199romyk 0 0.7947916666666666 0.912962962962963 0.043749999999999914 0.05416666666666667
cl4xo85or004c356p6xlu1xiv 0 0.8125 0.93125 0.028125 0.03333333333333333
cl4z3ljw2000b356pbtu6zg6g 2 0.07825520833333334 0.6636284722222222 0.0265625 0.035416666666666666
cl4z3rdy4000f356pign5oc4m 2 0.29408967391304347 0.09465579710144928 0.034375 0.041666666666666664
cl53emloi0005356iv17jgy22 1 0.8640625 0.7760416666666666 0.1 0.10625
cl53emxhw0009356i5a8ddhw4 2 0.965625 0.35208333333333336 0.028125 0.03333333333333333
