cl4usaxoi001q356pdh79ca33 0 0.20078125 0.31875 0.0328125 0.041666666666666664
cl4usazue001u356pderw22y6 0 0.03203125 0.4784722222222222 0.0296875 0.0375
cl4usb282001y356py28e83k8 0 0.4165178571428571 0.9339285714285714 0.034374999999999954 0.04583333333333333
cl4usb4wg0022356ps8a9025m 0 0.5230902777777777 0.1908564814814815 0.040625 0.04791666666666667
cl4usbi3i002l356p8slezp38 0 0.9842329545454545 0.5973484848484849 0.021875 0.041666666666666664
cl4usbk4d002p356pvaqhzex9 0 0.06961348684210526 0.25263157894736843 0.0359375 0.04583333333333333
cl4usblrm002t356p6kxea2n0 0 0.8986979166666667 0.2673611111111111 0.034375 0.05000000000000003
cl4usbn80002x356pbrt4wcrm 0 0.6498592779503106 0.5607013457556936 0.0265625 0.05
cl4usbskl0039356p9exjtlyn 0 0.3166466346153846 0.39110576923076923 0.0421875 0.052083333333333336
cl4usbywn003m356pzuko8bto 0 0.32794510690789475 0.8863760964912281 0.0359375 0.05
cl4uscb2f004e356pze7aeb88 0 0.7928385416666666 0.5230902777777777 0.03437499999999991 0.04999999999999994
cl4w6e4s1000b356pojtp6w4u 0 0.2484375 0.7296875 0.0359375 0.04583333333333333
cl4we1r3j0018356pbsxv13je 0 0.88203125 0.471875 0.0390625 0.04791666666666667
cl4wf5h0u004r356hwjzzj19a 0 0.81484375 0.1576388888888889 0.0328125 0.041666666666666664
cl4x04d1f0003356p1ugtmarb 0 0.109375 0.18895833333333334 0.03125 0.03958333333333333
cl4x0rw2r000n356p8st4f18t 0 0.6609375 0.9217261904761905 0.040625 0.04583333333333333
cl4x16mfg000r356povntvh44 0 0.036406249999999994 0.5845833333333333 0.04375 0.05
cl4x2cjb00017356pvy8cojhg 0 0.41328125 0.9239583333333333 0.0453125 0.05416666666666667
cl4xo85or004c356p6xlu1xiv 0 0.8520089285714286 0.7842261904761905 0.0359375 0.04791666666666667
cl4xofodp004k356p4ls3874k 0 0.07563920454545454 0.8373106060606061 0.0328125 0.04583333333333333
cl4xolkrv004o356pdssw4a9x 0 0.40034722222222224 0.024189814814814813 0.04409722222222219 0.044675925925925924
cl4xoz7d8004s356p2671ry5d 0 0.4734375 0.9833333333333333 0.034375 0.03333333333333333
cl4xp6vn60050356pcfrqtng8 0 0.9369419642857142 0.06517857142857143 0.0484375 0.05416666666666667
cl4z3ljw2000b356pbtu6zg6g 2 0.07125000000000001 0.6902083333333333 0.0265625 0.035416666666666666
cl4z3rdy4000f356pign5oc4m 2 0.2484375 0.011458333333333333 0.021875 0.022916666666666665
cl53emloi0005356iv17jgy22 1 0.8640625 0.7760416666666666 0.1 0.10625
cl53emxhw0009356i5a8ddhw4 2 0.965625 0.35208333333333336 0.028125 0.03333333333333333
