cl4usaxoi001q356pdh79ca33 0 0.14505208333333333 0.4222222222222222 0.0328125 0.041666666666666664
cl4usazue001u356pderw22y6 0 0.03984375 0.4635416666666667 0.0296875 0.03958333333333333
cl4usb282001y356py28e83k8 0 0.503125 0.6770833333333334 0.034375 0.04583333333333333
cl4usb4wg0022356ps8a9025m 0 0.5657366071428571 0.13839285714285715 0.040625 0.04791666666666667
cl4usbi3i002l356p8slezp38 0 0.9641927083333334 0.5170138888888889 0.0328125 0.04375000000000006
cl4usbk4d002p356pvaqhzex9 0 0.17748161764705883 0.4254901960784314 0.034375 0.04583333333333333
cl4usblrm002t356p6kxea2n0 0 0.6234375 0.09375 0.034375 0.05
cl4usbn80002x356pbrt4wcrm 0 0.6504634122670807 0.5609698498964804 0.0265625 0.05
cl4usbskl0039356p9exjtlyn 0 0.45234375 0.36770833333333336 0.0421875 0.052083333333333336
cl4usbywn003m356pzuko8bto 0 0.3275185032894737 0.8886513157894737 0.0359375 0.05
cl4uscb2f004e356pze7aeb88 0 0.8036458333333334 0.49930555555555556 0.034375000000000086 0.05
cl4w6e4s1000b356pojtp6w4u 0 0.26822916666666663 0.6875 0.0359375 0.04583333333333333
cl4wd9i8e000f356pe590i8ut 0 0.4502604166666666 0.8572916666666667 0.036979166666666695 0.04375
cl4we1r3j0018356pbsxv13je 0 0.76171875 0.4997916666666667 0.0390625 0.04791666666666667
cl4wf5h0u004r356hwjzzj19a 0 0.66796875 0.38958333333333334 0.0328125 0.041666666666666664
cl4x04d1f0003356p1ugtmarb 0 0.23415178571428572 0.4513392857142857 0.03125 0.03958333333333333
cl4x0rw2r000n356p8st4f18t 0 0.6546875 0.990625 0.025 0.01875
cl4x16mfg000r356povntvh44 0 0.13177083333333334 0.7284722222222223 0.04375 0.05
cl4x1bqe30013356pdqq72yqe 0 0.5 0.9791666666666666 0.03125 0.041666666666666664
cl4x2cjb00017356pvy8cojhg 0 0.45546875 0.9125 0.0453125 0.05416666666666667
cl4xo62nj0044356p35pbex2a 0 0.009375 0.8854166666666666 0.01875 0.041666666666666664
cl4xo6up10048356p199romyk 0 0.828125 0.9497395833333333 0.03828125 0.05416666666666667
cl4xo85or004c356p6xlu1xiv 0 0.8274857954545454 0.974810606060606 0.025994318181818167 0.027651515151515225
cl4z3ljw2000b356pbtu6zg6g 2 0.07630208333333334 0.670138888888889 0.0265625 0.035416666666666666
cl4z3rdy4000f356pign5oc4m 2 0.30122282608695655 0.11367753623188405 0.034375 0.041666666666666664
cl53emloi0005356iv17jgy22 1 0.8640625 0.7760416666666666 0.1 0.10625
cl53emxhw0009356i5a8ddhw4 2 0.965625 0.35208333333333336 0.028125 0.03333333333333333
