cl4usaxoi001q356pdh79ca33 0 0.09192708333333333 0.4673611111111111 0.03281249999999999 0.041666666666666664
cl4usazue001u356pderw22y6 0 0.02734375 0.446875 0.0296875 0.03958333333333333
cl4usb282001y356py28e83k8 0 0.4340625 0.7716666666666666 0.034375 0.04583333333333333
cl4usb4wg0022356ps8a9025m 0 0.5765625 0.1704861111111111 0.040625 0.04791666666666667
cl4usbi3i002l356p8slezp38 0 0.8280539772727273 0.6705492424242424 0.0328125 0.04375
cl4usbk4d002p356pvaqhzex9 0 0.4041666666666667 0.6854166666666667 0.034375000000000044 0.04583333333333333
cl4usblrm002t356p6kxea2n0 0 0.3203125 0.38333333333333336 0.034375 0.05
cl4usbn80002x356pbrt4wcrm 0 0.6514824340062112 0.561422748447205 0.0265625 0.05
cl4usboop0031356pqrsxb2f6 0 0.31953125 0.19618055555555555 0.0609375 0.06875
cl4usbskl0039356p9exjtlyn 0 0.4375868055555555 0.14131944444444444 0.0421875 0.05208333333333332
cl4usbw44003f356pwg5sf7dx 0 0.428125 0.9135416666666667 0.0375 0.04791666666666667
cl4usbywn003m356pzuko8bto 0 0.33203125 0.8945261437908497 0.0359375 0.05
cl4uscb2f004e356pze7aeb88 0 0.7859375 0.5776785714285714 0.034375 0.05
cl4w6e4s1000b356pojtp6w4u 0 0.43921875000000005 0.42375 0.0359375 0.04583333333333333
cl4w7c4c2000n356p72nbbpg2 0 0.6432291666666667 0.6197916666666666 0.0375 0.04791666666666667
cl4wd9i8e000f356pe590i8ut 0 0.1955078125 0.72421875 0.034375 0.04375
cl4wdk2d5000r356po224jy4v 0 0.86984375 0.521875 0.0328125 0.04375
cl4wduqh30010356pp93irp8n 0 0.6950520833333333 0.9527777777777778 0.0442708333333333 0.052777777777777736
cl4we1r3j0018356pbsxv13je 0 0.7331473214285714 0.646875 0.0390625 0.04791666666666667
cl4wf5h0u004r356hwjzzj19a 0 0.425390625 0.7020833333333333 0.0328125 0.041666666666666664
cl4x04d1f0003356p1ugtmarb 0 0.35703125 0.23125 0.03125 0.03958333333333333
cl4x0drzi0007356pxym7gn3b 0 0.9869791666666667 0.11944444444444445 0.022916666666666606 0.0263888888888889
cl4z3ljw2000b356pbtu6zg6g 2 0.06616586538461539 0.6850160256410257 0.0265625 0.035416666666666666
cl4z3rdy4000f356pign5oc4m 2 0.4505859375 0.13723958333333333 0.034375 0.041666666666666664
cl53emloi0005356iv17jgy22 1 0.8640625 0.7760416666666666 0.1 0.10625
cl53emxhw0009356i5a8ddhw4 2 0.965625 0.35208333333333336 0.028125 0.03333333333333333
