cl4usaxoi001q356pdh79ca33 0 0.87015625 0.17833333333333332 0.0328125 0.0375
cl4usazue001u356pderw22y6 0 0.156640625 0.5005208333333333 0.028125 0.035416666666666666
cl4usb4wg0022356ps8a9025m 0 0.54384375 0.098375 0.0390625 0.04791666666666667
cl4usbi3i002l356p8slezp38 0 0.93515625 0.53125 0.0328125 0.05
cl4usbn80002x356pbrt4wcrm 0 0.6526785714285714 0.5589285714285714 0.0265625 0.05
cl4usbskl0039356p9exjtlyn 0 0.24036458333333335 0.753125 0.0421875 0.052083333333333336
cl4usbywn003m356pzuko8bto 0 0.3494318181818182 0.8626420454545455 0.0359375 0.05
cl4uscb2f004e356pze7aeb88 0 0.8765625 0.3828125 0.0328125 0.04583333333333333
cl4x0rw2r000n356p8st4f18t 0 0.60390625 0.978125 0.0359375 0.04375
cl4xo85or004c356p6xlu1xiv 0 0.8774147727272726 0.9881628787878788 0.032670454545454496 0.023674242424242445
cl4xpa7pg005c356pztg5hyw8 0 0.3854166666666667 0.6972718253968254 0.04062500000000004 0.05625
cl4xpmmqo0060356pkbdih3ba 0 0.04765625 0.8802083333333334 0.0453125 0.05625
cl4xpyh1i006t356prjx0dj9z 0 0.4645833333333333 0.5359375 0.0390625 0.06458333333333334
cl4xq0iwp006x356phuieqnqz 0 0.8125 0.36041666666666666 0.046875 0.0625
cl4xqbsd60071356pvj4abzy6 0 0.7487926136363636 0.38645833333333335 0.0421875 0.052083333333333336
cl4xqgpdb0075356p7ksftdui 0 0.9135653409090908 0.47433712121212124 0.0359375 0.052083333333333336
cl4xqif3o0079356piktc0bfe 0 0.5246651785714286 0.7178571428571429 0.0453125 0.05
cl4xqonng007d356p998g0njq 0 0.029910714285714284 0.044047619047619044 0.02857142857142857 0.041666666666666664
cl4xqw4iv007l356pqkegr1x7 0 0.22726562499999997 0.0190625 0.04859374999999999 0.038125
cl4xr59d90085356pndhb1zxo 0 0.6239783653846154 0.48693910256410255 0.0359375 0.04375
cl4xr91xf008h356p7058b3u5 0 0.19359375 0.9520833333333333 0.0421875 0.05416666666666667
cl4xrbyhf008l356pthttyb06 0 0.6045758928571429 0.9254464285714286 0.0359375 0.04791666666666667
cl4xrkfgn0091356pikphtzc3 0 0.07109375 0.70625 0.0421875 0.05416666666666667
cl4xrt0tp0095356pbvmy073k 0 0.5323153409090909 0.9348484848484849 0.0390625 0.058333333333333334
cl4xrwk1j0099356pbjf2bckc 0 0.1584375 0.8920833333333333 0.040625 0.05
cl4xs1p1o009d356pgsov5qh2 0 0.03333333333333334 0.4427083333333333 0.037500000000000006 0.04791666666666667
cl4xs6vbj009m356p1pzczg97 0 0.06285511363636363 0.6800189393939394 0.05625 0.06458333333333334
cl4z3dcqg0007356p5g9v8qhz 0 0.9890625 0.1922554347826087 0.021875 0.03958333333333333
cl4z3ljw2000b356pbtu6zg6g 2 0.07769396551724138 0.6593031609195402 0.028125 0.035416666666666666
cl53emloi0005356iv17jgy22 1 0.8640625 0.7760416666666666 0.1 0.10625
cl53emxhw0009356i5a8ddhw4 2 0.965625 0.35208333333333336 0.028125 0.03333333333333333
