cl4usaxoi001q356pdh79ca33 0 0.8450520833333334 0.19097222222222224 0.0328125 0.0375
cl4usazue001u356pderw22y6 0 0.1203125 0.521875 0.028125 0.035416666666666666
cl4usb4wg0022356ps8a9025m 0 0.5427734375 0.09947916666666666 0.0390625 0.04791666666666667
cl4usbi3i002l356p8slezp38 0 0.9365625 0.505 0.0328125 0.05
cl4usbn80002x356pbrt4wcrm 0 0.6523831407563025 0.5587710084033614 0.0265625 0.05
cl4usbskl0039356p9exjtlyn 0 0.23776041666666664 0.8065972222222223 0.0421875 0.052083333333333336
cl4usbywn003m356pzuko8bto 0 0.3487926136363636 0.8622159090909091 0.0359375 0.05
cl4uscb2f004e356pze7aeb88 0 0.8740451388888889 0.38333333333333336 0.0328125 0.04583333333333333
cl4x0rw2r000n356p8st4f18t 0 0.59140625 0.9489583333333333 0.0359375 0.04375
cl4xo85or004c356p6xlu1xiv 0 0.8710227272727273 0.9753787878787878 0.045454545454545504 0.04924242424242422
cl4xpa7pg005c356pztg5hyw8 0 0.3625 0.725 0.040625 0.05625
cl4xpmmqo0060356pkbdih3ba 0 0.06555397727272727 0.8444128787878787 0.0453125 0.05625
cl4xpyh1i006t356prjx0dj9z 0 0.45772569444444444 0.553587962962963 0.0390625 0.06458333333333334
cl4xq0iwp006x356phuieqnqz 0 0.827734375 0.39375 0.046875 0.0625
cl4xqbsd60071356pvj4abzy6 0 0.73984375 0.38645833333333335 0.0421875 0.052083333333333336
cl4xqgpdb0075356p7ksftdui 0 0.9317187499999999 0.42854166666666665 0.0359375 0.052083333333333336
cl4xqif3o0079356piktc0bfe 0 0.54984375 0.7100000000000001 0.0453125 0.05
cl4xqw4iv007l356pqkegr1x7 0 0.23359375 0.021875 0.0359375 0.04375
cl4xr59d90085356pndhb1zxo 0 0.5947048611111111 0.5056712962962963 0.0359375 0.04375
cl4xr91xf008h356p7058b3u5 0 0.20234375 0.9375 0.0421875 0.05416666666666667
cl4xrbyhf008l356pthttyb06 0 0.6442187500000001 0.870625 0.0359375 0.04791666666666667
cl4xrfc2x008p356p0tj63mlg 0 0.015066964285714284 0.8148809523809523 0.02700892857142857 0.03809523809523808
cl4xrkfgn0091356pikphtzc3 0 0.062890625 0.7205729166666667 0.0390625 0.05625
cl4xrt0tp0095356pbvmy073k 0 0.5489346590909091 0.9672348484848484 0.0390625 0.058333333333333334
cl4xrwk1j0099356pbjf2bckc 0 0.11875 0.89375 0.040625 0.05
cl4xs6vbj009m356p1pzczg97 0 0.062215909090909086 0.6828598484848485 0.05625 0.06458333333333334
cl4z3dcqg0007356p5g9v8qhz 0 0.9890625 0.19176630434782607 0.021875 0.03958333333333333
cl4z3ljw2000b356pbtu6zg6g 2 0.07381465517241378 0.6586566091954023 0.028125 0.035416666666666666
cl53emloi0005356iv17jgy22 1 0.8640625 0.7760416666666666 0.1 0.10625
cl53emxhw0009356i5a8ddhw4 2 0.965625 0.35208333333333336 0.028125 0.03333333333333333
