cl4usaxoi001q356pdh79ca33 0 0.21171875 0.3458333333333333 0.0328125 0.041666666666666664
cl4usazue001u356pderw22y6 0 0.02578125 0.5041666666666667 0.0296875 0.0375
cl4usb282001y356py28e83k8 0 0.403125 0.975 0.034375 0.04583333333333333
cl4usb4wg0022356ps8a9025m 0 0.541796875 0.2078125 0.040625 0.04791666666666667
cl4usbi3i002l356p8slezp38 0 0.9798958333333335 0.6035416666666666 0.024791666666666677 0.042638888888888955
cl4usbk4d002p356pvaqhzex9 0 0.06944901315789473 0.21710526315789475 0.0359375 0.04583333333333333
cl4usblrm002t356p6kxea2n0 0 0.9390625 0.2954166666666667 0.034375 0.05
cl4usbn80002x356pbrt4wcrm 0 0.6497719332298136 0.5606625258799173 0.0265625 0.05
cl4usbskl0039356p9exjtlyn 0 0.2891493055555555 0.403125 0.0421875 0.052083333333333336
cl4usbywn003m356pzuko8bto 0 0.3280067845394737 0.8860471491228069 0.0359375 0.05
cl4uscb2f004e356pze7aeb88 0 0.7844669117647058 0.5138480392156862 0.03437499999999991 0.04999999999999994
cl4w6e4s1000b356pojtp6w4u 0 0.27359374999999997 0.7575000000000001 0.0359375 0.04583333333333333
cl4we1r3j0018356pbsxv13je 0 0.8875 0.48333333333333334 0.0390625 0.04791666666666667
cl4wf5h0u004r356hwjzzj19a 0 0.83828125 0.12708333333333333 0.0328125 0.041666666666666664
cl4x04d1f0003356p1ugtmarb 0 0.11822916666666668 0.12743055555555557 0.03125 0.03958333333333333
cl4x0rw2r000n356p8st4f18t 0 0.6432291666666667 0.9211805555555556 0.040625 0.04583333333333333
cl4x16mfg000r356povntvh44 0 0.0359375 0.5583333333333333 0.04375 0.05
cl4x2cjb00017356pvy8cojhg 0 0.4375 0.896875 0.0453125 0.05416666666666667
cl4xo85or004c356p6xlu1xiv 0 0.8537642045454545 0.7785037878787879 0.0359375 0.04791666666666667
cl4xofodp004k356p4ls3874k 0 0.11171875 0.8045833333333333 0.0328125 0.04583333333333333
cl4xolkrv004o356pdssw4a9x 0 0.35875 0.014375 0.04312499999999999 0.02875
cl4xp6vn60050356pcfrqtng8 0 0.95703125 0.08125 0.0484375 0.05416666666666667
cl4z3ljw2000b356pbtu6zg6g 2 0.06937499999999999 0.6952083333333333 0.0265625 0.035416666666666666
cl4z3rdy4000f356pign5oc4m 2 0.22239583333333335 0.01111111111111111 0.025 0.02222222222222222
cl53emloi0005356iv17jgy22 1 0.8640625 0.7760416666666666 0.1 0.10625
cl53emxhw0009356i5a8ddhw4 2 0.965625 0.35208333333333336 0.028125 0.03333333333333333
