cl4usaxoi001q356pdh79ca33 0 0.18125 0.4 0.0328125 0.041666666666666664
cl4usazue001u356pderw22y6 0 0.040625 0.4864583333333333 0.025 0.0375
cl4usb282001y356py28e83k8 0 0.5004464285714285 0.7244047619047619 0.034375 0.04583333333333333
cl4usb4wg0022356ps8a9025m 0 0.54541015625 0.13723958333333333 0.040625 0.04791666666666667
cl4usbi3i002l356p8slezp38 0 0.9735937499999998 0.5231250000000001 0.030312499999999964 0.04041666666666668
cl4usbk4d002p356pvaqhzex9 0 0.14250000000000002 0.41180555555555554 0.034375 0.04583333333333333
cl4usblrm002t356p6kxea2n0 0 0.65078125 0.18125 0.034375 0.05
cl4usbn80002x356pbrt4wcrm 0 0.6503615100931677 0.5609245600414078 0.0265625 0.05
cl4usbskl0039356p9exjtlyn 0 0.4252604166666667 0.3434027777777778 0.0421875 0.052083333333333336
cl4usbywn003m356pzuko8bto 0 0.3275904605263158 0.8882675438596491 0.0359375 0.05
cl4uscb2f004e356pze7aeb88 0 0.798046875 0.5098958333333333 0.034375 0.05
cl4w6e4s1000b356pojtp6w4u 0 0.32421875 0.6854166666666667 0.0359375 0.04583333333333333
cl4wd9i8e000f356pe590i8ut 0 0.465625 0.890625 0.0375 0.04375
cl4we1r3j0018356pbsxv13je 0 0.7657118055555555 0.4940972222222222 0.0390625 0.04791666666666667
cl4wf5h0u004r356hwjzzj19a 0 0.69015625 0.37124999999999997 0.0328125 0.041666666666666664
cl4x04d1f0003356p1ugtmarb 0 0.226171875 0.49895833333333334 0.03125 0.03958333333333333
cl4x0rw2r000n356p8st4f18t 0 0.61875 0.9364583333333333 0.05 0.06041666666666667
cl4x16mfg000r356povntvh44 0 0.1159375 0.6945833333333333 0.04375 0.05
cl4x1bqe30013356pdqq72yqe 0 0.5458333333333333 0.8958333333333334 0.0375 0.05
cl4x2cjb00017356pvy8cojhg 0 0.426953125 0.8901041666666667 0.0453125 0.05416666666666667
cl4xo6up10048356p199romyk 0 0.7989583333333334 0.9155092592592593 0.04375000000000009 0.05416666666666667
cl4xo85or004c356p6xlu1xiv 0 0.81375 0.934375 0.02812499999999991 0.03333333333333333
cl4z3ljw2000b356pbtu6zg6g 2 0.078125 0.6640625 0.0265625 0.035416666666666666
cl4z3rdy4000f356pign5oc4m 2 0.29456521739130437 0.09592391304347826 0.034375 0.041666666666666664
cl53emloi0005356iv17jgy22 1 0.8640625 0.7760416666666666 0.1 0.10625
cl53emxhw0009356i5a8ddhw4 2 0.965625 0.35208333333333336 0.028125 0.03333333333333333
