cl4usazue001u356pderw22y6 0 0.009375 0.53125 0.01875 0.0375
cl4usb282001y356py28e83k8 0 0.5796875 0.5416666666666666 0.034375 0.04583333333333333
cl4usb4wg0022356ps8a9025m 0 0.5775815217391305 0.2724184782608695 0.040625 0.047916666666666635
cl4usbi3i002l356p8slezp38 0 0.9470552884615385 0.6199519230769232 0.0328125 0.04375
cl4usbk4d002p356pvaqhzex9 0 0.5291666666666667 0.4875 0.034375 0.04583333333333333
cl4usblrm002t356p6kxea2n0 0 0.5640625 0.17604166666666668 0.034375 0.04375
cl4usbn80002x356pbrt4wcrm 0 0.6526615877329193 0.5619468167701863 0.0265625 0.05
cl4usboop0031356pqrsxb2f6 0 0.39169034090909094 0.15501893939393938 0.05298295454545454 0.07178030303030304
cl4usbskl0039356p9exjtlyn 0 0.22421875 0.20868055555555556 0.0421875 0.052083333333333336
cl4usbw44003f356pwg5sf7dx 0 0.4046875 0.7739583333333333 0.0375 0.04791666666666667
cl4usbywn003m356pzuko8bto 0 0.3171969126506024 0.8755020080321285 0.0359375 0.05
cl4uscb2f004e356pze7aeb88 0 0.7697716346153846 0.7100160256410256 0.034375 0.05
cl4w6e4s1000b356pojtp6w4u 0 0.30796875 0.49416666666666664 0.0359375 0.04583333333333333
cl4w7c4c2000n356p72nbbpg2 0 0.9171875 0.5708333333333333 0.034375 0.041666666666666664
cl4w8yyze0008356psyneitgt 0 0.01484375 0.8364583333333333 0.027604166666666662 0.052083333333333336
cl4wcy8rl0007356p54sq9ug1 0 0.54375 0.8166666666666667 0.0421875 0.05625
cl4wd9i8e000f356pe590i8ut 0 0.08854166666666667 0.8795138888888889 0.03437500000000001 0.04375
cl4wdk2d5000r356po224jy4v 0 0.7534598214285715 0.39181547619047624 0.0328125 0.04375
cl4wdr3rc000v356p692k64uc 0 0.45984375 0.9725 0.034375 0.04791666666666667
cl4wduqh30010356pp93irp8n 0 0.6466145833333333 0.8798611111111111 0.0484375 0.058333333333333334
cl4z3ljw2000b356pbtu6zg6g 2 0.02421875 0.6739583333333333 0.0265625 0.035416666666666666
cl4z3rdy4000f356pign5oc4m 2 0.6864583333333333 0.028472222222222225 0.034375 0.041666666666666664
cl4z3u9x8000j356ptlt2kwnq 2 0.9473958333333332 0.028993055555555557 0.030729166666666606 0.03229166666666667
cl53emloi0005356iv17jgy22 1 0.8640625 0.7760416666666666 0.1 0.10625
cl53emxhw0009356i5a8ddhw4 2 0.965625 0.35208333333333336 0.028125 0.03333333333333333
