cl4usaxoi001q356pdh79ca33 0 0.87765625 0.17666666666666667 0.0328125 0.0375
cl4usazue001u356pderw22y6 0 0.160546875 0.5036458333333333 0.028125 0.035416666666666666
cl4usb4wg0022356ps8a9025m 0 0.54409375 0.09820833333333333 0.0390625 0.04791666666666667
cl4usbi3i002l356p8slezp38 0 0.9333180147058824 0.5317401960784314 0.0328125 0.05
cl4usbn80002x356pbrt4wcrm 0 0.6527442226890756 0.5589635854341737 0.0265625 0.05
cl4usbskl0039356p9exjtlyn 0 0.24140625 0.765625 0.0421875 0.052083333333333336
cl4usbywn003m356pzuko8bto 0 0.3495738636363636 0.8627367424242425 0.0359375 0.05
cl4uscb2f004e356pze7aeb88 0 0.878125 0.3859375 0.0328125 0.04583333333333333
cl4x0rw2r000n356p8st4f18t 0 0.60390625 0.9684027777777777 0.0359375 0.04375
cl4xo85or004c356p6xlu1xiv 0 0.87734375 0.9947916666666666 0.0296875 0.010416666666666666
cl4xpa7pg005c356pztg5hyw8 0 0.3895833333333333 0.6935019841269842 0.04062499999999995 0.05625
cl4xpmmqo0060356pkbdih3ba 0 0.041548295454545456 0.8785037878787879 0.0421875 0.05511363636363645
cl4xpyh1i006t356prjx0dj9z 0 0.4651041666666667 0.5307291666666667 0.0390625 0.06458333333333334
cl4xq0iwp006x356phuieqnqz 0 0.8071875000000001 0.3716666666666667 0.046875 0.0625
cl4xqbsd60071356pvj4abzy6 0 0.75078125 0.38645833333333335 0.0421875 0.052083333333333336
cl4xqgpdb0075356p7ksftdui 0 0.9093039772727274 0.48532196969696967 0.0359375 0.052083333333333336
cl4xqif3o0079356piktc0bfe 0 0.5231770833333333 0.7252314814814814 0.0453125 0.05
cl4xqonng007d356p998g0njq 0 0.0375 0.0375 0.03125 0.041666666666666664
cl4xqw4iv007l356pqkegr1x7 0 0.2234375 0.019270833333333334 0.05 0.03784722222222222
cl4xr59d90085356pndhb1zxo 0 0.6309495192307693 0.48341346153846154 0.0359375 0.04375
cl4xr91xf008h356p7058b3u5 0 0.1931423611111111 0.945138888888889 0.0421875 0.05416666666666667
cl4xrbyhf008l356pthttyb06 0 0.6051562500000001 0.9339583333333333 0.0359375 0.04791666666666667
cl4xrkfgn0091356pikphtzc3 0 0.07604166666666666 0.7045138888888888 0.04375 0.05347222222222226
cl4xrt0tp0095356pbvmy073k 0 0.52953125 0.9287500000000001 0.0390625 0.058333333333333334
cl4xrwk1j0099356pbjf2bckc 0 0.1715625 0.9029166666666666 0.040625 0.05
cl4xs1p1o009d356pgsov5qh2 0 0.041666666666666664 0.43854166666666666 0.0375 0.04791666666666667
cl4xs6vbj009m356p1pzczg97 0 0.06299715909090908 0.6793876262626263 0.05625 0.06458333333333334
cl4z3dcqg0007356p5g9v8qhz 0 0.9890625 0.1923641304347826 0.021875 0.03958333333333333
cl4z3ljw2000b356pbtu6zg6g 2 0.07820945945945947 0.659206081081081 0.028125 0.035416666666666666
cl53emloi0005356iv17jgy22 1 0.8640625 0.7760416666666666 0.1 0.10625
cl53emxhw0009356i5a8ddhw4 2 0.965625 0.35208333333333336 0.028125 0.03333333333333333
