cl4usaxoi001q356pdh79ca33 0 0.32734375 0.47458333333333336 0.0328125 0.0375
cl4usazue001u356pderw22y6 0 0.0265625 0.5239583333333333 0.03125 0.03958333333333333
cl4usb4wg0022356ps8a9025m 0 0.5662259615384615 0.1763621794871795 0.040625 0.04791666666666667
cl4usbi3i002l356p8slezp38 0 0.983056640625 0.5044270833333333 0.03193359375 0.04583333333333333
cl4usbn80002x356pbrt4wcrm 0 0.648602764423077 0.5587740384615384 0.0265625 0.05
cl4usbskl0039356p9exjtlyn 0 0.12925347222222222 0.4461805555555555 0.0421875 0.052083333333333336
cl4usbywn003m356pzuko8bto 0 0.33174715909090907 0.8789772727272728 0.0359375 0.05
cl4uscb2f004e356pze7aeb88 0 0.8309895833333334 0.418287037037037 0.0328125 0.04583333333333333
cl4w6e4s1000b356pojtp6w4u 0 0.1818474264705882 0.7007352941176471 0.0359375 0.04583333333333333
cl4x0rw2r000n356p8st4f18t 0 0.58359375 0.9583333333333334 0.046875 0.05
cl4x2cjb00017356pvy8cojhg 0 0.41996527777777776 0.8975694444444444 0.0375 0.052083333333333336
cl4xo85or004c356p6xlu1xiv 0 0.7382187499999999 0.4095833333333333 0.0359375 0.04583333333333333
cl4xofodp004k356p4ls3874k 0 0.121484375 0.6104166666666667 0.040625 0.05416666666666667
cl4xp3k1m004w356pbbhp4waa 0 0.98984375 0.49270833333333336 0.0203125 0.05625
cl4xpa7pg005c356pztg5hyw8 0 0.101171875 0.6326041666666666 0.040625 0.05625
cl4xpiirs005o356p8pygyzbb 0 0.1416015625 0.7575520833333333 0.046875 0.06458333333333334
cl4xpkeb2005w356pxgdkz2we 0 0.9024038461538462 0.8451923076923077 0.034375 0.05416666666666667
cl4xpmmqo0060356pkbdih3ba 0 0.63515625 0.12118055555555557 0.0390625 0.047916666666666684
cl4xpq1hu0064356p4ptg94kd 0 0.028125 0.9458333333333333 0.040625 0.05416666666666667
cl4xs6vbj009m356p1pzczg97 0 0.020276162790697674 0.6729106104651164 0.031231831395348835 0.06253633720930232
cl4z3ljw2000b356pbtu6zg6g 2 0.0696875 0.7043750000000001 0.028125 0.035416666666666666
cl53emloi0005356iv17jgy22 1 0.8640625 0.7760416666666666 0.1 0.10625
cl53emxhw0009356i5a8ddhw4 2 0.965625 0.35208333333333336 0.028125 0.03333333333333333
