cl4usaxoi001q356pdh79ca33 0 0.05234375 0.5083333333333333 0.0328125 0.03958333333333333
cl4usazue001u356pderw22y6 0 0.08203125 0.5 0.0328125 0.041666666666666664
cl4usb282001y356py28e83k8 0 0.548046875 0.43645833333333334 0.034375 0.04583333333333333
cl4usb4wg0022356ps8a9025m 0 0.5179398148148148 0.2720293209876543 0.040625 0.04791666666666667
cl4usbi3i002l356p8slezp38 0 0.9341796875 0.5713541666666667 0.0328125 0.04375
cl4usbk4d002p356pvaqhzex9 0 0.5390625 0.3375 0.034375 0.04583333333333333
cl4usblrm002t356p6kxea2n0 0 0.5375 0.18854166666666666 0.034375 0.04375
cl4usbn80002x356pbrt4wcrm 0 0.6528945069875777 0.5620503364389234 0.0265625 0.05
cl4usboop0031356pqrsxb2f6 0 0.4683238636363637 0.2012310606060606 0.05 0.07291666666666667
cl4usbskl0039356p9exjtlyn 0 0.16484375 0.240625 0.0421875 0.052083333333333336
cl4usbw44003f356pwg5sf7dx 0 0.361328125 0.8098958333333334 0.0375 0.04791666666666667
cl4usbywn003m356pzuko8bto 0 0.3175985190763052 0.8746987951807229 0.0359375 0.05
cl4uscb2f004e356pze7aeb88 0 0.7671875 0.7095238095238094 0.034375 0.05
cl4w6e4s1000b356pojtp6w4u 0 0.28359375 0.584375 0.0359375 0.04583333333333333
cl4w7c4c2000n356p72nbbpg2 0 0.8697916666666666 0.6819444444444444 0.034375 0.041666666666666664
cl4w8yyze0008356psyneitgt 0 0.07578125 0.8802083333333334 0.0359375 0.04791666666666667
cl4wcy8rl0007356p54sq9ug1 0 0.469921875 0.6953125 0.0421875 0.05625
cl4wd9i8e000f356pe590i8ut 0 0.0296875 0.9635416666666666 0.034375 0.04375
cl4wdk2d5000r356po224jy4v 0 0.7443080357142857 0.26592261904761905 0.0328125 0.04375
cl4wdr3rc000v356p692k64uc 0 0.5473958333333333 0.9420138888888889 0.034375 0.04791666666666667
cl4wduqh30010356pp93irp8n 0 0.6853794642857143 0.8827380952380952 0.0484375 0.058333333333333334
cl4z3ljw2000b356pbtu6zg6g 2 0.030326704545454546 0.6764835858585858 0.0265625 0.035416666666666666
cl4z3rdy4000f356pign5oc4m 2 0.72765625 0.011458333333333333 0.034375 0.022916666666666665
cl53emloi0005356iv17jgy22 1 0.8640625 0.7760416666666666 0.1 0.10625
cl53emxhw0009356i5a8ddhw4 2 0.965625 0.35208333333333336 0.028125 0.03333333333333333
