cl4usaxoi001q356pdh79ca33 0 0.66640625 0.29270833333333335 0.0328125 0.0375
cl4usazue001u356pderw22y6 0 0.1046875 0.459375 0.028125 0.035416666666666666
cl4usb4wg0022356ps8a9025m 0 0.5690104166666667 0.11631944444444443 0.0390625 0.04791666666666665
cl4usbi3i002l356p8slezp38 0 0.955829326923077 0.47868589743589746 0.0328125 0.05
cl4usbn80002x356pbrt4wcrm 0 0.6506762079831933 0.5578606442577031 0.0265625 0.05
cl4usbskl0039356p9exjtlyn 0 0.24921875 0.8477678571428572 0.0421875 0.052083333333333336
cl4usbywn003m356pzuko8bto 0 0.3450994318181818 0.8597537878787879 0.0359375 0.05
cl4uscb2f004e356pze7aeb88 0 0.8594866071428571 0.39464285714285713 0.0328125 0.04583333333333333
cl4x0rw2r000n356p8st4f18t 0 0.5947544642857143 0.8361607142857143 0.0359375 0.04375
cl4xo85or004c356p6xlu1xiv 0 0.89296875 0.8770833333333333 0.0328125 0.05416666666666667
cl4xofodp004k356p4ls3874k 0 0.07805397727272727 0.46912878787878787 0.0421875 0.05416666666666667
cl4xpa7pg005c356pztg5hyw8 0 0.22099184782608697 0.8168931159420291 0.040625 0.05625
cl4xpmmqo0060356pkbdih3ba 0 0.18359375 0.7614583333333333 0.0453125 0.05625
cl4xpti8r006g356ppo8hcdd6 0 0.1921875 0.052083333333333336 0.0359375 0.052083333333333336
cl4xpyh1i006t356prjx0dj9z 0 0.4450520833333333 0.6243055555555556 0.0390625 0.06458333333333334
cl4xq0iwp006x356phuieqnqz 0 0.7871874999999999 0.5054166666666667 0.04687499999999991 0.06250000000000006
cl4xqbsd60071356pvj4abzy6 0 0.6671875 0.4010416666666667 0.0375 0.052083333333333336
cl4xqif3o0079356piktc0bfe 0 0.67640625 0.7424999999999999 0.0453125 0.05
cl4xqonng007d356p998g0njq 0 0.04296875 0.075 0.0421875 0.05416666666666667
cl4xqw4iv007l356pqkegr1x7 0 0.146875 0.04895833333333333 0.0390625 0.052083333333333336
cl4xr59d90085356pndhb1zxo 0 0.48359375 0.671875 0.0359375 0.04375
cl4xr91xf008h356p7058b3u5 0 0.2046875 0.8805555555555556 0.0421875 0.05416666666666667
cl4xrbyhf008l356pthttyb06 0 0.51640625 0.9322916666666666 0.0359375 0.04791666666666667
cl4xrfc2x008p356p0tj63mlg 0 0.1447265625 0.96015625 0.0421875 0.03958333333333333
cl4xriir6008x356p5lxr2psv 0 0.015625 0.9151041666666667 0.03125 0.0625
cl4xs6vbj009m356p1pzczg97 0 0.05646551724137931 0.6849497126436782 0.05625 0.06458333333333334
cl4z3ljw2000b356pbtu6zg6g 2 0.06899038461538462 0.652323717948718 0.028125 0.035416666666666666
cl53emloi0005356iv17jgy22 1 0.8640625 0.7760416666666666 0.1 0.10625
cl53emxhw0009356i5a8ddhw4 2 0.965625 0.35208333333333336 0.028125 0.03333333333333333
