0 0.67265625 0.21220238095238095 0.0453125 0.0625
0 0.24245923913043477 0.7554347826086957 0.04375 0.05416666666666667
2 0.27620872641509436 0.878125 0.04375 0.05625
0 0.8711145833333334 0.62525 0.0515625 0.07083333333333333
0 0.5296875 0.044196428571428574 0.05 0.06041666666666667
0 0.030882352941176472 0.7249387254901961 0.05 0.06875
0 0.6462316176470588 0.3625 0.05 0.058333333333333334
0 0.5892922794117647 0.9450367647058824 0.0515625 0.06041666666666667
0 0.8505580357142858 0.03169642857142858 0.05290178571428576 0.052083333333333336
0 0.27647058823529413 0.017708333333333333 0.04375 0.035416666666666666
