cl3k0tu4r009l3r6cmuk4qbb9 0 0.246875 0.771875 0.0296875 0.03958333333333333
cl3k0ty8z009p3r6csrzn2gxo 0 0.18125 0.529124149659864 0.04375 0.0375
cl3k0u23x009t3r6cppaivuyn 0 0.12734375 0.6010416666666667 0.0359375 0.035416666666666666
cl3k0u6kf009x3r6c7u9wpmyp 0 0.5197916666666667 0.12152777777777776 0.028125 0.037499999999999985
cl3k0ubkf00a13r6cwl8su137 0 0.746875 0.3260416666666667 0.028125 0.03333333333333333
cl3k0ueqa00a53r6ckl4xduum 0 0.9555785596632503 0.27112615910200094 0.03303211932650072 0.03808565153733531
cl3k0ulgg00a93r6ctw649mjq 0 0.912890625 0.859375 0.034375 0.041666666666666664
cl3k0vljb00ad3r6cumjg4fss 0 0.013124999999999998 0.026250000000000002 0.024999999999999998 0.03333333333333333
cl3k103yd00ah3r6cjm0f53ob 0 0.6017915076335878 0.8992636768447837 0.046875 0.052083333333333336
cl3k108u000al3r6czwlj6am5 0 0.775 0.6145833333333334 0.04375 0.04583333333333333
