ckz3vqjlf000b3867lm528m2k 0 0.103125 0.24166666666666667 0.021875 0.029166666666666667
cl4weyuo90009356hxr59smjp 0 0.050342987804878045 0.5438770325203252 0.034375 0.03958333333333333
cl4weyxuc000d356hs8ui2qet 0 0.14225761217948718 0.345693108974359 0.034375 0.04583333333333333
cl4weyyvn000h356hhekp3hcm 0 0.20703125 0.2989583333333333 0.0296875 0.04375
cl4wez06n000l356hmx66narq 0 0.15655048076923078 0.6905448717948718 0.0234375 0.0375
cl4wez13n000o356ho4fcafi3 0 0.18999056208053694 0.7352861670395227 0.03281250000000002 0.04583333333333333
cl4wez248000r356hxmxncuzk 0 0.27203947368421055 0.7 0.0375 0.05416666666666667
cl4wez35m000v356ho91qj1ps 0 0.37890625 0.703125 0.031770833333333304 0.03958333333333333
cl4wez42f000y356hkxx6e1cs 0 0.3602328431372549 0.7817197712418301 0.034375 0.03958333333333333
cl4wez5dr0012356hy5aioo3f 0 0.49328125 0.8797916666666666 0.0359375 0.04791666666666667
cl4wez7890016356hdkmlwvuy 0 0.5075520833333333 0.9697916666666667 0.0421875 0.04375
cl4wez8o2001a356h7hvchli5 0 0.43046875 0.9697916666666667 0.0484375 0.04375
cl4wezaim001d356hmfktyvkm 0 0.7648574561403508 0.9010416666666666 0.0375 0.04375
cl4wezca1001h356hgsrm0ige 0 0.716796875 0.8288194444444444 0.034375 0.058333333333333334
cl4wezdga001k356h50cpk5jb 0 0.8588092672413794 0.7115301724137931 0.0390625 0.04375
cl4wezefj001p356hdap5czbu 2 0.8109375 0.6244623655913979 0.03125 0.04583333333333333
cl4wezfyy001s356hapqnkmsh 0 0.9719688841201716 0.7992086909871244 0.046875 0.052083333333333336
cl4wezgys001w356h3eszw0sw 0 0.925 0.7416666666666667 0.040625 0.05
cl4wezhuc001z356h9y51sfb4 0 0.9164517281704783 0.9343143624393625 0.0390625 0.03958333333333333
cl4wezj880023356h4fno9e6j 0 0.6513020833333333 0.25486111111111115 0.0328125 0.0416666666666667
cl4wezke40027356hnid29qy9 0 0.5916196646341463 0.44651930894308944 0.0390625 0.06041666666666667
cl4wezlqg002a356hok6cmojl 0 0.550954861111111 0.5895833333333333 0.0421875 0.05
cl4wezmox002e356hyjm6vpmn 0 0.5639204545454546 0.646875 0.04375 0.04375
cl4weznry002h356h93a4kbrl 0 0.4701278409090909 0.7575378787878788 0.0421875 0.04583333333333333
cl4wezoqx002l356hgdxbv8a9 0 0.4286005434782608 0.5683876811594203 0.04375 0.0625
cl4wezpz3002q356hwvtl31vv 0 0.4373349471830986 0.5056484741784038 0.0328125 0.04375
cl4wezqws002u356hsr2oigkr 0 0.42890625 0.41125 0.0421875 0.058333333333333334
cl4wezrzq002y356hq6kf6ael 0 0.31328125 0.36672898860398856 0.0328125 0.04375
cl4weztbe0032356hy99s7x7l 0 0.3040421195652174 0.19705615942028984 0.0296875 0.04375
cl4wezu960035356h2psu8brh 0 0.3199435763888889 0.29701967592592593 0.03125 0.04375
cl4wezw2q0039356hx63tml20 0 0.3956811797752809 0.26305009363295884 0.0375 0.0479166666666667
cl4wezxd3003d356hnezyo6qa 0 0.43075 0.24629166666666666 0.028125 0.03958333333333333
cl4wezz2e003h356h4g2oxevg 0 0.41205357142857146 0.08839285714285715 0.028125 0.041666666666666664
cl4wf00sd003l356h1i0o94od 0 0.35462544326241136 0.023751477541371156 0.040500886524822685 0.04333628841607565
cl4wf02m6003p356hx82s2s8p 0 0.232421875 0.007291666666666667 0.02421875 0.014583333333333334
cl4wf04fy003t356hoilp0zdy 0 0.69296875 0.2267156862745098 0.0390625 0.05
cl4wf05m2003x356ha8qligg6 0 0.5543359375 0.2809635416666667 0.0265625 0.045833333333333365
cl4wf06xq0040356hx18gw35b 0 0.5796875 0.31028602090332214 0.0375 0.05416666666666667
cl4wf08be0043356h59jlarps 0 0.8237723214285714 0.33824404761904764 0.04843749999999991 0.04791666666666667
cl4wf09dv0046356hs9zrwnhh 0 0.9580882352941178 0.23854166666666668 0.03694852941176467 0.04056372549019607
cl4wf0afy004a356hkdxgi7g3 0 0.901097362716763 0.19862114643545278 0.0453125 0.04791666666666667
cl4wf0bfi004e356hw8ze6alu 0 0.7836766883886256 0.15205568720379148 0.0421875 0.04583333333333335
cl4wf0chk004h356h2e50ugry 0 0.879966856060606 0.08783459595959596 0.0390625 0.043750000000000004
cl4xlv3j70003356p1771z5kq 0 0.9509868421052632 0.4740131578947368 0.034375 0.04583333333333333
cl4xlxfld000b356pb00h5yfx 0 0.51953125 0.03125 0.0390625 0.04583333333333333
