ckz3vqjlf000b3867lm528m2k 0 0.103125 0.24166666666666667 0.021875 0.029166666666666667
cl4weyuo90009356hxr59smjp 0 0.12276785714285714 0.553125 0.034375 0.03958333333333333
cl4weyxuc000d356hs8ui2qet 0 0.14733455882352942 0.3263480392156863 0.034375 0.04583333333333333
cl4wez13n000o356ho4fcafi3 0 0.1926558092383639 0.730694640338505 0.0328125 0.04583333333333333
cl4wez248000r356hxmxncuzk 0 0.3186547256097561 0.6732977642276423 0.0375 0.05416666666666667
cl4wez35m000v356ho91qj1ps 0 0.44350446428571433 0.2961309523809524 0.0328125 0.041666666666666664
cl4wez42f000y356hkxx6e1cs 0 0.4503693181818182 0.7349431818181817 0.034375 0.03958333333333333
cl4wez5dr0012356hy5aioo3f 0 0.63671875 0.9805059523809524 0.0375 0.035416666666666666
cl4wez8o2001a356h7hvchli5 0 0.43833333333333335 0.5922916666666667 0.04375 0.052083333333333336
cl4wezaim001d356hmfktyvkm 0 0.7716638513513513 0.8658502252252253 0.0375 0.04375
cl4wezca1001h356hgsrm0ige 0 0.715625 0.8270833333333333 0.034375 0.058333333333333334
cl4wezefj001p356hdap5czbu 2 0.8089532208588958 0.5789238241308793 0.03125000000000009 0.04583333333333333
cl4wezfyy001s356hapqnkmsh 0 0.99296875 0.778125 0.0140625 0.04375
cl4wezgys001w356h3eszw0sw 0 0.925 0.7416666666666667 0.040625 0.05
cl4wezhuc001z356h9y51sfb4 0 0.9247927295918368 0.9096726190476191 0.0390625 0.03958333333333333
cl4wezke40027356hnid29qy9 0 0.6019681490384615 0.43179086538461536 0.0390625 0.06041666666666667
cl4wezlqg002a356hok6cmojl 0 0.052864583333333326 0.984375 0.03072916666666666 0.03125
cl4wezmox002e356hyjm6vpmn 0 0.5431332236842106 0.5474780701754386 0.043174342105263185 0.05416666666666667
cl4weznry002h356h93a4kbrl 0 0.496337890625 0.724609375 0.0421875 0.04583333333333333
cl4wezoqx002l356hgdxbv8a9 0 0.4129494863013699 0.5581906392694064 0.043750000000000046 0.06249999999999994
cl4wezpz3002q356hwvtl31vv 0 0.43671875 0.48524110486891386 0.0328125 0.04375
cl4wezqws002u356hsr2oigkr 0 0.4192471590909091 0.30416666666666664 0.0421875 0.058333333333333334
cl4wezrzq002y356hq6kf6ael 0 0.3119342672413793 0.3526939655172414 0.0328125 0.04375
cl4wezu960035356h2psu8brh 0 0.32039695945945945 0.29749436936936935 0.03125 0.04375
cl4wezw2q0039356hx63tml20 0 0.4029395604395605 0.2439445970695971 0.03750000000000005 0.04791666666666667
cl4wezxd3003d356hnezyo6qa 0 0.4629788306451613 0.25729166666666664 0.028125 0.03958333333333333
cl4wf00sd003l356h1i0o94od 0 0.3510085227272727 0.007159090909090909 0.03326704545454544 0.014318181818181818
cl4wf04fy003t356hoilp0zdy 0 0.739375 0.2971130952380952 0.0390625 0.05
cl4wf05m2003x356ha8qligg6 0 0.5989900914634146 0.25526761517615176 0.0265625 0.04583333333333333
cl4wf06xq0040356hx18gw35b 0 0.5796875 0.30344578200821204 0.0375 0.05416666666666667
cl4wf0afy004a356hkdxgi7g3 0 0.9091996173469388 0.184375 0.0453125 0.04791666666666667
cl4wf0bfi004e356hw8ze6alu 0 0.7880191054502369 0.150608214849921 0.04218749999999991 0.04583333333333333
cl4wf0chk004h356h2e50ugry 0 0.9219891151685393 0.03987593632958801 0.0390625 0.04375
cl4xlxfld000b356pb00h5yfx 0 0.51953125 0.03125 0.0390625 0.04583333333333333
cl4xma6i4000j356ptg824by4 0 0.9482638888888889 0.9542824074074073 0.040625 0.052083333333333336
cl4xmf82y000v356pjqkph1gz 0 0.1283203125 0.11861979166666667 0.0421875 0.05625
cl4xmiy2b0010356ptq250lto 0 0.37152217741935484 0.8894489247311828 0.046875 0.05
cl4xmqohy001c356pyl9kj1te 0 0.2328125 0.12866735537190083 0.040625 0.05
cl4xmx044001k356pqs3juiuc 0 0.13755208333333332 0.2556944444444444 0.04375 0.054166666666666634
cl4xmznqd001o356peyfv2xql 0 0.98203125 0.2877840909090909 0.0359375 0.056249999999999974
cl4xn0wfj001s356p4pw01850 0 0.14817708333333332 0.309375 0.0359375 0.05625
cl4xn23u5001w356pmea4ihh3 0 0.9814999999999999 0.2845833333333333 0.034375 0.0625
cl4xn3b1s0020356pfr6fl67e 0 0.42444196428571435 0.8466765873015873 0.0453125 0.052083333333333336
cl4xn5yk20024356p3e6e065p 0 0.9108379289215686 0.984375 0.0359375 0.03125
cl4xne3lx002g356pbd7ze170 0 0.8768750000000001 0.9660416666666667 0.03125 0.04375
cl4xngzpf002k356p3ygt2hsp 0 0.3943638392857143 0.9817708333333334 0.029352678571428557 0.036458333333333336
cl4xnhq29002o356pjjp6mcop 0 0.012065972222222221 0.5099537037037037 0.0234375 0.037962962962962976
