ckz3vqjlf000b3867lm528m2k 0 0.103125 0.24166666666666667 0.021875 0.029166666666666667
cl4weyuo90009356hxr59smjp 0 0.103515625 0.54375 0.034375 0.03958333333333333
cl4weyxuc000d356hs8ui2qet 0 0.14828279702970298 0.3329826732673267 0.034375 0.04583333333333333
cl4wez13n000o356ho4fcafi3 0 0.19226573519040904 0.7308680065820404 0.0328125 0.04583333333333333
cl4wez248000r356hxmxncuzk 0 0.317530487804878 0.6777947154471544 0.0375 0.05416666666666667
cl4wez35m000v356ho91qj1ps 0 0.4297894021739131 0.32853260869565215 0.0328125 0.041666666666666664
cl4wez42f000y356hkxx6e1cs 0 0.44515306122448983 0.7457695578231293 0.034375 0.03958333333333333
cl4wez5dr0012356hy5aioo3f 0 0.60859375 0.953125 0.0359375 0.04791666666666667
cl4wez8o2001a356h7hvchli5 0 0.45045955882352945 0.6199142156862745 0.04375 0.052083333333333336
cl4wezaim001d356hmfktyvkm 0 0.7675112612612612 0.8702796546546546 0.0375 0.04375
cl4wezca1001h356hgsrm0ige 0 0.715625 0.8270833333333333 0.034375 0.058333333333333334
cl4wezefj001p356hdap5czbu 2 0.8106499233128834 0.5826942740286298 0.03125000000000009 0.04583333333333333
cl4wezfyy001s356hapqnkmsh 0 0.9914930555555556 0.7911458333333333 0.01701388888888893 0.04525462962962953
cl4wezgys001w356h3eszw0sw 0 0.925 0.7416666666666667 0.040625 0.05
cl4wezhuc001z356h9y51sfb4 0 0.9238103693181818 0.9109138257575757 0.0390625 0.03958333333333333
cl4wezke40027356hnid29qy9 0 0.6010817307692308 0.43060897435897433 0.0390625 0.06041666666666667
cl4wezlqg002a356hok6cmojl 0 0.062286931818181825 0.9174242424242425 0.0421875 0.058333333333333334
cl4wezmox002e356hyjm6vpmn 0 0.5059375 0.5867708333333332 0.0390625 0.05447916666666674
cl4weznry002h356h93a4kbrl 0 0.489383761682243 0.7280033099688474 0.0421875 0.04583333333333333
cl4wezoqx002l356hgdxbv8a9 0 0.4150735294117647 0.5590686274509804 0.043749999999999956 0.06250000000000006
cl4wezpz3002q356hwvtl31vv 0 0.43671875 0.4904647435897436 0.0328125 0.04375
cl4wezqws002u356hsr2oigkr 0 0.43146609042553197 0.3102393617021277 0.0421875 0.058333333333333334
cl4wezrzq002y356hq6kf6ael 0 0.31171875 0.3538840439276486 0.0328125 0.04375
cl4wezu960035356h2psu8brh 0 0.3228885135135135 0.29527965465465467 0.03125 0.04375
cl4wezw2q0039356hx63tml20 0 0.4027369505494505 0.2452953296703297 0.03749999999999996 0.04791666666666667
cl4wezxd3003d356hnezyo6qa 0 0.46226145038167943 0.2579277989821883 0.028125 0.03958333333333333
cl4wf00sd003l356h1i0o94od 0 0.3516378546099291 0.013792848699763594 0.03452570921985813 0.02341903073286052
cl4wf04fy003t356hoilp0zdy 0 0.7301562500000001 0.28130952380952384 0.0390625 0.05000000000000003
cl4wf05m2003x356ha8qligg6 0 0.5967416158536586 0.2592649051490515 0.0265625 0.0458333333333333
cl4wf06xq0040356hx18gw35b 0 0.5796875 0.30399636058230683 0.0375 0.05416666666666667
cl4wf0afy004a356hkdxgi7g3 0 0.9073182397959183 0.184375 0.0453125 0.04791666666666667
cl4wf0bfi004e356hw8ze6alu 0 0.7876695793838863 0.15072472353870456 0.0421875 0.045833333333333316
cl4wf0chk004h356h2e50ugry 0 0.9187959558823529 0.04675245098039215 0.0390625 0.04374999999999999
cl4xlxfld000b356pb00h5yfx 0 0.51953125 0.03125 0.0390625 0.04583333333333333
cl4xma6i4000j356ptg824by4 0 0.9497271825396826 0.9533068783068782 0.040625 0.052083333333333336
cl4xmf82y000v356pjqkph1gz 0 0.09991319444444444 0.11006944444444443 0.0421875 0.05624999999999999
cl4xmiy2b0010356ptq250lto 0 0.32399553571428574 0.9186011904761905 0.046875 0.05
cl4xmqohy001c356pyl9kj1te 0 0.23331473214285717 0.13191964285714286 0.040625 0.05
cl4xmx044001k356pqs3juiuc 0 0.16742788461538463 0.2219551282051282 0.04375 0.05416666666666667
cl4xmznqd001o356peyfv2xql 0 0.9767947635135135 0.250365990990991 0.0359375 0.05625
cl4xn0wfj001s356p4pw01850 0 0.057490808823529416 0.4412377450980392 0.035937500000000004 0.05625
cl4xn23u5001w356pmea4ihh3 0 0.9781994047619047 0.26240079365079366 0.034375 0.06250000000000003
cl4xn3b1s0020356pfr6fl67e 0 0.383203125 0.9735119047619047 0.040959821428571394 0.04821428571428565
cl4xn5yk20024356p3e6e065p 0 0.9106119791666666 0.984375 0.0359375 0.03125
cl4xne3lx002g356pbd7ze170 0 0.8900815217391305 0.978125 0.03125 0.04375
