ckz3vqjlf000b3867lm528m2k 0 0.103125 0.24166666666666667 0.021875 0.029166666666666667
cl4weyuo90009356hxr59smjp 0 0.06688368055555556 0.5402777777777777 0.034375 0.039583333333333276
cl4weyxuc000d356hs8ui2qet 0 0.14441606570512822 0.34137620192307694 0.034375 0.04583333333333333
cl4weyyvn000h356hhekp3hcm 0 0.7615985576923077 0.6044070512820513 0.0296875 0.04375
cl4wez13n000o356ho4fcafi3 0 0.19451027684563757 0.7312686428038777 0.0328125 0.04583333333333333
cl4wez248000r356hxmxncuzk 0 0.30084575688073395 0.6841313073394495 0.0375 0.05416666666666667
cl4wez35m000v356ho91qj1ps 0 0.4358566810344827 0.4694683908045977 0.0328125 0.041666666666666664
cl4wez42f000y356hkxx6e1cs 0 0.4092741935483871 0.7693212365591398 0.034375 0.03958333333333333
cl4wez5dr0012356hy5aioo3f 0 0.5319169207317074 0.8584095528455286 0.0359375 0.04791666666666667
cl4wez8o2001a356h7hvchli5 0 0.46078869047619053 0.730654761904762 0.04375 0.052083333333333336
cl4wezaim001d356hmfktyvkm 0 0.7629446138211382 0.8944867886178862 0.0375 0.04375
cl4wezca1001h356hgsrm0ige 0 0.715625 0.8270833333333333 0.034375 0.058333333333333334
cl4wezdga001k356h50cpk5jb 0 0.86484375 0.96953125 0.03828125 0.0484375
cl4wezefj001p356hdap5czbu 2 0.8100643382352942 0.5949142156862746 0.03125000000000009 0.04583333333333333
cl4wezfyy001s356hapqnkmsh 0 0.9734375 0.7969907407407407 0.046875 0.052083333333333336
cl4wezgys001w356h3eszw0sw 0 0.925 0.7416666666666667 0.040625 0.05
cl4wezhuc001z356h9y51sfb4 0 0.9178518061330561 0.9324475918225918 0.0390625 0.03958333333333333
cl4wezke40027356hnid29qy9 0 0.5980801841085271 0.4356104651162791 0.0390625 0.06041666666666667
cl4wezlqg002a356hok6cmojl 0 0.14930320945945946 0.6189752252252253 0.0421875 0.058333333333333334
cl4wezmox002e356hyjm6vpmn 0 0.5612723214285714 0.7918154761904762 0.0390625 0.058333333333333334
cl4weznry002h356h93a4kbrl 0 0.48406103971962616 0.738648753894081 0.0421875 0.04583333333333333
cl4wezoqx002l356hgdxbv8a9 0 0.41976709905660375 0.5610455974842767 0.04375 0.0625
cl4wezpz3002q356hwvtl31vv 0 0.44686864837398377 0.47085873983739834 0.0328125 0.04375
cl4wezqws002u356hsr2oigkr 0 0.42546018835616434 0.33515981735159817 0.0421875 0.058333333333333334
cl4wezrzq002y356hq6kf6ael 0 0.31176638719512195 0.35527184959349595 0.0328125 0.04375
cl4wezu960035356h2psu8brh 0 0.328765368852459 0.28773907103825136 0.03125 0.04375000000000003
cl4wezw2q0039356hx63tml20 0 0.4019024725274726 0.2508585164835165 0.03750000000000005 0.04791666666666667
cl4wezxd3003d356hnezyo6qa 0 0.4605788934426229 0.26145833333333335 0.028125 0.03958333333333333
cl4wf00sd003l356h1i0o94od 0 0.35271498226950354 0.01738327423167849 0.036679964539007105 0.03059988179669031
cl4wf04fy003t356hoilp0zdy 0 0.7107940051020408 0.26373299319727894 0.0390625 0.05000000000000003
cl4wf05m2003x356ha8qligg6 0 0.5853379360465116 0.2679748062015504 0.0265625 0.04583333333333333
cl4wf06xq0040356hx18gw35b 0 0.5796875 0.30626399776035834 0.0375 0.05416666666666667
cl4wf08be0043356h59jlarps 0 0.13359375 0.9385416666666667 0.0484375 0.04791666666666667
cl4wf0afy004a356hkdxgi7g3 0 0.9066190159574468 0.18799202127659573 0.0453125 0.04791666666666667
cl4wf0bfi004e356hw8ze6alu 0 0.7862300059241706 0.15120458135860979 0.0421875 0.04583333333333333
cl4wf0chk004h356h2e50ugry 0 0.9068404796511628 0.0659641472868217 0.0390625 0.04375
cl4xlv3j70003356p1771z5kq 0 0.23937499999999998 0.801875 0.034375 0.04583333333333333
cl4xlxfld000b356pb00h5yfx 0 0.51953125 0.03125 0.0390625 0.04583333333333333
cl4xma6i4000j356ptg824by4 0 0.9526127049180328 0.9744592440801457 0.04132513661202175 0.04648224043715838
cl4xmczp4000r356p5kgem2ty 0 0.6469350961538461 0.07732371794871794 0.0328125 0.04374999999999999
cl4xmf82y000v356pjqkph1gz 0 0.12734375 0.09207427536231885 0.0421875 0.05625000000000001
cl4xmiy2b0010356ptq250lto 0 0.09069602272727273 0.9739583333333334 0.0390625 0.052083333333333336
cl4xmn1pr0014356po774hc34 0 0.10059742647058822 0.34117647058823525 0.03593749999999999 0.05416666666666667
cl4xmp20f0018356prwcb12ol 0 0.4 0.0125 0.03125 0.025
cl4xmtqri001g356puyk4hg02 0 0.9834201388888889 0.7592592592592593 0.030381944444444465 0.041666666666666664
