ckz3vqjlf000b3867lm528m2k 0 0.103125 0.24166666666666667 0.021875 0.029166666666666667
cl4weyuo90009356hxr59smjp 0 0.09756578947368422 0.5441776315789474 0.03437500000000001 0.039583333333333394
cl4weyxuc000d356hs8ui2qet 0 0.14801136363636364 0.3191287878787879 0.034375 0.04583333333333333
cl4wez13n000o356ho4fcafi3 0 0.19422271685472497 0.7299982369534556 0.03281250000000002 0.04583333333333333
cl4wez248000r356hxmxncuzk 0 0.33108552631578947 0.6566885964912281 0.0375 0.05416666666666667
cl4wez35m000v356ho91qj1ps 0 0.50078125 0.1625 0.0328125 0.041666666666666664
cl4wez42f000y356hkxx6e1cs 0 0.46138771186440675 0.7209922316384181 0.034375 0.03958333333333333
cl4wez8o2001a356h7hvchli5 0 0.4437973484848484 0.48450126262626264 0.04375 0.052083333333333336
cl4wezaim001d356hmfktyvkm 0 0.8026947463768115 0.8299365942028986 0.03749999999999991 0.04375
cl4wezca1001h356hgsrm0ige 0 0.715625 0.8270833333333333 0.034375 0.058333333333333334
cl4wezefj001p356hdap5czbu 2 0.8101023706896552 0.5677801724137931 0.03125 0.04583333333333333
cl4wezgys001w356h3eszw0sw 0 0.925 0.7416666666666667 0.040625 0.05
cl4wezhuc001z356h9y51sfb4 0 0.9285714285714286 0.8979166666666667 0.0390625 0.03958333333333333
cl4wezke40027356hnid29qy9 0 0.60234375 0.42791150137741046 0.0390625 0.06041666666666667
cl4wezmox002e356hyjm6vpmn 0 0.6770833333333333 0.6029671717171717 0.046875 0.05416666666666667
cl4weznry002h356h93a4kbrl 0 0.5142241379310345 0.7008261494252873 0.0421875 0.04583333333333333
cl4wezoqx002l356hgdxbv8a9 0 0.4161328125 0.54796875 0.04375 0.06249999999999994
cl4wezpz3002q356hwvtl31vv 0 0.44011656746031746 0.46489748677248677 0.0328125 0.04375
cl4wezqws002u356hsr2oigkr 0 0.4209517045454546 0.29772727272727273 0.042187500000000044 0.058333333333333334
cl4wezrzq002y356hq6kf6ael 0 0.3170548349056604 0.34490959119496856 0.0328125 0.04375
cl4wezu960035356h2psu8brh 0 0.3262581168831169 0.2764745670995671 0.03125 0.04375
cl4wezw2q0039356hx63tml20 0 0.4041008959044369 0.23750355517633676 0.03750000000000005 0.04791666666666667
cl4wezxd3003d356hnezyo6qa 0 0.46870216836734696 0.2614158163265306 0.028125 0.03958333333333333
cl4wf00sd003l356h1i0o94od 0 0.35251953125 0.008098958333333333 0.019960937500000008 0.016197916666666666
cl4wf04fy003t356hoilp0zdy 0 0.7596431902985075 0.3177238805970149 0.0390625 0.05
cl4wf05m2003x356ha8qligg6 0 0.61328125 0.23712797619047618 0.0296875 0.04583333333333333
cl4wf06xq0040356hx18gw35b 0 0.5805440512048193 0.2986571285140562 0.0375 0.05416666666666667
cl4wf0afy004a356hkdxgi7g3 0 0.906787109375 0.19036458333333334 0.0453125 0.04791666666666667
cl4wf0bfi004e356hw8ze6alu 0 0.7894231338862558 0.15014020537124803 0.0421875 0.04583333333333335
cl4wf0chk004h356h2e50ugry 0 0.9375056205035971 0.022909172661870505 0.0390625 0.04375
cl4xlxfld000b356pb00h5yfx 0 0.51953125 0.03125 0.0390625 0.04583333333333333
cl4xmf82y000v356pjqkph1gz 0 0.19095982142857143 0.2456845238095238 0.042187500000000024 0.056249999999999974
cl4xmiy2b0010356ptq250lto 0 0.6000919117647059 0.8792892156862745 0.045588235294117575 0.0492647058823529
cl4xmqohy001c356pyl9kj1te 0 0.29578125 0.21864583333333334 0.040625 0.05
cl4xmznqd001o356peyfv2xql 0 0.99453125 0.35 0.0109375 0.04583333333333333
cl4xn3b1s0020356pfr6fl67e 0 0.72578125 0.778125 0.0453125 0.052083333333333336
cl4xn5yk20024356p3e6e065p 0 0.9117455575980392 0.984375 0.0359375 0.03125
cl4xn774t0028356prka0yutx 0 0.2828125 0.36810897435897433 0.0375 0.04583333333333333
cl4xne3lx002g356pbd7ze170 0 0.8282451923076923 0.8657852564102565 0.03125 0.04375
cl4xnhq29002o356pjjp6mcop 0 0.299375 0.37 0.034375 0.03958333333333333
cl4xnqgcw0038356pcbnyu55d 0 0.9409128289473685 0.9889254385964912 0.020805921052631682 0.02214912280701758
