ckz3vqjlf000b3867lm528m2k 0 0.103125 0.24166666666666667 0.021875 0.029166666666666667
cl4weyuo90009356hxr59smjp 0 0.07626768867924529 0.5464426100628931 0.034375 0.03958333333333333
cl4weyxuc000d356hs8ui2qet 0 0.14509214743589743 0.34002403846153845 0.034375 0.04583333333333333
cl4weyyvn000h356hhekp3hcm 0 0.9576171875 0.6794270833333333 0.0296875 0.04375
cl4wez13n000o356ho4fcafi3 0 0.19155170133991536 0.7311853549600377 0.0328125 0.04583333333333333
cl4wez248000r356hxmxncuzk 0 0.31145833333333334 0.6833333333333333 0.0375 0.05416666666666667
cl4wez35m000v356ho91qj1ps 0 0.4146875 0.42624999999999996 0.03281249999999995 0.041666666666666664
cl4wez42f000y356hkxx6e1cs 0 0.42987132352941176 0.7581495098039216 0.034375 0.03958333333333333
cl4wez5dr0012356hy5aioo3f 0 0.56828125 0.9125 0.0359375 0.04791666666666667
cl4wez8o2001a356h7hvchli5 0 0.457779255319149 0.659729609929078 0.04375 0.052083333333333336
cl4wezaim001d356hmfktyvkm 0 0.746195652173913 0.8961503623188406 0.0375 0.04375
cl4wezca1001h356hgsrm0ige 0 0.715625 0.8270833333333333 0.034375 0.058333333333333334
cl4wezefj001p356hdap5czbu 2 0.8126875 0.5868333333333333 0.03125 0.04583333333333333
cl4wezfyy001s356hapqnkmsh 0 0.9868595157657658 0.7957113363363363 0.02003096846846848 0.046077327327327326
cl4wezgys001w356h3eszw0sw 0 0.925 0.7416666666666667 0.040625 0.05
cl4wezhuc001z356h9y51sfb4 0 0.9212367957746478 0.9163145539906102 0.0390625 0.03958333333333333
cl4wezke40027356hnid29qy9 0 0.5997153585271318 0.43234011627906976 0.0390625 0.06041666666666667
cl4wezlqg002a356hok6cmojl 0 0.09071875 0.7404166666666666 0.0421875 0.058333333333333334
cl4wezmox002e356hyjm6vpmn 0 0.5220128676470588 0.6986519607843138 0.0390625 0.058333333333333334
cl4weznry002h356h93a4kbrl 0 0.48701810747663554 0.7327346183800623 0.0421875 0.04583333333333333
cl4wezoqx002l356hgdxbv8a9 0 0.41818647540983606 0.5575819672131147 0.04375 0.0625
cl4wezpz3002q356hwvtl31vv 0 0.44497282608695654 0.470991847826087 0.0328125 0.04375
cl4wezqws002u356hsr2oigkr 0 0.4350503177966102 0.3165607344632768 0.0421875 0.058333333333333334
cl4wezrzq002y356hq6kf6ael 0 0.31171875 0.355830938697318 0.0328125 0.04375
cl4wezu960035356h2psu8brh 0 0.32920673076923074 0.3013087606837607 0.03125 0.04375
cl4wezw2q0039356hx63tml20 0 0.40236607142857145 0.24776785714285712 0.03750000000000005 0.047916666666666635
cl4wezxd3003d356hnezyo6qa 0 0.46161736641221374 0.2596453562340967 0.028125 0.03958333333333333
cl4wf00sd003l356h1i0o94od 0 0.3521165780141844 0.015388593380614657 0.03548315602836878 0.026610520094562648
cl4wf04fy003t356hoilp0zdy 0 0.7286979166666667 0.2811574074074074 0.0390625 0.05
cl4wf05m2003x356ha8qligg6 0 0.5926962209302326 0.26470445736434106 0.0265625 0.0458333333333333
cl4wf06xq0040356hx18gw35b 0 0.5796875 0.30500419932810746 0.0375 0.05416666666666667
cl4wf0afy004a356hkdxgi7g3 0 0.9039261968085107 0.18440159574468085 0.0453125 0.04791666666666667
cl4wf0bfi004e356hw8ze6alu 0 0.787029768957346 0.15093799368088467 0.042187500000000086 0.04583333333333333
cl4wf0chk004h356h2e50ugry 0 0.91328125 0.05364583333333333 0.0390625 0.04375
cl4xlv3j70003356p1771z5kq 0 0.01434659090909091 0.8420454545454545 0.02869318181818182 0.03825757575757578
cl4xlxfld000b356pb00h5yfx 0 0.51953125 0.03125 0.0390625 0.04583333333333333
cl4xma6i4000j356ptg824by4 0 0.9510104166666666 0.9639027777777778 0.040625 0.052083333333333336
cl4xmf82y000v356pjqkph1gz 0 0.07734375 0.09139254385964911 0.0421875 0.056249999999999994
cl4xmiy2b0010356ptq250lto 0 0.228515625 0.9760416666666667 0.046875 0.04375
cl4xmn1pr0014356po774hc34 0 0.36588541666666663 0.11736111111111111 0.0359375 0.05333333333333335
cl4xmqohy001c356pyl9kj1te 0 0.228125 0.10416666666666667 0.040625 0.05
cl4xmx044001k356pqs3juiuc 0 0.128125 0.07916666666666666 0.04375 0.05416666666666667
cl4xn5yk20024356p3e6e065p 0 0.9101983762254902 0.984375 0.0359375 0.03125
