ckz3vqjlf000b3867lm528m2k 0 0.103125 0.24166666666666667 0.021875 0.029166666666666667
cl4weyuo90009356hxr59smjp 0 0.071875 0.5305059523809524 0.034375 0.039583333333333394
cl4weyxuc000d356hs8ui2qet 0 0.14422576121794872 0.34175681089743587 0.034375 0.04583333333333333
cl4weyyvn000h356hhekp3hcm 0 0.7084134615384615 0.5889423076923077 0.0296875 0.04375
cl4wez13n000o356ho4fcafi3 0 0.1941117869127517 0.7316228560775541 0.0328125 0.04583333333333333
cl4wez248000r356hxmxncuzk 0 0.29866685779816515 0.6857654816513762 0.0375 0.05416666666666667
cl4wez35m000v356ho91qj1ps 0 0.4357421875 0.49895833333333334 0.0328125 0.041666666666666664
cl4wez42f000y356hkxx6e1cs 0 0.39951171875 0.7752604166666667 0.034375 0.03958333333333333
cl4wez5dr0012356hy5aioo3f 0 0.52734375 0.8621527777777778 0.0359375 0.04791666666666667
cl4wez8o2001a356h7hvchli5 0 0.45513392857142854 0.7476190476190475 0.04375 0.052083333333333336
cl4wezaim001d356hmfktyvkm 0 0.763427337398374 0.8964176829268292 0.0375 0.04375
cl4wezca1001h356hgsrm0ige 0 0.715625 0.8270833333333333 0.034375 0.058333333333333334
cl4wezdga001k356h50cpk5jb 0 0.8616145833333333 0.9111111111111111 0.0390625 0.05416666666666667
cl4wezefj001p356hdap5czbu 2 0.809375 0.5976689976689976 0.03125 0.04583333333333333
cl4wezfyy001s356hapqnkmsh 0 0.9734375 0.7980902777777777 0.046875 0.052083333333333336
cl4wezgys001w356h3eszw0sw 0 0.925 0.7416666666666667 0.040625 0.05
cl4wezhuc001z356h9y51sfb4 0 0.9177283653846153 0.9326121794871794 0.0390625 0.03958333333333333
cl4wezke40027356hnid29qy9 0 0.597610518292683 0.43653455284552845 0.0390625 0.06041666666666667
cl4wezlqg002a356hok6cmojl 0 0.19088541666666664 0.5791666666666667 0.042187499999999975 0.058333333333333334
cl4wezmox002e356hyjm6vpmn 0 0.5775841346153846 0.7979166666666667 0.0390625 0.058333333333333334
cl4weznry002h356h93a4kbrl 0 0.48322867990654206 0.7403134735202492 0.0421875 0.04583333333333333
cl4wezoqx002l356hgdxbv8a9 0 0.4203645833333334 0.5624652777777778 0.043750000000000046 0.06250000000000006
cl4wezpz3002q356hwvtl31vv 0 0.4459032012195122 0.47472052845528456 0.0328125 0.04375
cl4wezqws002u356hsr2oigkr 0 0.4210136217948718 0.3300213675213675 0.0421875 0.058333333333333334
cl4wezrzq002y356hq6kf6ael 0 0.3121284298780488 0.35575457317073167 0.0328125 0.04375
cl4wezu960035356h2psu8brh 0 0.3297387295081967 0.28968579234972675 0.03125 0.04375
cl4wezw2q0039356hx63tml20 0 0.401771978021978 0.25172847985347985 0.03749999999999996 0.04791666666666667
cl4wezxd3003d356hnezyo6qa 0 0.45992998633879784 0.26145833333333335 0.028125 0.03958333333333333
cl4wf00sd003l356h1i0o94od 0 0.35288342198581557 0.017944739952718676 0.037016843971631186 0.031722813238770686
cl4wf04fy003t356hoilp0zdy 0 0.7054895833333333 0.26769444444444446 0.0390625 0.05
cl4wf05m2003x356ha8qligg6 0 0.583203125 0.26901041666666664 0.0265625 0.04583333333333333
cl4wf06xq0040356hx18gw35b 0 0.5796875 0.30661860768943633 0.0375 0.05416666666666667
cl4wf08be0043356h59jlarps 0 0.19791666666666666 0.904513888888889 0.0484375 0.04791666666666667
cl4wf0afy004a356hkdxgi7g3 0 0.9073769946808511 0.1890026595744681 0.0453125 0.04791666666666667
cl4wf0bfi004e356hw8ze6alu 0 0.7860048874407584 0.15127962085308058 0.042187500000000086 0.04583333333333335
cl4wf0chk004h356h2e50ugry 0 0.9058048691860465 0.06780523255813954 0.0390625 0.043750000000000004
cl4xlv3j70003356p1771z5kq 0 0.30203125000000003 0.7785416666666667 0.034375 0.04583333333333333
cl4xlxfld000b356pb00h5yfx 0 0.51953125 0.03125 0.0390625 0.04583333333333333
cl4xma6i4000j356ptg824by4 0 0.9530993852459015 0.9766222677595628 0.041649590163934394 0.043886612021857965
cl4xmczp4000r356p5kgem2ty 0 0.6374588815789474 0.15104166666666666 0.0328125 0.04375
cl4xmf82y000v356pjqkph1gz 0 0.13369791666666667 0.0792361111111111 0.0421875 0.056249999999999994
cl4xmiy2b0010356ptq250lto 0 0.055949519230769226 0.9620192307692308 0.0390625 0.05416666666666667
cl4xmn1pr0014356po774hc34 0 0.021454326923076923 0.4149038461538462 0.0359375 0.05416666666666667
cl4xmp20f0018356prwcb12ol 0 0.34367187499999996 0.028333333333333332 0.03453124999999999 0.056666666666666664
