ckz3vqjlf000b3867lm528m2k 0 0.103125 0.24166666666666667 0.021875 0.029166666666666667
cl4weyuo90009356hxr59smjp 0 0.12306547619047618 0.5503472222222222 0.034375 0.039583333333333394
cl4weyxuc000d356hs8ui2qet 0 0.1484375 0.32708333333333334 0.034375 0.04583333333333333
cl4wez13n000o356ho4fcafi3 0 0.19262936354019744 0.7307063939821344 0.03281249999999998 0.04583333333333333
cl4wez248000r356hxmxncuzk 0 0.31857850609756094 0.6736026422764227 0.0375 0.05416666666666667
cl4wez35m000v356ho91qj1ps 0 0.44265625000000003 0.29840277777777774 0.0328125 0.041666666666666664
cl4wez42f000y356hkxx6e1cs 0 0.4500284090909091 0.7357007575757576 0.034375 0.03958333333333333
cl4wez5dr0012356hy5aioo3f 0 0.634033203125 0.981640625 0.03740234375 0.03619791666666667
cl4wez8o2001a356h7hvchli5 0 0.4385416666666667 0.5947916666666667 0.04375 0.052083333333333336
cl4wezaim001d356hmfktyvkm 0 0.7713823198198198 0.8661505255255256 0.0375 0.04375
cl4wezca1001h356hgsrm0ige 0 0.715625 0.8270833333333333 0.034375 0.058333333333333334
cl4wezefj001p356hdap5czbu 2 0.8090682515337424 0.5791794478527608 0.03125 0.04583333333333333
cl4wezfyy001s356hapqnkmsh 0 0.99296875 0.778125 0.0140625 0.04375
cl4wezgys001w356h3eszw0sw 0 0.925 0.7416666666666667 0.040625 0.05
cl4wezhuc001z356h9y51sfb4 0 0.9247289540816327 0.9098710317460318 0.0390625 0.03958333333333333
cl4wezke40027356hnid29qy9 0 0.6019080528846155 0.43171073717948716 0.0390625 0.06041666666666667
cl4wezlqg002a356hok6cmojl 0 0.05390625 0.98125 0.0328125 0.0375
cl4wezmox002e356hyjm6vpmn 0 0.5409128289473685 0.5492324561403509 0.04235197368421053 0.054166666666666724
cl4weznry002h356h93a4kbrl 0 0.495654296875 0.7248697916666667 0.0421875 0.04583333333333333
cl4wezoqx002l356hgdxbv8a9 0 0.41312071917808224 0.5585331050228312 0.043750000000000046 0.06250000000000006
cl4wezpz3002q356hwvtl31vv 0 0.43671875 0.48552200374531834 0.0328125 0.04375
cl4wezqws002u356hsr2oigkr 0 0.42038352272727275 0.30416666666666664 0.042187500000000044 0.058333333333333334
cl4wezrzq002y356hq6kf6ael 0 0.3118624281609196 0.3528376436781609 0.0328125 0.04375
cl4wezu960035356h2psu8brh 0 0.32056587837837835 0.2973442192192192 0.03125 0.04375
cl4wezw2q0039356hx63tml20 0 0.4029258241758241 0.24403617216117215 0.03749999999999996 0.047916666666666635
cl4wezxd3003d356hnezyo6qa 0 0.4628780241935484 0.25729166666666664 0.028125 0.03958333333333333
cl4wf00sd003l356h1i0o94od 0 0.3510653409090909 0.007386363636363636 0.03338068181818184 0.014772727272727272
cl4wf04fy003t356hoilp0zdy 0 0.73875 0.29604166666666665 0.0390625 0.05
cl4wf05m2003x356ha8qligg6 0 0.5988376524390244 0.2555386178861789 0.0265625 0.04583333333333333
cl4wf06xq0040356hx18gw35b 0 0.5796875 0.3034831093691676 0.0375 0.05416666666666667
cl4wf0afy004a356hkdxgi7g3 0 0.9090720663265307 0.184375 0.0453125 0.04791666666666667
cl4wf0bfi004e356hw8ze6alu 0 0.7879954087677724 0.15061611374407582 0.04218749999999991 0.04583333333333333
cl4wf0chk004h356h2e50ugry 0 0.9217082162921348 0.040437734082397 0.0390625 0.04375
cl4xlxfld000b356pb00h5yfx 0 0.51953125 0.03125 0.0390625 0.04583333333333333
cl4xma6i4000j356ptg824by4 0 0.9483630952380953 0.9542162698412698 0.040625 0.052083333333333336
cl4xmf82y000v356pjqkph1gz 0 0.1267578125 0.11822916666666666 0.0421875 0.05625
cl4xmiy2b0010356ptq250lto 0 0.3709173387096774 0.8915994623655913 0.046875 0.05
cl4xmqohy001c356pyl9kj1te 0 0.2328125 0.12887396694214875 0.040625 0.05
cl4xmx044001k356pqs3juiuc 0 0.14109375 0.25125 0.04375 0.05416666666666667
cl4xmznqd001o356peyfv2xql 0 0.98203125 0.2847537878787879 0.0359375 0.05625
cl4xn0wfj001s356p4pw01850 0 0.14609375 0.32104166666666667 0.0359375 0.05625
cl4xn23u5001w356pmea4ihh3 0 0.9807499999999999 0.2829166666666667 0.034375 0.06250000000000003
cl4xn3b1s0020356pfr6fl67e 0 0.42265625 0.8510416666666667 0.0453125 0.052083333333333336
cl4xn5yk20024356p3e6e065p 0 0.9108226102941176 0.984375 0.0359375 0.03125
cl4xne3lx002g356pbd7ze170 0 0.876375 0.9670416666666667 0.03125 0.04375
cl4xngzpf002k356p3ygt2hsp 0 0.3932477678571428 0.9838541666666667 0.027120535714285677 0.03229166666666667
cl4xnhq29002o356pjjp6mcop 0 0.009375 0.5149305555555556 0.01875 0.038194444444444406
