ckz3vqjlf000b3867lm528m2k 0 0.103125 0.24166666666666667 0.021875 0.029166666666666667
cl4weyuo90009356hxr59smjp 0 0.115625 0.500625 0.034375 0.03958333333333333
cl4weyxuc000d356hs8ui2qet 0 0.1765625 0.3128875968992248 0.034375 0.04583333333333333
cl4wez13n000o356ho4fcafi3 0 0.19624255952380953 0.7293650793650793 0.0328125 0.04583333333333333
cl4wez248000r356hxmxncuzk 0 0.3541105769230769 0.6449839743589744 0.0375 0.05416666666666667
cl4wez35m000v356ho91qj1ps 0 0.5821957236842106 0.2149122807017544 0.0328125 0.041666666666666664
cl4wez42f000y356hkxx6e1cs 0 0.4826522435897436 0.6973023504273504 0.034375 0.03958333333333333
cl4wez8o2001a356h7hvchli5 0 0.4596554487179487 0.3842147435897436 0.04375 0.052083333333333336
cl4wezaim001d356hmfktyvkm 0 0.8324383802816901 0.8692048122065728 0.0375 0.04375
cl4wezca1001h356hgsrm0ige 0 0.715625 0.8270833333333333 0.034375 0.058333333333333334
cl4wezefj001p356hdap5czbu 2 0.8277734375 0.54765625 0.03125 0.04583333333333333
cl4wezgys001w356h3eszw0sw 0 0.925 0.7416666666666667 0.040625 0.05
cl4wezhuc001z356h9y51sfb4 0 0.9456784018987342 0.8860759493670886 0.0390625 0.04583333333333333
cl4wezke40027356hnid29qy9 0 0.60234375 0.42200241046831954 0.0390625 0.06041666666666667
cl4wezmox002e356hyjm6vpmn 0 0.5990234375 0.7807291666666667 0.053125 0.05416666666666667
cl4weznry002h356h93a4kbrl 0 0.5241629464285714 0.681343005952381 0.0421875 0.04583333333333333
cl4wezoqx002l356hgdxbv8a9 0 0.4285 0.5382916666666666 0.04375 0.0625
cl4wezpz3002q356hwvtl31vv 0 0.44124856651376143 0.45291475535168196 0.0328125 0.04375
cl4wezqws002u356hsr2oigkr 0 0.40751201923076924 0.2833333333333333 0.0421875 0.058333333333333334
cl4wezrzq002y356hq6kf6ael 0 0.32150390624999997 0.3374479166666667 0.0328125 0.04375
cl4wezu960035356h2psu8brh 0 0.33523995535714285 0.26052827380952376 0.03125 0.04374999999999997
cl4wezw2q0039356hx63tml20 0 0.4046875 0.234375 0.0375 0.04791666666666667
cl4wezxd3003d356hnezyo6qa 0 0.4657948369565218 0.2751358695652174 0.028125 0.03958333333333333
cl4wf04fy003t356hoilp0zdy 0 0.8006392045454545 0.34842171717171716 0.03906249999999991 0.05
cl4wf05m2003x356ha8qligg6 0 0.6345768960674157 0.2209503745318352 0.0296875 0.04583333333333333
cl4wf06xq0040356hx18gw35b 0 0.58125 0.30165165165165164 0.0375 0.05416666666666667
cl4wf0afy004a356hkdxgi7g3 0 0.9068270596590908 0.19180279356060606 0.0453125 0.04791666666666667
cl4wf0bfi004e356hw8ze6alu 0 0.78984375 0.15 0.0421875 0.04583333333333333
cl4xlxfld000b356pb00h5yfx 0 0.51953125 0.03125 0.0390625 0.04583333333333333
cl4xmf82y000v356pjqkph1gz 0 0.27609374999999997 0.30062500000000003 0.0421875 0.05625
cl4xmqohy001c356pyl9kj1te 0 0.3145767405063291 0.1812236286919831 0.040625 0.05
cl4xmznqd001o356peyfv2xql 0 0.99453125 0.35 0.0109375 0.04583333333333333
cl4xn5yk20024356p3e6e065p 0 0.9128408394607843 0.984375 0.0359375 0.03125
cl4xn774t0028356prka0yutx 0 0.25625 0.021875 0.034375 0.04375
cl4xne3lx002g356pbd7ze170 0 0.77265625 0.6885416666666667 0.03125 0.04375
cl4xnhq29002o356pjjp6mcop 0 0.4005859375 0.3963541666666667 0.034375 0.04791666666666667
cl4xnkpg9002s356psk3rvf3n 0 0.64375 0.5989583333333334 0.028125 0.041666666666666664
cl4xnqgcw0038356pcbnyu55d 0 0.8933363970588235 0.8735906862745098 0.0328125 0.03958333333333333
cl4xnuowb003o356piziuwk96 0 0.02109375 0.9854166666666667 0.0296875 0.029166666666666667
cl4xnwccp003s356pcgd7ezg3 0 0.16811079545454546 0.0930871212121212 0.0359375 0.04791666666666667
cl4xnxhb8003w356puoycnvis 0 0.28125 0.058333333333333334 0.0296875 0.035416666666666666
