ckz3vqjlf000b3867lm528m2k 0 0.103125 0.24166666666666667 0.021875 0.029166666666666667
cl4weyuo90009356hxr59smjp 0 0.06514756944444444 0.5430555555555556 0.034375 0.039583333333333394
cl4weyxuc000d356hs8ui2qet 0 0.14445612980769232 0.34129607371794873 0.034375 0.04583333333333333
cl4weyyvn000h356hhekp3hcm 0 0.7736177884615385 0.6095352564102564 0.0296875 0.04375
cl4wez13n000o356ho4fcafi3 0 0.19436233108108109 0.73125 0.03281250000000002 0.04583333333333333
cl4wez248000r356hxmxncuzk 0 0.3013044724770642 0.6837872706422019 0.0375 0.05416666666666667
cl4wez35m000v356ho91qj1ps 0 0.4349946120689655 0.4660201149425287 0.0328125 0.041666666666666664
cl4wez42f000y356hkxx6e1cs 0 0.4125 0.7677083333333333 0.034375 0.03958333333333333
cl4wez5dr0012356hy5aioo3f 0 0.5331364329268292 0.8575965447154471 0.0359375 0.04791666666666667
cl4wez8o2001a356h7hvchli5 0 0.46037660256410257 0.7268429487179486 0.04375 0.052083333333333336
cl4wezaim001d356hmfktyvkm 0 0.7628429878048781 0.8940802845528456 0.0375 0.04375
cl4wezca1001h356hgsrm0ige 0 0.715625 0.8270833333333333 0.034375 0.058333333333333334
cl4wezdga001k356h50cpk5jb 0 0.87734375 0.9774479166666666 0.03703125000000007 0.03927083333333338
cl4wezefj001p356hdap5czbu 2 0.8106158088235293 0.5941789215686274 0.03124999999999991 0.04583333333333333
cl4wezfyy001s356hapqnkmsh 0 0.9744791666666668 0.7966224747474747 0.044791666666666605 0.05157828282828281
cl4wezgys001w356h3eszw0sw 0 0.925 0.7416666666666667 0.040625 0.05
cl4wezhuc001z356h9y51sfb4 0 0.9178777936590438 0.9324129417879418 0.0390625 0.03958333333333333
cl4wezke40027356hnid29qy9 0 0.5981770833333333 0.4354166666666667 0.0390625 0.06041666666666667
cl4wezlqg002a356hok6cmojl 0 0.1432221283783784 0.6194256756756756 0.0421875 0.058333333333333334
cl4wezmox002e356hyjm6vpmn 0 0.5603794642857143 0.7900297619047619 0.0390625 0.058333333333333334
cl4weznry002h356h93a4kbrl 0 0.484236273364486 0.7382982866043614 0.0421875 0.04583333333333333
cl4wezoqx002l356hgdxbv8a9 0 0.4196491745283019 0.5607311320754716 0.043750000000000046 0.0625
cl4wezpz3002q356hwvtl31vv 0 0.4470719004065041 0.47004573170731706 0.0328125 0.04375
cl4wezqws002u356hsr2oigkr 0 0.4246040239726027 0.3344748858447489 0.0421875 0.058333333333333334
cl4wezrzq002y356hq6kf6ael 0 0.31171875 0.35529891304347827 0.0328125 0.04375
cl4wezu960035356h2psu8brh 0 0.3285604508196721 0.2873292349726776 0.03125 0.04375
cl4wezw2q0039356hx63tml20 0 0.40192994505494506 0.2506753663003663 0.0375 0.04791666666666667
cl4wezxd3003d356hnezyo6qa 0 0.4607155054644808 0.26145833333333335 0.028125 0.03958333333333333
cl4wf00sd003l356h1i0o94od 0 0.35267952127659574 0.017265070921985815 0.03660904255319149 0.030363475177304963
cl4wf04fy003t356hoilp0zdy 0 0.7113042091836734 0.26305272108843536 0.0390625 0.05
cl4wf05m2003x356ha8qligg6 0 0.5857739825581396 0.26778100775193797 0.0265625 0.0458333333333333
cl4wf06xq0040356hx18gw35b 0 0.5796875 0.3061893430384472 0.0375 0.05416666666666667
cl4wf08be0043356h59jlarps 0 0.11953125 0.946875 0.0484375 0.04791666666666667
cl4wf0afy004a356hkdxgi7g3 0 0.9064594414893618 0.18777925531914894 0.0453125 0.04791666666666667
cl4wf0bfi004e356hw8ze6alu 0 0.7862773992890995 0.15118878357030016 0.0421875 0.04583333333333335
cl4wf0chk004h356h2e50ugry 0 0.9070776608910892 0.06552186468646864 0.0390625 0.04375
cl4xlv3j70003356p1771z5kq 0 0.22566964285714283 0.8061507936507937 0.034375 0.04583333333333333
cl4xlxfld000b356pb00h5yfx 0 0.51953125 0.03125 0.0390625 0.04583333333333333
cl4xma6i4000j356ptg824by4 0 0.9525102459016394 0.9740038706739526 0.041256830601092885 0.04702868852459012
cl4xmczp4000r356p5kgem2ty 0 0.6411658653846154 0.05424679487179487 0.0328125 0.04375
cl4xmf82y000v356pjqkph1gz 0 0.12734375 0.08482789855072465 0.0421875 0.05625
cl4xmiy2b0010356ptq250lto 0 0.09751420454545454 0.9739583333333334 0.0390625 0.052083333333333336
cl4xmn1pr0014356po774hc34 0 0.11688701923076923 0.3301282051282051 0.0359375 0.05416666666666667
cl4xmqohy001c356pyl9kj1te 0 0.20691964285714287 0.016071428571428573 0.03258928571428572 0.03214285714285715
cl4xmtqri001g356puyk4hg02 0 0.9785714285714286 0.7897321428571428 0.03125 0.041666666666666664
