ckz3vqjlf000b3867lm528m2k 0 0.103125 0.24166666666666667 0.021875 0.029166666666666667
cl4weyuo90009356hxr59smjp 0 0.11822916666666668 0.5517361111111111 0.034375 0.039583333333333276
cl4weyxuc000d356hs8ui2qet 0 0.1499071782178218 0.32937293729372935 0.034375 0.04583333333333333
cl4wez13n000o356ho4fcafi3 0 0.1924971350493653 0.7307651622002821 0.0328125 0.04583333333333333
cl4wez248000r356hxmxncuzk 0 0.3181974085365854 0.6751270325203252 0.0375 0.05416666666666667
cl4wez35m000v356ho91qj1ps 0 0.43640625 0.30812500000000004 0.0328125 0.041666666666666664
cl4wez42f000y356hkxx6e1cs 0 0.4483238636363637 0.7394886363636364 0.034375 0.03958333333333333
cl4wez5dr0012356hy5aioo3f 0 0.6261160714285714 0.9688988095238095 0.0359375 0.04791666666666667
cl4wez8o2001a356h7hvchli5 0 0.44021990740740746 0.6072145061728396 0.04375 0.052083333333333336
cl4wezaim001d356hmfktyvkm 0 0.7699746621621621 0.867652027027027 0.0375 0.04375
cl4wezca1001h356hgsrm0ige 0 0.715625 0.8270833333333333 0.034375 0.058333333333333334
cl4wezefj001p356hdap5czbu 2 0.8096434049079754 0.5804575664621676 0.03124999999999991 0.04583333333333333
cl4wezfyy001s356hapqnkmsh 0 0.9935872395833332 0.7863715277777777 0.012825520833333392 0.04375
cl4wezgys001w356h3eszw0sw 0 0.925 0.7416666666666667 0.040625 0.05
cl4wezhuc001z356h9y51sfb4 0 0.9244100765306122 0.9108630952380953 0.0390625 0.03958333333333333
cl4wezke40027356hnid29qy9 0 0.6016075721153846 0.4313100961538462 0.0390625 0.06041666666666667
cl4wezlqg002a356hok6cmojl 0 0.06037946428571428 0.9520833333333333 0.042187499999999996 0.058333333333333334
cl4wezmox002e356hyjm6vpmn 0 0.529079861111111 0.5592592592592592 0.0390625 0.05416666666666667
cl4weznry002h356h93a4kbrl 0 0.492236328125 0.726171875 0.0421875 0.04583333333333333
cl4wezoqx002l356hgdxbv8a9 0 0.41397688356164386 0.5602454337899544 0.04375 0.0625
cl4wezpz3002q356hwvtl31vv 0 0.43671875 0.4869264981273408 0.0328125 0.04375
cl4wezqws002u356hsr2oigkr 0 0.4281709558823529 0.3056372549019608 0.0421875 0.058333333333333334
cl4wezrzq002y356hq6kf6ael 0 0.31171875 0.3533187984496124 0.0328125 0.04375
cl4wezu960035356h2psu8brh 0 0.321410472972973 0.29659346846846846 0.03125 0.04375
cl4wezw2q0039356hx63tml20 0 0.40285714285714286 0.24449404761904764 0.0375 0.04791666666666667
cl4wezxd3003d356hnezyo6qa 0 0.4624701812977099 0.2573711832061069 0.028125 0.039583333333333366
cl4wf00sd003l356h1i0o94od 0 0.35134943181818185 0.008522727272727272 0.033948863636363624 0.017045454545454544
cl4wf04fy003t356hoilp0zdy 0 0.735625 0.2906845238095238 0.0390625 0.05000000000000003
cl4wf05m2003x356ha8qligg6 0 0.5980754573170731 0.2568936314363144 0.0265625 0.04583333333333333
cl4wf06xq0040356hx18gw35b 0 0.5796875 0.30366974617394554 0.0375 0.05416666666666667
cl4wf0afy004a356hkdxgi7g3 0 0.9084343112244898 0.184375 0.0453125 0.04791666666666667
cl4wf0bfi004e356hw8ze6alu 0 0.7878769253554502 0.15065560821484994 0.0421875 0.04583333333333335
cl4wf0chk004h356h2e50ugry 0 0.9203037219101123 0.043246722846441946 0.0390625 0.04375
cl4xlxfld000b356pb00h5yfx 0 0.51953125 0.03125 0.0390625 0.04583333333333333
cl4xma6i4000j356ptg824by4 0 0.9488591269841271 0.9538855820105819 0.040625 0.052083333333333336
cl4xmf82y000v356pjqkph1gz 0 0.11243489583333333 0.1217013888888889 0.04218749999999999 0.056250000000000015
cl4xmiy2b0010356ptq250lto 0 0.3615625 0.9004166666666666 0.046875 0.05
cl4xmqohy001c356pyl9kj1te 0 0.2328125 0.12990702479338842 0.040625 0.04999999999999998
cl4xmx044001k356pqs3juiuc 0 0.14857954545454546 0.2543560606060606 0.04375 0.05416666666666667
cl4xmznqd001o356peyfv2xql 0 0.9767812499999999 0.27670833333333333 0.0359375 0.05625
cl4xn0wfj001s356p4pw01850 0 0.1197265625 0.37864583333333335 0.0359375 0.05625
cl4xn23u5001w356pmea4ihh3 0 0.9778125 0.27458333333333335 0.034375 0.06250000000000003
cl4xn3b1s0020356pfr6fl67e 0 0.40640625 0.8910416666666666 0.04531250000000005 0.052083333333333336
cl4xn5yk20024356p3e6e065p 0 0.9107460171568628 0.984375 0.0359375 0.03125
cl4xne3lx002g356pbd7ze170 0 0.8791360294117647 0.9742034313725491 0.03125 0.04375
