ckz3vqjlf000b3867lm528m2k 0 0.103125 0.24166666666666667 0.021875 0.029166666666666667
cl4weyuo90009356hxr59smjp 0 0.10254934210526316 0.5397478070175439 0.03437500000000001 0.03958333333333333
cl4weyxuc000d356hs8ui2qet 0 0.15438432835820898 0.31728855721393034 0.034375 0.04583333333333333
cl4wez13n000o356ho4fcafi3 0 0.1948375793370945 0.729724964739069 0.0328125 0.04583333333333333
cl4wez248000r356hxmxncuzk 0 0.3388907967032967 0.6521749084249084 0.0375 0.05416666666666667
cl4wez35m000v356ho91qj1ps 0 0.5387276785714286 0.16763392857142856 0.0328125 0.041666666666666664
cl4wez42f000y356hkxx6e1cs 0 0.4651595744680851 0.7172207446808511 0.034375 0.03958333333333333
cl4wez8o2001a356h7hvchli5 0 0.446875 0.4616987179487179 0.04375 0.052083333333333336
cl4wezaim001d356hmfktyvkm 0 0.8104817708333334 0.843576388888889 0.03750000000000009 0.04375
cl4wezca1001h356hgsrm0ige 0 0.715625 0.8270833333333333 0.034375 0.058333333333333334
cl4wezefj001p356hdap5czbu 2 0.8148755081300812 0.5614159891598917 0.03125 0.04583333333333333
cl4wezgys001w356h3eszw0sw 0 0.925 0.7416666666666667 0.040625 0.05
cl4wezhuc001z356h9y51sfb4 0 0.9325120192307692 0.8954326923076923 0.0390625 0.042467948717948664
cl4wezke40027356hnid29qy9 0 0.60234375 0.4259900137741047 0.0390625 0.06041666666666667
cl4wezmox002e356hyjm6vpmn 0 0.6704326923076923 0.6783653846153846 0.046875 0.05416666666666667
cl4weznry002h356h93a4kbrl 0 0.5204876077586207 0.692474856321839 0.0421875 0.04583333333333333
cl4wezoqx002l356hgdxbv8a9 0 0.4186741504854369 0.5418689320388349 0.043749999999999956 0.0625
cl4wezpz3002q356hwvtl31vv 0 0.4421688988095238 0.4553571428571429 0.0328125 0.04375
cl4wezqws002u356hsr2oigkr 0 0.43671875 0.29791666666666666 0.0421875 0.058333333333333334
cl4wezrzq002y356hq6kf6ael 0 0.319619140625 0.34247395833333333 0.0328125 0.04375
cl4wezu960035356h2psu8brh 0 0.32735197368421054 0.27505482456140345 0.03125 0.04374999999999997
cl4wezw2q0039356hx63tml20 0 0.4045968430034129 0.2348585039817975 0.03749999999999996 0.04791666666666667
cl4wezxd3003d356hnezyo6qa 0 0.4678668478260869 0.2649909420289855 0.028125 0.039583333333333304
cl4wf04fy003t356hoilp0zdy 0 0.7635472074468085 0.3145833333333333 0.0390625 0.05
cl4wf05m2003x356ha8qligg6 0 0.6205869932432433 0.23248873873873874 0.0296875 0.04583333333333333
cl4wf06xq0040356hx18gw35b 0 0.58125 0.2964317375886525 0.0375 0.05416666666666667
cl4wf0afy004a356hkdxgi7g3 0 0.90546875 0.19270833333333334 0.0453125 0.04791666666666667
cl4wf0bfi004e356hw8ze6alu 0 0.78984375 0.15 0.0421875 0.04583333333333333
cl4wf0chk004h356h2e50ugry 0 0.9466032608695653 0.021875 0.0390625 0.04375
cl4xlxfld000b356pb00h5yfx 0 0.51953125 0.03125 0.0390625 0.04583333333333333
cl4xmf82y000v356pjqkph1gz 0 0.22724609375 0.26328125 0.0421875 0.05625
cl4xmiy2b0010356ptq250lto 0 0.6499289772727272 0.9639204545454546 0.0359375 0.04375
cl4xmqohy001c356pyl9kj1te 0 0.3078125 0.19885416666666667 0.040625 0.05
cl4xmznqd001o356peyfv2xql 0 0.99453125 0.35 0.0109375 0.04583333333333333
cl4xn3b1s0020356pfr6fl67e 0 0.86796875 0.7356770833333334 0.0453125 0.052083333333333336
cl4xn5yk20024356p3e6e065p 0 0.9121017156862745 0.984375 0.0359375 0.03125
cl4xn774t0028356prka0yutx 0 0.15558035714285715 0.2635416666666667 0.0375 0.04583333333333333
cl4xne3lx002g356pbd7ze170 0 0.804375 0.8132083333333333 0.03124999999999991 0.04375
cl4xnhq29002o356pjjp6mcop 0 0.4130859375 0.31536458333333334 0.034375 0.04791666666666667
cl4xnkpg9002s356psk3rvf3n 0 0.7075 0.10916666666666666 0.028125 0.041666666666666664
cl4xnqgcw0038356pcbnyu55d 0 0.9427083333333334 0.9597222222222223 0.0265625 0.03333333333333333
