ckz3vqjlf000b3867lm528m2k 0 0.103125 0.24166666666666667 0.021875 0.029166666666666667
cl4weyuo90009356hxr59smjp 0 0.071875 0.5313392857142857 0.034375 0.03958333333333333
cl4weyxuc000d356hs8ui2qet 0 0.1442608173076923 0.3416866987179487 0.034375 0.04583333333333333
cl4weyyvn000h356hhekp3hcm 0 0.7121995192307693 0.5951121794871794 0.0296875 0.04375
cl4wez13n000o356ho4fcafi3 0 0.19418519295302014 0.731557606263982 0.03281250000000002 0.04583333333333333
cl4wez248000r356hxmxncuzk 0 0.29906823394495413 0.6854644495412844 0.0375 0.05416666666666667
cl4wez35m000v356ho91qj1ps 0 0.437109375 0.49166666666666664 0.0328125 0.041666666666666664
cl4wez42f000y356hkxx6e1cs 0 0.3997395833333333 0.7746527777777777 0.034374999999999954 0.03958333333333333
cl4wez5dr0012356hy5aioo3f 0 0.52734375 0.861545138888889 0.0359375 0.04791666666666667
cl4wez8o2001a356h7hvchli5 0 0.45617559523809526 0.7444940476190476 0.04375 0.052083333333333336
cl4wezaim001d356hmfktyvkm 0 0.7633384146341464 0.8960619918699188 0.0375 0.04375
cl4wezca1001h356hgsrm0ige 0 0.715625 0.8270833333333333 0.034375 0.058333333333333334
cl4wezdga001k356h50cpk5jb 0 0.8568749999999999 0.9208333333333333 0.0390625 0.05416666666666667
cl4wezefj001p356hdap5czbu 2 0.809375 0.5972100815850816 0.03125 0.04583333333333333
cl4wezfyy001s356hapqnkmsh 0 0.9734375 0.7978877314814814 0.046875 0.052083333333333336
cl4wezgys001w356h3eszw0sw 0 0.925 0.7416666666666667 0.040625 0.05
cl4wezhuc001z356h9y51sfb4 0 0.9177511044698544 0.9325818607068608 0.0390625 0.03958333333333333
cl4wezke40027356hnid29qy9 0 0.5977046996124031 0.4363614341085272 0.0390625 0.06041666666666667
cl4wezlqg002a356hok6cmojl 0 0.18035300925925926 0.580787037037037 0.0421875 0.058333333333333334
cl4wezmox002e356hyjm6vpmn 0 0.57470703125 0.794140625 0.0390625 0.058333333333333334
cl4weznry002h356h93a4kbrl 0 0.4833820093457944 0.7400068146417446 0.0421875 0.04583333333333333
cl4wezoqx002l356hgdxbv8a9 0 0.42022405660377354 0.5622641509433962 0.043749999999999956 0.06250000000000006
cl4wezpz3002q356hwvtl31vv 0 0.4460810467479675 0.4740091463414634 0.0328125 0.04375
cl4wezqws002u356hsr2oigkr 0 0.4218039772727272 0.3301136363636364 0.0421875 0.058333333333333334
cl4wezrzq002y356hq6kf6ael 0 0.31206173780487806 0.35566565040650405 0.0328125 0.04375
cl4wezu960035356h2psu8brh 0 0.3295594262295082 0.28932718579234973 0.03125 0.04375
cl4wezw2q0039356hx63tml20 0 0.4017960164835165 0.25156822344322344 0.03749999999999996 0.047916666666666635
cl4wezxd3003d356hnezyo6qa 0 0.4600495218579235 0.26145833333333335 0.028125 0.03958333333333333
cl4wf00sd003l356h1i0o94od 0 0.35285239361702125 0.01784131205673759 0.03695478723404255 0.031515957446808504
cl4wf04fy003t356hoilp0zdy 0 0.70665625 0.2669166666666667 0.0390625 0.05
cl4wf05m2003x356ha8qligg6 0 0.5836482558139535 0.2687257751937985 0.0265625 0.04583333333333333
cl4wf06xq0040356hx18gw35b 0 0.5796875 0.3065532848077641 0.0375 0.05416666666666667
cl4wf08be0043356h59jlarps 0 0.1863581730769231 0.9117788461538461 0.0484375 0.04791666666666667
cl4wf0afy004a356hkdxgi7g3 0 0.9072373670212766 0.18881648936170212 0.0453125 0.04791666666666667
cl4wf0bfi004e356hw8ze6alu 0 0.7860463566350712 0.15126579778830965 0.042187500000000086 0.04583333333333335
cl4wf0chk004h356h2e50ugry 0 0.9059956395348838 0.06746608527131782 0.0390625 0.04375
cl4xlv3j70003356p1771z5kq 0 0.290234375 0.7841145833333333 0.034375 0.04583333333333333
cl4xlxfld000b356pb00h5yfx 0 0.51953125 0.03125 0.0390625 0.04583333333333333
cl4xma6i4000j356ptg824by4 0 0.9530097336065573 0.9762238160291439 0.04158982240437155 0.04436475409836061
cl4xmczp4000r356p5kgem2ty 0 0.6299753289473684 0.15104166666666666 0.0328125 0.04375
cl4xmf82y000v356pjqkph1gz 0 0.12421875 0.08020833333333334 0.0421875 0.05625
cl4xmiy2b0010356ptq250lto 0 0.06044034090909091 0.96875 0.0390625 0.053030303030303115
cl4xmn1pr0014356po774hc34 0 0.034915865384615385 0.4025641025641026 0.0359375 0.05416666666666667
cl4xmp20f0018356prwcb12ol 0 0.3470982142857143 0.04434523809523809 0.03839285714285712 0.06011904761904762
cl4xmtqri001g356puyk4hg02 0 0.9890625 0.6552083333333333 0.021875 0.03958333333333333
