ckz3vqjlf000b3867lm528m2k 0 0.103125 0.24166666666666667 0.021875 0.029166666666666667
cl4weyuo90009356hxr59smjp 0 0.1330078125 0.4752604166666667 0.034375 0.03958333333333333
cl4weyxuc000d356hs8ui2qet 0 0.1865757042253521 0.3087441314553991 0.034375 0.04583333333333333
cl4wez13n000o356ho4fcafi3 0 0.20989583333333334 0.7331597222222223 0.03281250000000002 0.04583333333333333
cl4wez248000r356hxmxncuzk 0 0.3709429824561404 0.6413559941520468 0.0375 0.057273391812865525
cl4wez35m000v356ho91qj1ps 0 0.5839738175675675 0.2663851351351351 0.0328125 0.041666666666666664
cl4wez42f000y356hkxx6e1cs 0 0.49447916666666664 0.6854861111111111 0.034375 0.03958333333333333
cl4wez8o2001a356h7hvchli5 0 0.4875 0.2850694444444445 0.04375 0.05208333333333336
cl4wezaim001d356hmfktyvkm 0 0.8401442307692308 0.8862980769230769 0.0375 0.04375
cl4wezca1001h356hgsrm0ige 0 0.715625 0.8270833333333333 0.034375 0.058333333333333334
cl4wezefj001p356hdap5czbu 2 0.8296875 0.5375 0.03125 0.04583333333333333
cl4wezgys001w356h3eszw0sw 0 0.925 0.7416666666666667 0.040625 0.05
cl4wezhuc001z356h9y51sfb4 0 0.95546875 0.88125 0.0390625 0.04583333333333333
cl4wezke40027356hnid29qy9 0 0.6034083104395604 0.4197916666666667 0.0390625 0.06041666666666667
cl4wezmox002e356hyjm6vpmn 0 0.5350142045454545 0.751010101010101 0.04578598484848486 0.05416666666666667
cl4weznry002h356h93a4kbrl 0 0.5372395833333333 0.6663194444444444 0.0421875 0.04583333333333333
cl4wezoqx002l356hgdxbv8a9 0 0.4296875 0.5315237226277372 0.04375 0.06249999999999994
cl4wezpz3002q356hwvtl31vv 0 0.43984375 0.4510416666666667 0.0328125 0.04375
cl4wezqws002u356hsr2oigkr 0 0.4209598214285714 0.279047619047619 0.0361160714285715 0.05428571428571427
cl4wezrzq002y356hq6kf6ael 0 0.32265625 0.334375 0.0328125 0.04375
cl4wezu960035356h2psu8brh 0 0.33333333333333337 0.23715277777777777 0.03125 0.04375
cl4wezw2q0039356hx63tml20 0 0.4046875 0.234375 0.0375 0.04791666666666667
cl4wezxd3003d356hnezyo6qa 0 0.46763392857142855 0.278125 0.028125 0.03958333333333333
cl4wf04fy003t356hoilp0zdy 0 0.8365985576923076 0.36714743589743587 0.0390625 0.05
cl4wf05m2003x356ha8qligg6 0 0.63984375 0.2125 0.0296875 0.04583333333333333
cl4wf06xq0040356hx18gw35b 0 0.58125 0.2984797297297297 0.0375 0.05416666666666667
cl4wf0afy004a356hkdxgi7g3 0 0.9083274147727274 0.1908025568181818 0.0453125 0.04791666666666667
cl4wf0bfi004e356hw8ze6alu 0 0.78984375 0.15 0.0421875 0.04583333333333333
cl4xlxfld000b356pb00h5yfx 0 0.51953125 0.03125 0.0390625 0.04583333333333333
cl4xmf82y000v356pjqkph1gz 0 0.3052604166666667 0.38479166666666664 0.0421875 0.05625
cl4xmqohy001c356pyl9kj1te 0 0.3334490740740741 0.15300925925925926 0.040625 0.05
cl4xmznqd001o356peyfv2xql 0 0.99453125 0.35 0.0109375 0.04583333333333333
cl4xn5yk20024356p3e6e065p 0 0.91328125 0.984375 0.0359375 0.03125
cl4xn774t0028356prka0yutx 0 0.26432291666666663 0.3611111111111111 0.034375 0.04375
cl4xne3lx002g356pbd7ze170 0 0.7430947580645161 0.5721438172043011 0.03125 0.04375
cl4xnhq29002o356pjjp6mcop 0 0.2438701923076923 0.5032852564102563 0.034375 0.04791666666666667
cl4xnqgcw0038356pcbnyu55d 0 0.8274925595238095 0.8853670634920635 0.0328125 0.03958333333333333
cl4xnsckt003c356pmcyaeudd 0 0.9259615384615383 0.9696314102564102 0.03509615384615383 0.03669871794871789
cl4xntqox003k356pqgw880oc 0 0.88828125 0.3104166666666667 0.0359375 0.04583333333333333
cl4xnyvvb0040356p3vqqo9nf 0 0.29432565789473686 0.20723684210526316 0.03125 0.041666666666666664
