ckz3vqjlf000b3867lm528m2k 0 0.103125 0.24166666666666667 0.021875 0.029166666666666667
cl4weyuo90009356hxr59smjp 0 0.11827330508474576 0.48991878531073446 0.034375 0.03958333333333333
cl4weyxuc000d356hs8ui2qet 0 0.17676339285714288 0.3143154761904762 0.034375 0.04583333333333333
cl4wez13n000o356ho4fcafi3 0 0.1984250992063492 0.7322751322751323 0.0328125 0.04583333333333333
cl4wez248000r356hxmxncuzk 0 0.35622596153846153 0.6442788461538461 0.0375 0.05416666666666667
cl4wez35m000v356ho91qj1ps 0 0.5870659722222222 0.23032407407407407 0.0328125 0.041666666666666664
cl4wez42f000y356hkxx6e1cs 0 0.4846328883495145 0.6952568770226537 0.034375 0.03958333333333333
cl4wez8o2001a356h7hvchli5 0 0.46921452702702704 0.356615990990991 0.04375 0.052083333333333336
cl4wezaim001d356hmfktyvkm 0 0.8319542253521126 0.8711414319248827 0.0375 0.04375
cl4wezca1001h356hgsrm0ige 0 0.715625 0.8270833333333333 0.034375 0.058333333333333334
cl4wezefj001p356hdap5czbu 2 0.8296875 0.5422297297297297 0.03125 0.04583333333333333
cl4wezgys001w356h3eszw0sw 0 0.925 0.7416666666666667 0.040625 0.05
cl4wezhuc001z356h9y51sfb4 0 0.9487639925373135 0.8848258706467662 0.0390625 0.04583333333333333
cl4wezke40027356hnid29qy9 0 0.60234375 0.4210933195592287 0.0390625 0.06041666666666667
cl4wezmox002e356hyjm6vpmn 0 0.5784007352941176 0.7873774509803921 0.053125 0.05416666666666667
cl4weznry002h356h93a4kbrl 0 0.5270656779661017 0.6789724576271187 0.0421875 0.04583333333333333
cl4wezoqx002l356hgdxbv8a9 0 0.4296875 0.5372262773722628 0.04375 0.06250000000000006
cl4wezpz3002q356hwvtl31vv 0 0.4406178325688074 0.4520737767584098 0.0328125 0.04375
cl4wezqws002u356hsr2oigkr 0 0.40069196428571424 0.29190476190476194 0.042187499999999954 0.05833333333333336
cl4wezrzq002y356hq6kf6ael 0 0.32193359374999997 0.33630208333333333 0.0328125 0.04375
cl4wezu960035356h2psu8brh 0 0.33250411184210527 0.25441337719298246 0.03125 0.04375000000000003
cl4wezw2q0039356hx63tml20 0 0.4046875 0.234375 0.0375 0.04791666666666667
cl4wezxd3003d356hnezyo6qa 0 0.465625 0.2765959480122324 0.028125 0.03958333333333333
cl4wf04fy003t356hoilp0zdy 0 0.8016885080645162 0.35833333333333334 0.03906250000000009 0.05
cl4wf05m2003x356ha8qligg6 0 0.6361218398876405 0.21786048689138576 0.0296875 0.04583333333333333
cl4wf06xq0040356hx18gw35b 0 0.58125 0.30082582582582584 0.0375 0.05416666666666667
cl4wf0afy004a356hkdxgi7g3 0 0.9072176846590908 0.19154237689393938 0.0453125 0.04791666666666667
cl4wf0bfi004e356hw8ze6alu 0 0.78984375 0.15 0.0421875 0.04583333333333333
cl4xlxfld000b356pb00h5yfx 0 0.51953125 0.03125 0.0390625 0.04583333333333333
cl4xmf82y000v356pjqkph1gz 0 0.27198660714285716 0.321875 0.0421875 0.05625
cl4xmqohy001c356pyl9kj1te 0 0.3167594178082192 0.1781392694063927 0.040625 0.05
cl4xmznqd001o356peyfv2xql 0 0.99453125 0.35 0.0109375 0.04583333333333333
cl4xn5yk20024356p3e6e065p 0 0.9130093443627452 0.984375 0.0359375 0.03125
cl4xn774t0028356prka0yutx 0 0.27024739583333335 0.09079861111111112 0.034375 0.04375
cl4xne3lx002g356pbd7ze170 0 0.76171875 0.653125 0.03125 0.04375
cl4xnhq29002o356pjjp6mcop 0 0.348125 0.38645833333333335 0.034375 0.04791666666666667
cl4xnkpg9002s356psk3rvf3n 0 0.6508522727272728 0.7287878787878788 0.028125 0.041666666666666664
cl4xnqgcw0038356pcbnyu55d 0 0.8796875 0.871875 0.0328125 0.03958333333333333
