ckz3vqjlf000b3867lm528m2k 0 0.103125 0.24166666666666667 0.021875 0.029166666666666667
cl4weyuo90009356hxr59smjp 0 0.07214033018867924 0.5265919811320754 0.034375 0.039583333333333276
cl4weyxuc000d356hs8ui2qet 0 0.14352463942307692 0.3431590544871795 0.034375 0.04583333333333333
cl4weyyvn000h356hhekp3hcm 0 0.5447265625 0.480078125 0.0296875 0.04375
cl4wez06n000l356hmx66narq 0 0.041796875 0.36484375 0.028125 0.041666666666666664
cl4wez13n000o356ho4fcafi3 0 0.19264366610738257 0.7329278523489933 0.03281250000000002 0.04583333333333333
cl4wez248000r356hxmxncuzk 0 0.29063933486238536 0.691786123853211 0.0375 0.05416666666666667
cl4wez35m000v356ho91qj1ps 0 0.448046875 0.5941666666666666 0.0328125 0.041666666666666664
cl4wez42f000y356hkxx6e1cs 0 0.37839439655172413 0.7798491379310345 0.034375 0.03958333333333333
cl4wez5dr0012356hy5aioo3f 0 0.5163335755813954 0.8763485142118863 0.0359375 0.04791666666666667
cl4wez8o2001a356h7hvchli5 0 0.45449810606060603 0.8327335858585858 0.04375 0.052083333333333336
cl4wezaim001d356hmfktyvkm 0 0.7640625 0.8999400087260035 0.0375 0.04375
cl4wezca1001h356hgsrm0ige 0 0.7141813858695653 0.8261209239130435 0.034375 0.058333333333333334
cl4wezdga001k356h50cpk5jb 0 0.9466145833333334 0.7166666666666667 0.0359375 0.04583333333333333
cl4wezefj001p356hdap5czbu 2 0.809375 0.6068473193473193 0.03125 0.04583333333333333
cl4wezfyy001s356hapqnkmsh 0 0.9734375 0.8021412037037037 0.046875 0.052083333333333336
cl4wezgys001w356h3eszw0sw 0 0.925 0.7416666666666667 0.040625 0.05
cl4wezhuc001z356h9y51sfb4 0 0.9172735836798337 0.9332185550935551 0.0390625 0.03958333333333333
cl4wezke40027356hnid29qy9 0 0.5954763719512195 0.4400914634146342 0.0390625 0.06041666666666667
cl4wezlqg002a356hok6cmojl 0 0.34794034090909093 0.49753787878787875 0.0421875 0.058333333333333334
cl4wezmox002e356hyjm6vpmn 0 0.630234375 0.7702083333333333 0.0390625 0.058333333333333334
cl4weznry002h356h93a4kbrl 0 0.48046875 0.746268656716418 0.0421875 0.04583333333333333
cl4wezoqx002l356hgdxbv8a9 0 0.4484375 0.5611111111111111 0.04375 0.06249999999999994
cl4wezpz3002q356hwvtl31vv 0 0.44372033227848096 0.4868978551336146 0.0328125 0.04375
cl4wezqws002u356hsr2oigkr 0 0.4259324596774194 0.3629032258064516 0.0421875 0.058333333333333334
cl4wezrzq002y356hq6kf6ael 0 0.31328125 0.3572916666666667 0.0328125 0.04375
cl4wezu960035356h2psu8brh 0 0.33072916666666663 0.2947916666666667 0.03125 0.04375
cl4wezw2q0039356hx63tml20 0 0.4008277529761905 0.2550843253968254 0.03750000000000005 0.0479166666666667
cl4wezxd3003d356hnezyo6qa 0 0.4562401729559748 0.26124868972746335 0.028125 0.03958333333333333
cl4wf00sd003l356h1i0o94od 0 0.35350398936170213 0.020013297872340425 0.038257978723404265 0.035859929078014184
cl4wf04fy003t356hoilp0zdy 0 0.6962962962962963 0.25007716049382717 0.0390625 0.05
cl4wf05m2003x356ha8qligg6 0 0.5731584821428571 0.27291666666666664 0.0265625 0.04583333333333333
cl4wf06xq0040356hx18gw35b 0 0.5796875 0.30792506532288166 0.0375 0.05416666666666667
cl4wf08be0043356h59jlarps 0 0.4015964673913044 0.7187047101449274 0.04843750000000004 0.04791666666666667
cl4wf0afy004a356hkdxgi7g3 0 0.906809971098266 0.19252769749518303 0.0453125 0.04791666666666667
cl4wf0bfi004e356hw8ze6alu 0 0.7851755035545024 0.15155608214849922 0.0421875 0.04583333333333333
cl4wf0chk004h356h2e50ugry 0 0.9008107311320754 0.0744693396226415 0.0390625 0.04375
cl4xlv3j70003356p1771z5kq 0 0.5164620535714286 0.6421875 0.034375 0.04583333333333333
cl4xlxfld000b356pb00h5yfx 0 0.51953125 0.03125 0.0390625 0.04583333333333333
cl4xma6i4000j356ptg824by4 0 0.9466145833333333 0.983449074074074 0.03489583333333339 0.0331018518518519
cl4xmb25y000n356pqvwcm5hf 0 0.9828125 0.14479166666666668 0.034375 0.052083333333333336
cl4xmf82y000v356pjqkph1gz 0 0.18015625 0.019479166666666665 0.03531249999999999 0.03895833333333333
