ckz3vqjlf000b3867lm528m2k 0 0.103125 0.24166666666666667 0.021875 0.029166666666666667
cl4weyuo90009356hxr59smjp 0 0.10596590909090908 0.562594696969697 0.03437499999999999 0.03958333333333333
cl4weyxuc000d356hs8ui2qet 0 0.14234807312252964 0.32020750988142294 0.034375 0.04583333333333333
cl4wez13n000o356ho4fcafi3 0 0.19335662023977435 0.7303831687823226 0.0328125 0.04583333333333333
cl4wez248000r356hxmxncuzk 0 0.3242086038961039 0.6646103896103897 0.0375 0.05416666666666667
cl4wez35m000v356ho91qj1ps 0 0.44390625000000006 0.23583333333333334 0.0328125 0.041666666666666664
cl4wez42f000y356hkxx6e1cs 0 0.4520408163265306 0.7264668367346939 0.034375 0.03958333333333333
cl4wez5dr0012356hy5aioo3f 0 0.6810697115384615 0.9890224358974359 0.028485576923076916 0.021955128205128224
cl4wez8o2001a356h7hvchli5 0 0.4375 0.5375 0.04375 0.052083333333333336
cl4wezaim001d356hmfktyvkm 0 0.7828125 0.8556356837606838 0.0375 0.04375
cl4wezca1001h356hgsrm0ige 0 0.715625 0.8270833333333333 0.034375 0.058333333333333334
cl4wezefj001p356hdap5czbu 2 0.8065732758620691 0.572485632183908 0.03125000000000009 0.04583333333333333
cl4wezgys001w356h3eszw0sw 0 0.925 0.7416666666666667 0.040625 0.05
cl4wezhuc001z356h9y51sfb4 0 0.9264827806122449 0.9044146825396825 0.0390625 0.03958333333333333
cl4wezke40027356hnid29qy9 0 0.60234375 0.4306181129476584 0.0390625 0.06041666666666667
cl4wezmox002e356hyjm6vpmn 0 0.609375 0.5320833333333332 0.046875 0.054166666666666606
cl4weznry002h356h93a4kbrl 0 0.5047526041666667 0.7115885416666666 0.0421875 0.04583333333333333
cl4wezoqx002l356hgdxbv8a9 0 0.413818359375 0.546484375 0.04375 0.0625
cl4wezpz3002q356hwvtl31vv 0 0.43928285256410254 0.47716346153846156 0.0328125 0.04375
cl4wezqws002u356hsr2oigkr 0 0.42535895270270274 0.29786036036036034 0.0421875 0.058333333333333334
cl4wezrzq002y356hq6kf6ael 0 0.3138380028735632 0.34888649425287355 0.0328125 0.04375
cl4wezu960035356h2psu8brh 0 0.3176641949152542 0.28748234463276834 0.03125 0.04374999999999997
cl4wezw2q0039356hx63tml20 0 0.40340230375426617 0.24122937997724686 0.03749999999999996 0.04791666666666667
cl4wezxd3003d356hnezyo6qa 0 0.4655691964285714 0.25863095238095235 0.028125 0.03958333333333333
cl4wf00sd003l356h1i0o94od 0 0.3501271802325581 0.00685562015503876 0.022529069767441845 0.01371124031007752
cl4wf04fy003t356hoilp0zdy 0 0.74453125 0.2916666666666667 0.0390625 0.05
cl4wf05m2003x356ha8qligg6 0 0.6078725961538461 0.24451923076923077 0.029399038461538483 0.04583333333333333
cl4wf06xq0040356hx18gw35b 0 0.5796875 0.3024566069428891 0.0375 0.05416666666666667
cl4wf0afy004a356hkdxgi7g3 0 0.9089192708333333 0.1865740740740741 0.0453125 0.04791666666666667
cl4wf0bfi004e356hw8ze6alu 0 0.788647067535545 0.15039889415481833 0.042187500000000086 0.04583333333333335
cl4wf0chk004h356h2e50ugry 0 0.9318446828358209 0.029057835820895526 0.0390625 0.04375
cl4xlxfld000b356pb00h5yfx 0 0.51953125 0.03125 0.0390625 0.04583333333333333
cl4xma6i4000j356ptg824by4 0 0.92265625 0.9833333333333333 0.0328125 0.03333333333333333
cl4xmf82y000v356pjqkph1gz 0 0.15597426470588235 0.16482843137254904 0.0421875 0.05625
cl4xmiy2b0010356ptq250lto 0 0.4638104838709677 0.8593413978494624 0.046875 0.05
cl4xmqohy001c356pyl9kj1te 0 0.23928571428571427 0.16607142857142856 0.040625 0.05
cl4xmx044001k356pqs3juiuc 0 0.046875 0.33875 0.04375 0.05416666666666667
cl4xmznqd001o356peyfv2xql 0 0.9927083333333332 0.3346064814814815 0.014583333333333393 0.04745370370370369
cl4xn23u5001w356pmea4ihh3 0 0.994140625 0.3247916666666667 0.01171875 0.03999999999999997
cl4xn3b1s0020356pfr6fl67e 0 0.5379415760869566 0.8673460144927536 0.0453125 0.052083333333333336
cl4xn5yk20024356p3e6e065p 0 0.9112438725490197 0.984375 0.0359375 0.03125
cl4xn774t0028356prka0yutx 0 0.3689453125 0.18489583333333334 0.0375 0.04791666666666667
cl4xne3lx002g356pbd7ze170 0 0.8426682692307692 0.9262019230769231 0.03125 0.04375
cl4xnhq29002o356pjjp6mcop 0 0.15 0.4635416666666667 0.034375 0.03958333333333333
cl4xnnibs002w356pt04k2r7z 0 0.9875 0.9229166666666667 0.025 0.035416666666666666
cl4xnosel0030356pcdlyenp4 0 0.9170454545454545 0.978219696969697 0.03125 0.0375
