ckz3vqjlf000b3867lm528m2k 0 0.103125 0.24166666666666667 0.021875 0.029166666666666667
cl4weyuo90009356hxr59smjp 0 0.09731907894736842 0.5443969298245613 0.034375 0.039583333333333276
cl4weyxuc000d356hs8ui2qet 0 0.14779520750988143 0.3191699604743083 0.034375 0.04583333333333333
cl4wez13n000o356ho4fcafi3 0 0.1941896597320169 0.7300129290079925 0.0328125 0.04583333333333333
cl4wez248000r356hxmxncuzk 0 0.3308799342105263 0.6572368421052631 0.0375 0.05416666666666667
cl4wez35m000v356ho91qj1ps 0 0.498828125 0.16575520833333332 0.0328125 0.041666666666666664
cl4wez42f000y356hkxx6e1cs 0 0.46152012711864404 0.7213453389830509 0.034375 0.03958333333333333
cl4wez8o2001a356h7hvchli5 0 0.4440340909090909 0.4851325757575758 0.04375 0.052083333333333336
cl4wezaim001d356hmfktyvkm 0 0.8021286231884058 0.8290307971014492 0.03750000000000009 0.04375
cl4wezca1001h356hgsrm0ige 0 0.715625 0.8270833333333333 0.034375 0.058333333333333334
cl4wezefj001p356hdap5czbu 2 0.8099676724137931 0.5679597701149426 0.03125 0.04583333333333333
cl4wezgys001w356h3eszw0sw 0 0.925 0.7416666666666667 0.040625 0.05
cl4wezhuc001z356h9y51sfb4 0 0.9284917091836734 0.8981646825396825 0.0390625 0.03958333333333333
cl4wezke40027356hnid29qy9 0 0.60234375 0.4280148071625344 0.0390625 0.06041666666666667
cl4wezmox002e356hyjm6vpmn 0 0.6765024038461538 0.6006410256410256 0.046875 0.05416666666666667
cl4weznry002h356h93a4kbrl 0 0.5138873922413792 0.701275143678161 0.0421875 0.04583333333333333
cl4wezoqx002l356hgdxbv8a9 0 0.41623046874999997 0.5475781249999999 0.04375 0.06249999999999994
cl4wezpz3002q356hwvtl31vv 0 0.4399925595238095 0.46522817460317456 0.0328125 0.04375
cl4wezqws002u356hsr2oigkr 0 0.42024147727272726 0.29678030303030306 0.042187499999999954 0.058333333333333334
cl4wezrzq002y356hq6kf6ael 0 0.31690742924528303 0.3450406184486373 0.0328125 0.04375
cl4wezu960035356h2psu8brh 0 0.3260551948051948 0.276068722943723 0.03125 0.04375000000000003
cl4wezw2q0039356hx63tml20 0 0.40407423208191123 0.2376457622298066 0.0375 0.04791666666666667
cl4wezxd3003d356hnezyo6qa 0 0.46858258928571433 0.26130952380952377 0.028125 0.039583333333333304
cl4wf00sd003l356h1i0o94od 0 0.352421875 0.008229166666666668 0.020156250000000007 0.016458333333333335
cl4wf04fy003t356hoilp0zdy 0 0.7594099813432835 0.3172574626865671 0.0390625 0.05
cl4wf05m2003x356ha8qligg6 0 0.61328125 0.2375 0.0296875 0.04583333333333333
cl4wf06xq0040356hx18gw35b 0 0.5804969879518073 0.2988453815261044 0.0375 0.05416666666666667
cl4wf0afy004a356hkdxgi7g3 0 0.9068684895833334 0.1902199074074074 0.0453125 0.04791666666666667
cl4wf0bfi004e356hw8ze6alu 0 0.7893935130331753 0.15015007898894156 0.0421875 0.04583333333333335
cl4wf0chk004h356h2e50ugry 0 0.9373370053956835 0.023133992805755395 0.0390625 0.04375
cl4xlxfld000b356pb00h5yfx 0 0.51953125 0.03125 0.0390625 0.04583333333333333
cl4xmf82y000v356pjqkph1gz 0 0.19244791666666666 0.24270833333333333 0.042187499999999975 0.05625
cl4xmiy2b0010356ptq250lto 0 0.5949048913043479 0.8775362318840579 0.046875 0.05
cl4xmqohy001c356pyl9kj1te 0 0.2965625 0.22020833333333334 0.040625 0.05
cl4xmznqd001o356peyfv2xql 0 0.99453125 0.35 0.0109375 0.04583333333333333
cl4xn3b1s0020356pfr6fl67e 0 0.7225643382352941 0.792218137254902 0.0453125 0.052083333333333336
cl4xn5yk20024356p3e6e065p 0 0.9117264093137255 0.984375 0.0359375 0.03125
cl4xn774t0028356prka0yutx 0 0.29192708333333334 0.371875 0.0375 0.04583333333333333
cl4xne3lx002g356pbd7ze170 0 0.8294471153846154 0.8673878205128206 0.03125 0.04375
cl4xnhq29002o356pjjp6mcop 0 0.29510416666666667 0.3672916666666667 0.034375 0.03958333333333333
