ckz3vqjlf000b3867lm528m2k 0 0.103125 0.24166666666666667 0.021875 0.029166666666666667
cl4weyuo90009356hxr59smjp 0 0.12198093220338983 0.48893008474576266 0.034375 0.03958333333333333
cl4weyxuc000d356hs8ui2qet 0 0.17738839285714286 0.3134821428571428 0.034375 0.04583333333333333
cl4wez13n000o356ho4fcafi3 0 0.20109375 0.7325 0.03281249999999998 0.04583333333333333
cl4wez248000r356hxmxncuzk 0 0.35757211538461536 0.6438301282051282 0.0375 0.05416666666666667
cl4wez35m000v356ho91qj1ps 0 0.5920855978260869 0.24465579710144927 0.0328125 0.041666666666666664
cl4wez42f000y356hkxx6e1cs 0 0.48590716019417474 0.6941241909385113 0.034375 0.03958333333333333
cl4wez8o2001a356h7hvchli5 0 0.4755859375 0.3411458333333333 0.04375 0.052083333333333336
cl4wezaim001d356hmfktyvkm 0 0.8316461267605634 0.8723738262910798 0.0375 0.04375
cl4wezca1001h356hgsrm0ige 0 0.715625 0.8270833333333333 0.034375 0.058333333333333334
cl4wezefj001p356hdap5czbu 2 0.8296875 0.5375 0.03125 0.04583333333333333
cl4wezgys001w356h3eszw0sw 0 0.925 0.7416666666666667 0.040625 0.05
cl4wezhuc001z356h9y51sfb4 0 0.9503964552238806 0.8839552238805971 0.0390625 0.04583333333333333
cl4wezke40027356hnid29qy9 0 0.60234375 0.4205148071625345 0.0390625 0.06041666666666667
cl4wezmox002e356hyjm6vpmn 0 0.5689338235294118 0.7761029411764705 0.053125 0.05416666666666667
cl4weznry002h356h93a4kbrl 0 0.5289194915254237 0.677489406779661 0.0421875 0.04583333333333333
cl4wezoqx002l356hgdxbv8a9 0 0.4296875 0.535948905109489 0.04375 0.06249999999999994
cl4wezpz3002q356hwvtl31vv 0 0.44021645642201834 0.4515386085626911 0.0328125 0.04375
cl4wezqws002u356hsr2oigkr 0 0.40390625 0.2820987654320988 0.0421875 0.05833333333333336
cl4wezrzq002y356hq6kf6ael 0 0.32220703125 0.33557291666666667 0.0328125 0.04375
cl4wezu960035356h2psu8brh 0 0.3319284539473684 0.2490405701754386 0.03125 0.04375
cl4wezw2q0039356hx63tml20 0 0.4046875 0.234375 0.0375 0.04791666666666667
cl4wezxd3003d356hnezyo6qa 0 0.465625 0.2771311162079511 0.028125 0.039583333333333366
cl4wf04fy003t356hoilp0zdy 0 0.8115675403225806 0.35833333333333334 0.0390625 0.05
cl4wf05m2003x356ha8qligg6 0 0.63671875 0.2158179012345679 0.0296875 0.04583333333333333
cl4wf06xq0040356hx18gw35b 0 0.58125 0.3003003003003003 0.0375 0.05416666666666667
cl4wf0afy004a356hkdxgi7g3 0 0.9074662642045455 0.1913766571969697 0.0453125 0.04791666666666667
cl4wf0bfi004e356hw8ze6alu 0 0.78984375 0.15 0.0421875 0.04583333333333333
cl4xlxfld000b356pb00h5yfx 0 0.51953125 0.03125 0.0390625 0.04583333333333333
cl4xmf82y000v356pjqkph1gz 0 0.2667782738095238 0.34131944444444445 0.0421875 0.05625
cl4xmqohy001c356pyl9kj1te 0 0.3209546232876712 0.17654109589041095 0.040625 0.05
cl4xmznqd001o356peyfv2xql 0 0.99453125 0.35 0.0109375 0.04583333333333333
cl4xn5yk20024356p3e6e065p 0 0.9131165747549019 0.984375 0.0359375 0.03125
cl4xn774t0028356prka0yutx 0 0.27749999999999997 0.1545138888888889 0.034375 0.04375000000000002
cl4xne3lx002g356pbd7ze170 0 0.7623798076923076 0.6278044871794872 0.03125 0.04375
cl4xnhq29002o356pjjp6mcop 0 0.33269675925925923 0.3951774691358025 0.034375 0.04791666666666667
cl4xnkpg9002s356psk3rvf3n 0 0.6778409090909091 0.8140151515151516 0.028125 0.041666666666666664
cl4xnqgcw0038356pcbnyu55d 0 0.86640625 0.8702083333333334 0.0328125 0.03958333333333333
cl4xnyvvb0040356p3vqqo9nf 0 0.31205357142857143 0.02113095238095238 0.02767857142857144 0.03333333333333333
