ckz3vqjlf000b3867lm528m2k 0 0.103125 0.24166666666666667 0.021875 0.029166666666666667
cl4weyuo90009356hxr59smjp 0 0.10243055555555555 0.5707175925925926 0.034375 0.03958333333333333
cl4weyxuc000d356hs8ui2qet 0 0.14368824110671935 0.3199522397891963 0.034375 0.04583333333333333
cl4wez13n000o356ho4fcafi3 0 0.19356157440056418 0.7302920780441937 0.0328125 0.04583333333333333
cl4wez248000r356hxmxncuzk 0 0.32483766233766237 0.6629329004329004 0.0375 0.05416666666666667
cl4wez35m000v356ho91qj1ps 0 0.4514816810344827 0.21817528735632183 0.0328125 0.041666666666666664
cl4wez42f000y356hkxx6e1cs 0 0.4542119565217392 0.7236865942028986 0.034375 0.03958333333333333
cl4wez8o2001a356h7hvchli5 0 0.4414351851851852 0.5197145061728395 0.04375 0.05208333333333339
cl4wezaim001d356hmfktyvkm 0 0.7828125 0.8324519230769231 0.0375 0.04375
cl4wezca1001h356hgsrm0ige 0 0.715625 0.8270833333333333 0.034375 0.058333333333333334
cl4wezefj001p356hdap5czbu 2 0.8074084051724139 0.5713721264367816 0.03125000000000009 0.04583333333333333
cl4wezgys001w356h3eszw0sw 0 0.925 0.7416666666666667 0.040625 0.05
cl4wezhuc001z356h9y51sfb4 0 0.9269770408163266 0.9028769841269841 0.0390625 0.03958333333333333
cl4wezke40027356hnid29qy9 0 0.60234375 0.4299776170798898 0.0390625 0.06041666666666667
cl4wezmox002e356hyjm6vpmn 0 0.63125 0.5412202380952381 0.046875 0.05416666666666667
cl4weznry002h356h93a4kbrl 0 0.50576171875 0.7055338541666667 0.0421875 0.04583333333333333
cl4wezoqx002l356hgdxbv8a9 0 0.41519097222222223 0.5450810185185185 0.04375 0.06250000000000006
cl4wezpz3002q356hwvtl31vv 0 0.44084610849056605 0.4740369496855346 0.0328125 0.04375
cl4wezqws002u356hsr2oigkr 0 0.43058449074074073 0.29583333333333334 0.0421875 0.058333333333333334
cl4wezrzq002y356hq6kf6ael 0 0.31439475574712644 0.34777298850574717 0.0328125 0.04375
cl4wezu960035356h2psu8brh 0 0.3201271186440678 0.28200918079096043 0.03125 0.04375
cl4wezw2q0039356hx63tml20 0 0.40356761945392494 0.2403476962457338 0.0375 0.04791666666666667
cl4wezxd3003d356hnezyo6qa 0 0.4663105867346939 0.2592899659863946 0.028125 0.039583333333333366
cl4wf00sd003l356h1i0o94od 0 0.3506904069767442 0.007231104651162791 0.021965843023255837 0.014462209302325581
cl4wf04fy003t356hoilp0zdy 0 0.7496979166666666 0.30027777777777775 0.0390625 0.05
cl4wf05m2003x356ha8qligg6 0 0.6098675271739131 0.2426177536231884 0.0296875 0.04583333333333333
cl4wf06xq0040356hx18gw35b 0 0.5796875 0.3021673198954834 0.0375 0.05416666666666667
cl4wf0afy004a356hkdxgi7g3 0 0.9084147135416666 0.18747106481481482 0.0453125 0.04791666666666667
cl4wf0bfi004e356hw8ze6alu 0 0.7888307168246446 0.1503376777251185 0.0421875 0.04583333333333333
cl4wf0chk004h356h2e50ugry 0 0.9341333183453238 0.027405575539568343 0.0390625 0.04375
cl4xlxfld000b356pb00h5yfx 0 0.51953125 0.03125 0.0390625 0.04583333333333333
cl4xmf82y000v356pjqkph1gz 0 0.168359375 0.1765625 0.0421875 0.05625
cl4xmiy2b0010356ptq250lto 0 0.5005208333333333 0.8590277777777777 0.046875 0.05
cl4xmqohy001c356pyl9kj1te 0 0.2515625 0.1875 0.040625 0.05
cl4xmx044001k356pqs3juiuc 0 0.0384765625 0.38359375 0.04375 0.05416666666666667
cl4xmznqd001o356peyfv2xql 0 0.9940538194444445 0.34596836419753085 0.011892361111111072 0.0462577160493827
cl4xn3b1s0020356pfr6fl67e 0 0.5637073863636364 0.9074810606060606 0.0453125 0.052083333333333336
cl4xn5yk20024356p3e6e065p 0 0.9113625919117647 0.984375 0.0359375 0.03125
cl4xn774t0028356prka0yutx 0 0.35046875 0.23958333333333334 0.0375 0.04791666666666667
cl4xne3lx002g356pbd7ze170 0 0.8363212719298245 0.9090826023391813 0.03125 0.04375
cl4xnhq29002o356pjjp6mcop 0 0.18645833333333334 0.4420138888888889 0.034375000000000024 0.03958333333333333
cl4xnnibs002w356pt04k2r7z 0 0.9894791666666667 0.9128472222222223 0.021041666666666715 0.03486111111111114
cl4xnosel0030356pcdlyenp4 0 0.969140625 0.925 0.03125 0.0375
