ckz3vqjlf000b3867lm528m2k 0 0.103125 0.24166666666666667 0.021875 0.029166666666666667
cl4weyuo90009356hxr59smjp 0 0.07048938679245284 0.516686320754717 0.034375 0.03958333333333333
cl4weyxuc000d356hs8ui2qet 0 0.14338441506410254 0.3434395032051282 0.034375 0.04583333333333333
cl4weyyvn000h356hhekp3hcm 0 0.5084735576923076 0.46033653846153844 0.0296875 0.04375
cl4wez06n000l356hmx66narq 0 0.071875 0.3909722222222222 0.028125 0.041666666666666664
cl4wez13n000o356ho4fcafi3 0 0.19235004194630873 0.7331888516032811 0.0328125 0.04583333333333333
cl4wez248000r356hxmxncuzk 0 0.2890338302752294 0.692990252293578 0.0375 0.05416666666666667
cl4wez35m000v356ho91qj1ps 0 0.4348586309523809 0.6170634920634921 0.0328125 0.041666666666666664
cl4wez42f000y356hkxx6e1cs 0 0.37661830357142856 0.781547619047619 0.034375 0.03958333333333333
cl4wez5dr0012356hy5aioo3f 0 0.51328125 0.8795138888888889 0.0359375 0.04791666666666667
cl4wez8o2001a356h7hvchli5 0 0.45317234848484844 0.8504103535353535 0.04375 0.052083333333333336
cl4wezaim001d356hmfktyvkm 0 0.7640625 0.9002454188481674 0.0375 0.04375
cl4wezca1001h356hgsrm0ige 0 0.7137058423913044 0.8258038949275363 0.034375 0.058333333333333334
cl4wezdga001k356h50cpk5jb 0 0.9785714285714286 0.7508928571428571 0.03125 0.05
cl4wezefj001p356hdap5czbu 2 0.809375 0.6086829836829837 0.03125 0.04583333333333333
cl4wezfyy001s356hapqnkmsh 0 0.9734375 0.802951388888889 0.046875 0.052083333333333336
cl4wezgys001w356h3eszw0sw 0 0.925 0.7416666666666667 0.040625 0.05
cl4wezhuc001z356h9y51sfb4 0 0.9171826273388775 0.9333398302148302 0.0390625 0.03958333333333333
cl4wezke40027356hnid29qy9 0 0.5950495426829268 0.4408028455284553 0.0390625 0.06041666666666667
cl4wezlqg002a356hok6cmojl 0 0.36515624999999996 0.5006666666666667 0.0421875 0.058333333333333334
cl4wezmox002e356hyjm6vpmn 0 0.6324573863636364 0.7483901515151515 0.0390625 0.058333333333333334
cl4weznry002h356h93a4kbrl 0 0.48046875 0.7471393034825871 0.0421875 0.04583333333333333
cl4wezoqx002l356hgdxbv8a9 0 0.4534492924528302 0.5612421383647799 0.04375 0.06250000000000006
cl4wezpz3002q356hwvtl31vv 0 0.4431665348101266 0.4886207805907173 0.0328125 0.04375
cl4wezqws002u356hsr2oigkr 0 0.43076171875 0.373046875 0.0421875 0.058333333333333334
cl4wezrzq002y356hq6kf6ael 0 0.31328125 0.3572916666666667 0.0328125 0.04375
cl4wezu960035356h2psu8brh 0 0.32615625000000004 0.295875 0.03125 0.04375
cl4wezw2q0039356hx63tml20 0 0.4005673363095238 0.25577876984126985 0.0375 0.04791666666666667
cl4wezxd3003d356hnezyo6qa 0 0.4534886006289308 0.2608818134171908 0.028125 0.039583333333333366
cl4wf00sd003l356h1i0o94od 0 0.3536281028368794 0.020427009456264775 0.038506205673758884 0.03668735224586288
cl4wf04fy003t356hoilp0zdy 0 0.69609375 0.24436936936936934 0.0390625 0.05
cl4wf05m2003x356ha8qligg6 0 0.5708147321428572 0.27291666666666664 0.0265625 0.04583333333333333
cl4wf06xq0040356hx18gw35b 0 0.5796875 0.30818635684957074 0.0375 0.05416666666666667
cl4wf08be0043356h59jlarps 0 0.4479166666666667 0.675 0.0484375 0.04791666666666667
cl4wf0afy004a356hkdxgi7g3 0 0.9061777456647399 0.19320207129094413 0.0453125 0.04791666666666667
cl4wf0bfi004e356hw8ze6alu 0 0.7850096267772513 0.15161137440758296 0.042187500000000086 0.04583333333333335
cl4wf0chk004h356h2e50ugry 0 0.8975088443396226 0.07556996855345913 0.0390625 0.04375
cl4xlv3j70003356p1771z5kq 0 0.567578125 0.6296875 0.034375 0.04583333333333333
cl4xlxfld000b356pb00h5yfx 0 0.51953125 0.03125 0.0390625 0.04583333333333333
cl4xma6i4000j356ptg824by4 0 0.944170673076923 0.9846955128205129 0.032091346153846165 0.03060897435897433
cl4xmb25y000n356pqvwcm5hf 0 0.9387276785714287 0.06666666666666667 0.0421875 0.04583333333333333
