ckz3vqjlf000b3867lm528m2k 0 0.103125 0.24166666666666667 0.021875 0.029166666666666667
cl4weyuo90009356hxr59smjp 0 0.10978260869565218 0.5325332125603864 0.034375 0.03958333333333333
cl4weyxuc000d356hs8ui2qet 0 0.1693014705882353 0.31875 0.034375 0.04583333333333333
cl4wez13n000o356ho4fcafi3 0 0.19530699047954866 0.7295163375646451 0.0328125 0.04583333333333333
cl4wez248000r356hxmxncuzk 0 0.3453125 0.6489583333333333 0.0375 0.05416666666666667
cl4wez35m000v356ho91qj1ps 0 0.5551846590909091 0.17670454545454545 0.0328125 0.041666666666666664
cl4wez42f000y356hkxx6e1cs 0 0.47162828947368424 0.7105080409356724 0.034375 0.03958333333333333
cl4wez8o2001a356h7hvchli5 0 0.4476773648648648 0.43685247747747746 0.04375 0.052083333333333336
cl4wezaim001d356hmfktyvkm 0 0.8247306034482758 0.8529813218390804 0.0375 0.04375
cl4wezca1001h356hgsrm0ige 0 0.715625 0.8270833333333333 0.034375 0.058333333333333334
cl4wezefj001p356hdap5czbu 2 0.81943359375 0.5555989583333333 0.03125 0.04583333333333333
cl4wezgys001w356h3eszw0sw 0 0.925 0.7416666666666667 0.040625 0.05
cl4wezhuc001z356h9y51sfb4 0 0.9360677083333334 0.8940104166666667 0.0390625 0.0453125
cl4wezke40027356hnid29qy9 0 0.60234375 0.42452307162534436 0.0390625 0.06041666666666667
cl4wezmox002e356hyjm6vpmn 0 0.66162109375 0.7361979166666667 0.0369140625 0.05416666666666667
cl4weznry002h356h93a4kbrl 0 0.5184396404109589 0.6916666666666667 0.0421875 0.04583333333333333
cl4wezoqx002l356hgdxbv8a9 0 0.42261513157894737 0.538267543859649 0.04375 0.06249999999999994
cl4wezpz3002q356hwvtl31vv 0 0.44140625 0.4473915289256198 0.0328125 0.04375
cl4wezqws002u356hsr2oigkr 0 0.43633868243243246 0.2922297297297297 0.0421875 0.058333333333333307
cl4wezrzq002y356hq6kf6ael 0 0.3203125 0.340625 0.0328125 0.04375
cl4wezu960035356h2psu8brh 0 0.3296428571428571 0.26842261904761905 0.03125 0.04375000000000003
cl4wezw2q0039356hx63tml20 0 0.4046875 0.234375 0.0375 0.04791666666666667
cl4wezxd3003d356hnezyo6qa 0 0.46717617753623186 0.26776871980676326 0.028125 0.03958333333333333
cl4wf04fy003t356hoilp0zdy 0 0.7748883928571428 0.322953869047619 0.0390625 0.05
cl4wf05m2003x356ha8qligg6 0 0.625584177927928 0.228490990990991 0.0296875 0.04583333333333333
cl4wf06xq0040356hx18gw35b 0 0.58125 0.298792109929078 0.0375 0.05416666666666667
cl4wf0afy004a356hkdxgi7g3 0 0.9057439630681818 0.19252485795454544 0.0453125 0.04791666666666667
cl4wf0bfi004e356hw8ze6alu 0 0.78984375 0.15 0.0421875 0.04583333333333333
cl4wf0chk004h356h2e50ugry 0 0.9540644778481013 0.01799841772151899 0.03712420886075947 0.03599683544303798
cl4xlxfld000b356pb00h5yfx 0 0.51953125 0.03125 0.0390625 0.04583333333333333
cl4xmf82y000v356pjqkph1gz 0 0.2707732371794872 0.2575587606837607 0.0421875 0.05625000000000003
cl4xmqohy001c356pyl9kj1te 0 0.3169407894736842 0.19177631578947368 0.040625 0.05
cl4xmznqd001o356peyfv2xql 0 0.99453125 0.35 0.0109375 0.04583333333333333
cl4xn3b1s0020356pfr6fl67e 0 0.8677455357142858 0.9063988095238095 0.0453125 0.052083333333333336
cl4xn5yk20024356p3e6e065p 0 0.9123736213235294 0.984375 0.0359375 0.03125
cl4xn774t0028356prka0yutx 0 0.12062500000000001 0.15104166666666666 0.0375 0.04583333333333333
cl4xne3lx002g356pbd7ze170 0 0.8020432692307692 0.7725160256410256 0.03124999999999991 0.04375
cl4xnhq29002o356pjjp6mcop 0 0.446875 0.29856770833333335 0.034375 0.04791666666666667
cl4xnkpg9002s356psk3rvf3n 0 0.6825284090909091 0.2206439393939394 0.028125 0.041666666666666664
cl4xnqgcw0038356pcbnyu55d 0 0.9197916666666666 0.9208333333333333 0.0328125 0.03958333333333333
cl4xnuowb003o356piziuwk96 0 0.21046874999999998 0.9395833333333333 0.029687499999999978 0.03333333333333333
