ckz3vqjlf000b3867lm528m2k 0 0.103125 0.24166666666666667 0.021875 0.029166666666666667
cl4weyuo90009356hxr59smjp 0 0.12662146226415094 0.47604166666666664 0.034375 0.03958333333333333
cl4weyxuc000d356hs8ui2qet 0 0.18076584507042254 0.3113262910798122 0.034375 0.04583333333333333
cl4wez13n000o356ho4fcafi3 0 0.20703125 0.73125 0.0328125 0.04583333333333333
cl4wez248000r356hxmxncuzk 0 0.36790865384615384 0.6408653846153847 0.0375 0.06378205128205122
cl4wez35m000v356ho91qj1ps 0 0.5838216145833333 0.2642361111111111 0.0328125 0.0416666666666667
cl4wez42f000y356hkxx6e1cs 0 0.49040948275862073 0.6901221264367816 0.034375 0.03958333333333333
cl4wez8o2001a356h7hvchli5 0 0.48052884615384617 0.31354166666666666 0.04375 0.052083333333333336
cl4wezaim001d356hmfktyvkm 0 0.83125 0.8864583333333333 0.0375 0.04375
cl4wezca1001h356hgsrm0ige 0 0.715625 0.8270833333333333 0.034375 0.058333333333333334
cl4wezefj001p356hdap5czbu 2 0.8296875 0.5375 0.03125 0.04583333333333333
cl4wezgys001w356h3eszw0sw 0 0.925 0.7416666666666667 0.040625 0.05
cl4wezhuc001z356h9y51sfb4 0 0.953486473880597 0.8823072139303483 0.0390625 0.04583333333333333
cl4wezke40027356hnid29qy9 0 0.6026528159340659 0.4197916666666667 0.0390625 0.06041666666666667
cl4wezmox002e356hyjm6vpmn 0 0.538967803030303 0.7707702020202021 0.053125 0.05416666666666667
cl4weznry002h356h93a4kbrl 0 0.5326562499999999 0.6739583333333333 0.0421875 0.04583333333333333
cl4wezoqx002l356hgdxbv8a9 0 0.4296875 0.5335310218978102 0.04375 0.0625
cl4wezpz3002q356hwvtl31vv 0 0.43984375 0.4510416666666667 0.0328125 0.04375
cl4wezqws002u356hsr2oigkr 0 0.41328125 0.275 0.0421875 0.058333333333333334
cl4wezrzq002y356hq6kf6ael 0 0.32265625 0.334375 0.0328125 0.04375
cl4wezu960035356h2psu8brh 0 0.33252551020408166 0.2418579931972789 0.03125 0.04375
cl4wezw2q0039356hx63tml20 0 0.4046875 0.234375 0.0375 0.04791666666666667
cl4wezxd3003d356hnezyo6qa 0 0.46566964285714285 0.278125 0.028125 0.03958333333333333
cl4wf04fy003t356hoilp0zdy 0 0.8287109375 0.3572048611111111 0.0390625 0.05
cl4wf05m2003x356ha8qligg6 0 0.6384706439393939 0.21341540404040404 0.0296875 0.04583333333333333
cl4wf06xq0040356hx18gw35b 0 0.58125 0.29930555555555555 0.0375 0.05416666666666667
cl4wf0afy004a356hkdxgi7g3 0 0.9079367897727273 0.19106297348484846 0.0453125 0.04791666666666667
cl4wf0bfi004e356hw8ze6alu 0 0.78984375 0.15 0.0421875 0.04583333333333333
cl4xlxfld000b356pb00h5yfx 0 0.51953125 0.03125 0.0390625 0.04583333333333333
cl4xmf82y000v356pjqkph1gz 0 0.29227430555555556 0.37681327160493827 0.0421875 0.05625
cl4xmqohy001c356pyl9kj1te 0 0.32672872340425535 0.16578014184397163 0.040625 0.05
cl4xmznqd001o356peyfv2xql 0 0.99453125 0.35 0.0109375 0.04583333333333333
cl4xn5yk20024356p3e6e065p 0 0.91328125 0.984375 0.0359375 0.03125
cl4xn774t0028356prka0yutx 0 0.28125 0.26979166666666665 0.034375 0.04375
cl4xne3lx002g356pbd7ze170 0 0.7409505208333333 0.6166666666666667 0.03125 0.04375
cl4xnhq29002o356pjjp6mcop 0 0.26167279411764705 0.42959558823529415 0.034375 0.04791666666666667
cl4xnkpg9002s356psk3rvf3n 0 0.7130859375 0.97265625 0.029296875 0.04635416666666667
cl4xnqgcw0038356pcbnyu55d 0 0.8330729166666666 0.874266975308642 0.0328125 0.03958333333333333
cl4xnsckt003c356pmcyaeudd 0 0.8953125 0.990625 0.025 0.01875
cl4xntqox003k356pqgw880oc 0 0.9436383928571429 0.4605654761904762 0.0296875 0.04791666666666667
cl4xnyvvb0040356p3vqqo9nf 0 0.296875 0.11666666666666667 0.03125 0.041666666666666664
