ckz3vqjlf000b3867lm528m2k 0 0.103125 0.24166666666666667 0.021875 0.029166666666666667
cl4weyuo90009356hxr59smjp 0 0.09644097222222223 0.545949074074074 0.03437500000000001 0.03958333333333333
cl4weyxuc000d356hs8ui2qet 0 0.14718997035573123 0.3192852437417655 0.034375 0.04583333333333333
cl4wez13n000o356ho4fcafi3 0 0.19409709978843442 0.7300540667606958 0.0328125 0.04583333333333333
cl4wez248000r356hxmxncuzk 0 0.33030427631578946 0.6587719298245615 0.0375 0.05416666666666667
cl4wez35m000v356ho91qj1ps 0 0.49202008928571433 0.17336309523809523 0.0328125 0.041666666666666664
cl4wez42f000y356hkxx6e1cs 0 0.46189088983050847 0.7223340395480226 0.034375 0.03958333333333333
cl4wez8o2001a356h7hvchli5 0 0.4446969696969697 0.48690025252525254 0.04375 0.052083333333333336
cl4wezaim001d356hmfktyvkm 0 0.7996228448275862 0.8283405172413794 0.03749999999999991 0.04375
cl4wezca1001h356hgsrm0ige 0 0.715625 0.8270833333333333 0.034375 0.058333333333333334
cl4wezefj001p356hdap5czbu 2 0.8095905172413793 0.568462643678161 0.03125000000000009 0.04583333333333333
cl4wezgys001w356h3eszw0sw 0 0.925 0.7416666666666667 0.040625 0.05
cl4wezhuc001z356h9y51sfb4 0 0.9282684948979592 0.898859126984127 0.0390625 0.03958333333333333
cl4wezke40027356hnid29qy9 0 0.60234375 0.42830406336088156 0.0390625 0.06041666666666667
cl4wezmox002e356hyjm6vpmn 0 0.6689302884615385 0.5939102564102564 0.046875 0.05416666666666667
cl4weznry002h356h93a4kbrl 0 0.5126163563829788 0.7016400709219858 0.0421875 0.04583333333333333
cl4wezoqx002l356hgdxbv8a9 0 0.41650390625 0.546484375 0.04375 0.0625
cl4wezpz3002q356hwvtl31vv 0 0.44031544811320755 0.46625393081761 0.0328125 0.04375
cl4wezqws002u356hsr2oigkr 0 0.41628605769230764 0.2915064102564103 0.042187499999999954 0.05833333333333336
cl4wezrzq002y356hq6kf6ael 0 0.3164946933962264 0.34540749475890986 0.0328125 0.04375
cl4wezu960035356h2psu8brh 0 0.325487012987013 0.2749323593073593 0.03125 0.04375
cl4wezw2q0039356hx63tml20 0 0.40399957337883957 0.2380439419795222 0.03749999999999996 0.04791666666666667
cl4wezxd3003d356hnezyo6qa 0 0.4682477678571429 0.2610119047619047 0.028125 0.039583333333333304
cl4wf00sd003l356h1i0o94od 0 0.3521620639534884 0.008212209302325581 0.020494186046511632 0.016424418604651162
cl4wf04fy003t356hoilp0zdy 0 0.7587569962686567 0.3159514925373134 0.0390625 0.05
cl4wf05m2003x356ha8qligg6 0 0.61328125 0.23854166666666668 0.0296875 0.04583333333333333
cl4wf06xq0040356hx18gw35b 0 0.5803652108433736 0.2993724899598394 0.0375 0.05416666666666667
cl4wf0afy004a356hkdxgi7g3 0 0.9070963541666666 0.18981481481481483 0.0453125 0.04791666666666667
cl4wf0bfi004e356hw8ze6alu 0 0.7893105746445498 0.1501777251184834 0.0421875 0.04583333333333333
cl4wf0chk004h356h2e50ugry 0 0.9368648830935251 0.023763489208633092 0.0390625 0.04375
cl4xlxfld000b356pb00h5yfx 0 0.51953125 0.03125 0.0390625 0.04583333333333333
cl4xmf82y000v356pjqkph1gz 0 0.19088541666666664 0.23206018518518517 0.042187499999999975 0.05625
cl4xmiy2b0010356ptq250lto 0 0.5711277173913044 0.8699275362318841 0.046875 0.05
cl4xmqohy001c356pyl9kj1te 0 0.28253676470588235 0.2002450980392157 0.040625 0.05
cl4xmznqd001o356peyfv2xql 0 0.99453125 0.35 0.0109375 0.04583333333333333
cl4xn3b1s0020356pfr6fl67e 0 0.7106317934782609 0.8276721014492754 0.0453125 0.052083333333333336
cl4xn5yk20024356p3e6e065p 0 0.9116727941176471 0.984375 0.0359375 0.03125
cl4xn774t0028356prka0yutx 0 0.3052951388888889 0.36701388888888886 0.0375 0.04583333333333333
cl4xne3lx002g356pbd7ze170 0 0.8328125 0.871875 0.03125 0.04375
cl4xnhq29002o356pjjp6mcop 0 0.2721726190476191 0.3796130952380953 0.034375 0.03958333333333333
cl4xnpldz0034356poxma2jok 0 0.98125 0.9854166666666667 0.021875 0.029166666666666667
