ckz3vqjlf000b3867lm528m2k 0 0.103125 0.24166666666666667 0.021875 0.029166666666666667
cl4weyuo90009356hxr59smjp 0 0.0725765306122449 0.5512542517006802 0.034375 0.039583333333333276
cl4weyxuc000d356hs8ui2qet 0 0.14479667467948718 0.340614983974359 0.034375 0.04583333333333333
cl4weyyvn000h356hhekp3hcm 0 0.8765625 0.6510416666666666 0.0296875 0.04375
cl4wez13n000o356ho4fcafi3 0 0.19244791666666666 0.73125 0.03281249999999998 0.04583333333333333
cl4wez248000r356hxmxncuzk 0 0.30537909836065574 0.6815573770491804 0.0375 0.05416666666666667
cl4wez35m000v356ho91qj1ps 0 0.4233258928571429 0.4486607142857143 0.0328125 0.041666666666666664
cl4wez42f000y356hkxx6e1cs 0 0.42124335106382976 0.7614583333333333 0.034375 0.03958333333333333
cl4wez5dr0012356hy5aioo3f 0 0.5381610576923077 0.8549198717948718 0.0359375 0.04791666666666667
cl4wez8o2001a356h7hvchli5 0 0.4566645408163265 0.6854379251700681 0.04375 0.052083333333333336
cl4wezaim001d356hmfktyvkm 0 0.7562764830508475 0.8994526836158193 0.0375 0.04375
cl4wezca1001h356hgsrm0ige 0 0.715625 0.8270833333333333 0.034375 0.058333333333333334
cl4wezefj001p356hdap5czbu 2 0.8137410714285714 0.5889404761904762 0.03125 0.04583333333333333
cl4wezfyy001s356hapqnkmsh 0 0.9839527027027029 0.7951576576576577 0.02584459459459456 0.04718468468468468
cl4wezgys001w356h3eszw0sw 0 0.925 0.7416666666666667 0.040625 0.05
cl4wezhuc001z356h9y51sfb4 0 0.9192891725352113 0.9258362676056339 0.0390625 0.03958333333333333
cl4wezke40027356hnid29qy9 0 0.599000726744186 0.4337693798449613 0.0390625 0.06041666666666667
cl4wezlqg002a356hok6cmojl 0 0.09169034090909092 0.6726325757575757 0.04218750000000001 0.058333333333333334
cl4wezmox002e356hyjm6vpmn 0 0.53828125 0.7625 0.0390625 0.058333333333333334
cl4weznry002h356h93a4kbrl 0 0.4857257593457944 0.7353193146417445 0.0421875 0.04583333333333333
cl4wezoqx002l356hgdxbv8a9 0 0.41875 0.5583333333333333 0.04375 0.0625
cl4wezpz3002q356hwvtl31vv 0 0.45064827127659574 0.459729609929078 0.0328125 0.04375
cl4wezqws002u356hsr2oigkr 0 0.41935763888888894 0.3277777777777778 0.042187500000000044 0.058333333333333334
cl4wezrzq002y356hq6kf6ael 0 0.31171875 0.35724377394636014 0.0328125 0.04375
cl4wezu960035356h2psu8brh 0 0.3272194602272727 0.2937026515151515 0.03125 0.04375
cl4wezw2q0039356hx63tml20 0 0.4021634615384615 0.24911858974358972 0.03749999999999996 0.047916666666666635
cl4wezxd3003d356hnezyo6qa 0 0.4612655057251908 0.2605836513994911 0.028125 0.039583333333333304
cl4wf00sd003l356h1i0o94od 0 0.3523781028368794 0.01626034278959811 0.036006205673758854 0.02835401891252955
cl4wf04fy003t356hoilp0zdy 0 0.7177283653846154 0.272275641025641 0.0390625 0.04999999999999997
cl4wf05m2003x356ha8qligg6 0 0.5894803779069767 0.2661337209302326 0.0265625 0.04583333333333333
cl4wf06xq0040356hx18gw35b 0 0.5796875 0.3055547779022023 0.0375 0.05416666666666667
cl4wf0afy004a356hkdxgi7g3 0 0.9051030585106383 0.18597074468085106 0.0453125 0.04791666666666667
cl4wf0bfi004e356hw8ze6alu 0 0.7866802428909953 0.15105450236966825 0.0421875 0.04583333333333333
cl4wf0chk004h356h2e50ugry 0 0.9102336014851484 0.05850866336633664 0.0390625 0.04375
cl4xlv3j70003356p1771z5kq 0 0.11047453703703705 0.8324845679012346 0.03437500000000001 0.04583333333333333
cl4xlxfld000b356pb00h5yfx 0 0.51953125 0.03125 0.0390625 0.04583333333333333
cl4xma6i4000j356ptg824by4 0 0.951639344262295 0.9701331967213115 0.040676229508196826 0.051673497267759556
cl4xmf82y000v356pjqkph1gz 0 0.10689338235294117 0.07738970588235294 0.04218749999999999 0.05625
cl4xmiy2b0010356ptq250lto 0 0.16184210526315787 0.9830043859649124 0.04292763157894737 0.033991228070175454
cl4xmn1pr0014356po774hc34 0 0.24643342391304346 0.2157608695652174 0.0359375 0.05416666666666667
cl4xmqohy001c356pyl9kj1te 0 0.22361111111111112 0.06423611111111112 0.040625 0.05000000000000001
cl4xmtqri001g356puyk4hg02 0 0.909375 0.975 0.03125 0.041666666666666664
cl4xn5yk20024356p3e6e065p 0 0.9139204545454547 0.9860795454545455 0.03465909090909083 0.027840909090909114
