ckz3vqjlf000b3867lm528m2k 0 0.103125 0.24166666666666667 0.021875 0.029166666666666667
cl4weyuo90009356hxr59smjp 0 0.07884615384615384 0.5444711538461539 0.034375 0.039583333333333394
cl4weyxuc000d356hs8ui2qet 0 0.14521233974358974 0.33978365384615383 0.034375 0.04583333333333333
cl4weyyvn000h356hhekp3hcm 0 0.9843039772727273 0.687594696969697 0.0296875 0.04375
cl4wez13n000o356ho4fcafi3 0 0.19171037552891396 0.7311148330982604 0.0328125 0.04583333333333333
cl4wez248000r356hxmxncuzk 0 0.315625 0.6837962962962963 0.0375 0.05416666666666667
cl4wez35m000v356ho91qj1ps 0 0.40987215909090907 0.3975378787878788 0.0328125 0.041666666666666664
cl4wez42f000y356hkxx6e1cs 0 0.4328125 0.7552083333333334 0.034375 0.03958333333333333
cl4wez5dr0012356hy5aioo3f 0 0.5759014423076924 0.9221153846153847 0.0359375 0.04791666666666667
cl4wez8o2001a356h7hvchli5 0 0.45551861702127655 0.6532579787234043 0.04375 0.052083333333333336
cl4wezaim001d356hmfktyvkm 0 0.7560416666666667 0.879375 0.0375 0.04375
cl4wezca1001h356hgsrm0ige 0 0.715625 0.8270833333333333 0.034375 0.058333333333333334
cl4wezefj001p356hdap5czbu 2 0.8122589285714286 0.5859761904761904 0.03125 0.04583333333333333
cl4wezfyy001s356hapqnkmsh 0 0.9879044117647059 0.795563725490196 0.01875 0.04583333333333333
cl4wezgys001w356h3eszw0sw 0 0.925 0.7416666666666667 0.040625 0.05
cl4wezhuc001z356h9y51sfb4 0 0.9220290492957746 0.9124413145539907 0.0390625 0.03958333333333333
cl4wezke40027356hnid29qy9 0 0.6000060562015503 0.43175872093023254 0.0390625 0.06041666666666667
cl4wezlqg002a356hok6cmojl 0 0.08309659090909091 0.7787878787878788 0.04218750000000001 0.058333333333333334
cl4wezmox002e356hyjm6vpmn 0 0.51796875 0.6728040540540541 0.0390625 0.058333333333333334
cl4weznry002h356h93a4kbrl 0 0.4875438084112149 0.7316832165109034 0.0421875 0.04583333333333333
cl4wezoqx002l356hgdxbv8a9 0 0.4175717213114754 0.5567622950819672 0.04375 0.0625
cl4wezpz3002q356hwvtl31vv 0 0.44252717391304347 0.475883152173913 0.0328125 0.04375
cl4wezqws002u356hsr2oigkr 0 0.43250794491525424 0.31401836158192087 0.0421875 0.058333333333333334
cl4wezrzq002y356hq6kf6ael 0 0.31171875 0.3552562260536398 0.0328125 0.04375
cl4wezu960035356h2psu8brh 0 0.3305488782051282 0.30237713675213673 0.03125 0.04375
cl4wezw2q0039356hx63tml20 0 0.402448489010989 0.24721840659340658 0.0375 0.047916666666666635
cl4wezxd3003d356hnezyo6qa 0 0.46176049618320614 0.2592636768447837 0.028125 0.039583333333333304
cl4wf00sd003l356h1i0o94od 0 0.35201019503546094 0.015033983451536642 0.03527039007092196 0.02590130023640662
cl4wf04fy003t356hoilp0zdy 0 0.7336979166666666 0.2833796296296296 0.0390625 0.04999999999999997
cl4wf05m2003x356ha8qligg6 0 0.5936591569767442 0.2636627906976744 0.0265625 0.0458333333333333
cl4wf06xq0040356hx18gw35b 0 0.5796875 0.304780235162374 0.0375 0.05416666666666667
cl4wf0afy004a356hkdxgi7g3 0 0.904639668367347 0.184375 0.0453125 0.04791666666666667
cl4wf0bfi004e356hw8ze6alu 0 0.7871719490521327 0.15089060031595575 0.0421875 0.045833333333333316
cl4wf0chk004h356h2e50ugry 0 0.9146701388888889 0.052256944444444446 0.0390625 0.04375
cl4xlxfld000b356pb00h5yfx 0 0.51953125 0.03125 0.0390625 0.04583333333333333
cl4xma6i4000j356ptg824by4 0 0.9507604166666667 0.9612361111111111 0.040625 0.052083333333333336
cl4xmf82y000v356pjqkph1gz 0 0.0671875 0.10104166666666667 0.0421875 0.05625
cl4xmiy2b0010356ptq250lto 0 0.24286458333333333 0.9664583333333333 0.046875 0.04375
cl4xmn1pr0014356po774hc34 0 0.4111111111111111 0.07442129629629629 0.035937499999999956 0.04791666666666667
cl4xmqohy001c356pyl9kj1te 0 0.23976293103448273 0.13175287356321838 0.040625 0.05
cl4xmx044001k356pqs3juiuc 0 0.13755208333333332 0.10388888888888889 0.04375 0.05416666666666667
cl4xn5yk20024356p3e6e065p 0 0.9102902879901962 0.984375 0.0359375 0.03125
