ckz3vqjlf000b3867lm528m2k 0 0.103125 0.24166666666666667 0.021875 0.029166666666666667
cl4weyuo90009356hxr59smjp 0 0.05608258928571429 0.5292410714285715 0.034375 0.03958333333333333
cl4weyxuc000d356hs8ui2qet 0 0.14244290865384615 0.345322516025641 0.034375 0.04583333333333333
cl4weyyvn000h356hhekp3hcm 0 0.26557291666666666 0.3110416666666667 0.0296875 0.04375
cl4wez06n000l356hmx66narq 0 0.21475183823529412 0.6855392156862745 0.0234375 0.0375
cl4wez13n000o356ho4fcafi3 0 0.19037856543624163 0.7349412751677852 0.03281250000000002 0.04583333333333333
cl4wez248000r356hxmxncuzk 0 0.27660361842105263 0.7 0.0375 0.05416666666666667
cl4wez35m000v356ho91qj1ps 0 0.3959348516949152 0.6899011299435027 0.03281249999999995 0.041666666666666664
cl4wez42f000y356hkxx6e1cs 0 0.3625 0.7802083333333333 0.034375 0.03958333333333333
cl4wez5dr0012356hy5aioo3f 0 0.4983141447368421 0.8806469298245614 0.0359375 0.04791666666666667
cl4wez7890016356hdkmlwvuy 0 0.5934151785714286 0.9733630952380953 0.0421875 0.04375
cl4wez8o2001a356h7hvchli5 0 0.437646484375 0.9528645833333333 0.04375 0.052083333333333336
cl4wezaim001d356hmfktyvkm 0 0.7628289473684211 0.9010416666666666 0.0375 0.04375
cl4wezca1001h356hgsrm0ige 0 0.7157645089285715 0.8279017857142857 0.034375 0.058333333333333334
cl4wezdga001k356h50cpk5jb 0 0.8550000000000001 0.776875 0.0390625 0.04375
cl4wezefj001p356hdap5czbu 2 0.8106726694915254 0.6180437853107345 0.03125 0.04583333333333333
cl4wezfyy001s356hapqnkmsh 0 0.9722170064377682 0.7998703505007153 0.046875 0.052083333333333336
cl4wezgys001w356h3eszw0sw 0 0.925 0.7416666666666667 0.040625 0.05
cl4wezhuc001z356h9y51sfb4 0 0.9165719204781706 0.9341541060291061 0.0390625 0.03958333333333333
cl4wezj880023356h4fno9e6j 0 0.7095312500000001 0.24947916666666667 0.0328125 0.041666666666666664
cl4wezke40027356hnid29qy9 0 0.5921836890243902 0.4455792682926829 0.0390625 0.06041666666666667
cl4wezlqg002a356hok6cmojl 0 0.5140625 0.5725694444444444 0.0421875 0.05
cl4wezmox002e356hyjm6vpmn 0 0.578515625 0.659375 0.0390625 0.058333333333333334
cl4weznry002h356h93a4kbrl 0 0.47170454545454543 0.7554356060606061 0.0421875 0.04583333333333333
cl4wezoqx002l356hgdxbv8a9 0 0.4252490942028985 0.5672705314009662 0.04375 0.0625
cl4wezpz3002q356hwvtl31vv 0 0.4389634683098592 0.5013057511737089 0.0328125 0.04375
cl4wezqws002u356hsr2oigkr 0 0.42767078488372096 0.403391472868217 0.0421875 0.058333333333333334
cl4wezrzq002y356hq6kf6ael 0 0.31328125 0.3634348290598291 0.0328125 0.04375
cl4weztbe0032356hy99s7x7l 0 0.2909895833333333 0.07868055555555556 0.0296875 0.04375
cl4wezu960035356h2psu8brh 0 0.32395833333333335 0.30451388888888886 0.03125 0.04375
cl4wezw2q0039356hx63tml20 0 0.396655547752809 0.261750936329588 0.03749999999999996 0.047916666666666635
cl4wezxd3003d356hnezyo6qa 0 0.43756334459459456 0.24498873873873875 0.028125 0.03958333333333333
cl4wezz2e003h356h4g2oxevg 0 0.4285866477272727 0.07379261363636364 0.031107954545454584 0.04464962121212121
cl4wf00sd003l356h1i0o94od 0 0.3544614361702128 0.023204787234042554 0.04017287234042555 0.04224290780141844
cl4wf04fy003t356hoilp0zdy 0 0.69296875 0.23125 0.0390625 0.05
cl4wf05m2003x356ha8qligg6 0 0.55578125 0.28 0.0265625 0.04583333333333333
cl4wf06xq0040356hx18gw35b 0 0.5796875 0.30994074281448303 0.0375 0.05416666666666667
cl4wf08be0043356h59jlarps 0 0.7635529891304348 0.4067481884057971 0.0484375 0.04791666666666667
cl4wf09dv0046356hs9zrwnhh 0 0.9717633928571429 0.2150297619047619 0.0375 0.041666666666666664
cl4wf0afy004a356hkdxgi7g3 0 0.9019328034682081 0.19773000963391138 0.0453125 0.04791666666666667
cl4wf0bfi004e356hw8ze6alu 0 0.7838958827014219 0.1519826224328594 0.042187500000000086 0.04583333333333333
cl4wf0chk004h356h2e50ugry 0 0.8827698863636364 0.08596590909090909 0.0390625 0.04375
cl4xlv3j70003356p1771z5kq 0 0.880141129032258 0.5093413978494624 0.034375 0.04583333333333333
cl4xlxfld000b356pb00h5yfx 0 0.51953125 0.03125 0.0390625 0.04583333333333333
cl4xma6i4000j356ptg824by4 0 0.9250662076271187 0.9925317796610169 0.025132415254237372 0.01493644067796609
