ckz3vqjlf000b3867lm528m2k 0 0.103125 0.24166666666666667 0.021875 0.029166666666666667
cl4weyuo90009356hxr59smjp 0 0.06499399038461538 0.5364983974358974 0.034375 0.03958333333333333
cl4weyxuc000d356hs8ui2qet 0 0.14302383814102565 0.34416065705128207 0.034375 0.04583333333333333
cl4weyyvn000h356hhekp3hcm 0 0.41640625 0.398125 0.0296875 0.04375
cl4wez06n000l356hmx66narq 0 0.11458333333333333 0.5159722222222223 0.028125 0.04166666666666673
cl4wez13n000o356ho4fcafi3 0 0.19159500838926175 0.7338599925428785 0.0328125 0.04583333333333333
cl4wez248000r356hxmxncuzk 0 0.28490538990825687 0.6960865825688073 0.0375 0.05416666666666667
cl4wez35m000v356ho91qj1ps 0 0.41823551829268296 0.6446646341463415 0.0328125 0.041666666666666664
cl4wez42f000y356hkxx6e1cs 0 0.37763157894736843 0.7787828947368421 0.034375 0.03958333333333333
cl4wez5dr0012356hy5aioo3f 0 0.50859375 0.8888541666666666 0.0359375 0.04791666666666667
cl4wez8o2001a356h7hvchli5 0 0.450390625 0.8890625 0.04375 0.052083333333333336
cl4wezaim001d356hmfktyvkm 0 0.7640625 0.9010307591623037 0.0375 0.04375
cl4wezca1001h356hgsrm0ige 0 0.7125279017857143 0.8250248015873016 0.034375 0.058333333333333334
cl4wezdga001k356h50cpk5jb 0 0.9383634868421054 0.8824013157894737 0.0390625 0.04375
cl4wezefj001p356hdap5czbu 2 0.809375 0.6134032634032635 0.03125 0.04583333333333333
cl4wezfyy001s356hapqnkmsh 0 0.9729949034334764 0.8019447424892704 0.046875 0.052083333333333336
cl4wezgys001w356h3eszw0sw 0 0.925 0.7416666666666667 0.040625 0.05
cl4wezhuc001z356h9y51sfb4 0 0.9169487396049896 0.9336516805266805 0.0390625 0.03958333333333333
cl4wezke40027356hnid29qy9 0 0.5939519817073171 0.4426321138211382 0.0390625 0.06041666666666667
cl4wezlqg002a356hok6cmojl 0 0.4294270833333333 0.4465277777777778 0.0421875 0.058333333333333334
cl4wezmox002e356hyjm6vpmn 0 0.635546875 0.7102083333333333 0.0390625 0.058333333333333334
cl4weznry002h356h93a4kbrl 0 0.4756531762295082 0.7479166666666667 0.0421875 0.04583333333333333
cl4wezoqx002l356hgdxbv8a9 0 0.4444444444444445 0.5645833333333333 0.04375 0.0625
cl4wezpz3002q356hwvtl31vv 0 0.4417424841772152 0.49305116033755275 0.0328125 0.04375
cl4wezqws002u356hsr2oigkr 0 0.44203125 0.40125 0.0421875 0.058333333333333334
cl4wezrzq002y356hq6kf6ael 0 0.31328125 0.3572916666666667 0.0328125 0.04375
cl4wezu960035356h2psu8brh 0 0.316796875 0.2953125 0.03125 0.04375
cl4wezw2q0039356hx63tml20 0 0.39971032303370785 0.2576779026217228 0.03749999999999996 0.047916666666666635
cl4wezxd3003d356hnezyo6qa 0 0.4464131289308176 0.25993841719077565 0.028125 0.03958333333333333
cl4wezz2e003h356h4g2oxevg 0 0.4791666666666667 0.030208333333333334 0.034375 0.04791666666666667
cl4wf00sd003l356h1i0o94od 0 0.35394725177304964 0.021490839243498816 0.03914450354609929 0.038815011820330966
cl4wf04fy003t356hoilp0zdy 0 0.6955905720338983 0.23508121468926554 0.0390625 0.05
cl4wf05m2003x356ha8qligg6 0 0.5658482142857143 0.27433035714285714 0.0265625 0.0458333333333333
cl4wf06xq0040356hx18gw35b 0 0.5796875 0.3088582493467712 0.0375 0.05416666666666667
cl4wf08be0043356h59jlarps 0 0.57109375 0.5822916666666667 0.0484375 0.04791666666666667
cl4wf09dv0046356hs9zrwnhh 0 0.9894325657894736 0.12872807017543858 0.021134868421052565 0.037499999999999985
cl4wf0afy004a356hkdxgi7g3 0 0.9045520231213873 0.19493617533718688 0.0453125 0.04791666666666667
cl4wf0bfi004e356hw8ze6alu 0 0.784583086492891 0.15175355450236966 0.0421875 0.04583333333333333
cl4wf0chk004h356h2e50ugry 0 0.8915574596774194 0.0800739247311828 0.0390625 0.043750000000000004
cl4xlv3j70003356p1771z5kq 0 0.6817410714285714 0.5889880952380953 0.034375 0.04583333333333333
cl4xlxfld000b356pb00h5yfx 0 0.51953125 0.03125 0.0390625 0.04583333333333333
cl4xlxu2n000f356p44vxccs1 0 0.95484375 0.03354166666666667 0.0421875 0.03958333333333333
cl4xma6i4000j356ptg824by4 0 0.9358524133663366 0.9880672442244225 0.027521658415841622 0.023865511551155075
