ckz3vqjlf000b3867lm528m2k 0 0.103125 0.24166666666666667 0.021875 0.029166666666666667
cl4weyuo90009356hxr59smjp 0 0.09963815789473685 0.5423355263157894 0.034375 0.03958333333333333
cl4weyxuc000d356hs8ui2qet 0 0.14982707509881424 0.31878293807641633 0.034375 0.04583333333333333
cl4wez13n000o356ho4fcafi3 0 0.1945003966854725 0.7298748236953455 0.0328125 0.04583333333333333
cl4wez248000r356hxmxncuzk 0 0.3345123626373626 0.6545100732600733 0.0375 0.05416666666666667
cl4wez35m000v356ho91qj1ps 0 0.517795138888889 0.1576388888888889 0.0328125 0.041666666666666664
cl4wez42f000y356hkxx6e1cs 0 0.4621394230769231 0.7189903846153847 0.034375 0.03958333333333333
cl4wez8o2001a356h7hvchli5 0 0.446875 0.47854166666666664 0.04375 0.052083333333333336
cl4wezaim001d356hmfktyvkm 0 0.8074501811594204 0.8375452898550725 0.0375 0.04375
cl4wezca1001h356hgsrm0ige 0 0.715625 0.8270833333333333 0.034375 0.058333333333333334
cl4wezefj001p356hdap5czbu 2 0.8116361788617887 0.5657350948509485 0.03125000000000009 0.04583333333333333
cl4wezgys001w356h3eszw0sw 0 0.925 0.7416666666666667 0.040625 0.05
cl4wezhuc001z356h9y51sfb4 0 0.9299579326923076 0.8964543269230769 0.0390625 0.04042467948717944
cl4wezke40027356hnid29qy9 0 0.60234375 0.4270437327823692 0.0390625 0.06041666666666667
cl4wezmox002e356hyjm6vpmn 0 0.667125 0.6340833333333333 0.046875 0.05416666666666667
cl4weznry002h356h93a4kbrl 0 0.5170528017241379 0.6970545977011494 0.0421875 0.04583333333333333
cl4wezoqx002l356hgdxbv8a9 0 0.41635315533980577 0.5480582524271844 0.043749999999999956 0.0625
cl4wezpz3002q356hwvtl31vv 0 0.4411582341269841 0.462119708994709 0.0328125 0.04375
cl4wezqws002u356hsr2oigkr 0 0.4324084051724138 0.299353448275862 0.0421875 0.058333333333333334
cl4wezrzq002y356hq6kf6ael 0 0.3182930424528302 0.343808962264151 0.0328125 0.04375
cl4wezu960035356h2psu8brh 0 0.32796266233766236 0.279883658008658 0.03125 0.04374999999999997
cl4wezw2q0039356hx63tml20 0 0.40432487201365186 0.23630901592719 0.0375 0.04791666666666667
cl4wezxd3003d356hnezyo6qa 0 0.46836180124223603 0.2630111283643892 0.028125 0.03958333333333333
cl4wf00sd003l356h1i0o94od 0 0.35189732142857144 0.007291666666666667 0.01875 0.014583333333333334
cl4wf04fy003t356hoilp0zdy 0 0.7610039893617022 0.3145833333333333 0.0390625 0.05
cl4wf05m2003x356ha8qligg6 0 0.6154403409090909 0.2346969696969697 0.0296875 0.04583333333333333
cl4wf06xq0040356hx18gw35b 0 0.5809393825301206 0.2970758032128514 0.0375 0.05416666666666667
cl4wf0afy004a356hkdxgi7g3 0 0.906103515625 0.1915798611111111 0.0453125 0.04791666666666667
cl4wf0bfi004e356hw8ze6alu 0 0.7896719490521328 0.15005726698262245 0.042187500000000086 0.04583333333333335
cl4wf0chk004h356h2e50ugry 0 0.9405400815217391 0.021875 0.0390625 0.04375
cl4xlxfld000b356pb00h5yfx 0 0.51953125 0.03125 0.0390625 0.04583333333333333
cl4xmf82y000v356pjqkph1gz 0 0.20255208333333333 0.2613888888888889 0.042187499999999975 0.05625
cl4xmiy2b0010356ptq250lto 0 0.616796875 0.9109375 0.0359375 0.04375
cl4xmqohy001c356pyl9kj1te 0 0.3051809210526316 0.20734649122807017 0.040625 0.05
cl4xmznqd001o356peyfv2xql 0 0.99453125 0.35 0.0109375 0.04583333333333333
cl4xn3b1s0020356pfr6fl67e 0 0.78203125 0.746875 0.0453125 0.052083333333333336
cl4xn5yk20024356p3e6e065p 0 0.9119064031862745 0.984375 0.0359375 0.03125
cl4xn774t0028356prka0yutx 0 0.2102746212121212 0.33579545454545456 0.03749999999999998 0.04583333333333333
cl4xne3lx002g356pbd7ze170 0 0.8223557692307691 0.8411057692307692 0.03125 0.04375
cl4xnhq29002o356pjjp6mcop 0 0.35 0.37604166666666666 0.034375 0.04791666666666667
cl4xnkpg9002s356psk3rvf3n 0 0.6375 0.03333333333333333 0.03125 0.03333333333333333
cl4xnqgcw0038356pcbnyu55d 0 0.9446875 0.978125 0.0234375 0.029166666666666667
