ckz3vqjlf000b3867lm528m2k 0 0.103125 0.24166666666666667 0.021875 0.029166666666666667
cl4weyuo90009356hxr59smjp 0 0.07016006097560976 0.551295731707317 0.034375 0.03958333333333333
cl4weyxuc000d356hs8ui2qet 0 0.1446414262820513 0.3409254807692308 0.034375 0.04583333333333333
cl4weyyvn000h356hhekp3hcm 0 0.827734375 0.634375 0.0296875 0.04375
cl4wez13n000o356ho4fcafi3 0 0.1933206644144144 0.73125 0.03281249999999998 0.04583333333333333
cl4wez248000r356hxmxncuzk 0 0.3034260321100918 0.6821961009174312 0.0375 0.05416666666666667
cl4wez35m000v356ho91qj1ps 0 0.4323006465517241 0.4586925287356322 0.0328125 0.041666666666666664
cl4wez42f000y356hkxx6e1cs 0 0.41686320754716977 0.7633451257861635 0.034375 0.03958333333333333
cl4wez5dr0012356hy5aioo3f 0 0.5344350961538462 0.8588942307692308 0.0359375 0.04791666666666667
cl4wez8o2001a356h7hvchli5 0 0.45765306122448984 0.7078443877551021 0.04375 0.052083333333333336
cl4wezaim001d356hmfktyvkm 0 0.7616776315789473 0.8938048245614035 0.0375 0.04375
cl4wezca1001h356hgsrm0ige 0 0.715625 0.8270833333333333 0.034375 0.058333333333333334
cl4wezefj001p356hdap5czbu 2 0.8131663602941176 0.5907781862745097 0.03124999999999991 0.04583333333333333
cl4wezfyy001s356hapqnkmsh 0 0.9824253941441441 0.7948667417417418 0.028899211711711635 0.04776651651651657
cl4wezgys001w356h3eszw0sw 0 0.925 0.7416666666666667 0.040625 0.05
cl4wezhuc001z356h9y51sfb4 0 0.9182658450704226 0.9308392018779342 0.0390625 0.03958333333333333
cl4wezke40027356hnid29qy9 0 0.598625242248062 0.4345203488372093 0.0390625 0.06041666666666667
cl4wezlqg002a356hok6cmojl 0 0.11484375 0.6351190476190476 0.0421875 0.058333333333333334
cl4wezmox002e356hyjm6vpmn 0 0.5485558712121212 0.7664141414141414 0.0390625 0.058333333333333334
cl4weznry002h356h93a4kbrl 0 0.4850467289719626 0.7366773753894081 0.0421875 0.04583333333333333
cl4wezoqx002l356hgdxbv8a9 0 0.4191037735849057 0.5592767295597484 0.043750000000000046 0.06249999999999994
cl4wezpz3002q356hwvtl31vv 0 0.44858710106382976 0.4652260638297872 0.0328125 0.04375
cl4wezqws002u356hsr2oigkr 0 0.4206442636986301 0.33130707762557077 0.042187499999999954 0.058333333333333334
cl4wezrzq002y356hq6kf6ael 0 0.31171875 0.35641606280193233 0.0328125 0.04375
cl4wezu960035356h2psu8brh 0 0.32776988636363635 0.28929924242424243 0.03125 0.04375
cl4wezw2q0039356hx63tml20 0 0.4020570054945055 0.2498282967032967 0.0375 0.04791666666666667
cl4wezxd3003d356hnezyo6qa 0 0.46108062977099235 0.2610766539440204 0.028125 0.039583333333333366
cl4wf00sd003l356h1i0o94od 0 0.3525155141843972 0.01671838061465721 0.03628102836879434 0.02927009456264775
cl4wf04fy003t356hoilp0zdy 0 0.7140024038461539 0.2623397435897436 0.0390625 0.05000000000000003
cl4wf05m2003x356ha8qligg6 0 0.5877906976744186 0.26688468992248066 0.0265625 0.04583333333333333
cl4wf06xq0040356hx18gw35b 0 0.5796875 0.30584406494960803 0.0375 0.05416666666666667
cl4wf08be0043356h59jlarps 0 0.0484375 0.9479166666666666 0.0484375 0.04791666666666667
cl4wf0afy004a356hkdxgi7g3 0 0.9057214095744681 0.18679521276595745 0.0453125 0.04791666666666667
cl4wf0bfi004e356hw8ze6alu 0 0.7864965936018958 0.15111571879936808 0.042187500000000086 0.04583333333333333
cl4wf0chk004h356h2e50ugry 0 0.9087948638613861 0.06170585808580859 0.0390625 0.043750000000000004
cl4xlv3j70003356p1771z5kq 0 0.1640625 0.8238425925925926 0.034375 0.04583333333333333
cl4xlxfld000b356pb00h5yfx 0 0.51953125 0.03125 0.0390625 0.04583333333333333
cl4xma6i4000j356ptg824by4 0 0.9520363729508198 0.9718977686703096 0.04094091530054644 0.04955601092896179
cl4xmf82y000v356pjqkph1gz 0 0.10848599137931034 0.06497844827586206 0.0421875 0.05625
cl4xmiy2b0010356ptq250lto 0 0.12861328125 0.9772135416666666 0.0419921875 0.045572916666666664
cl4xmn1pr0014356po774hc34 0 0.18104440789473683 0.2664473684210526 0.0359375 0.05416666666666667
cl4xmqohy001c356pyl9kj1te 0 0.21661931818181818 0.04109848484848485 0.04062499999999998 0.05
cl4xmtqri001g356puyk4hg02 0 0.9315972222222222 0.8666666666666667 0.03125 0.041666666666666664
