ckz3vqjlf000b3867lm528m2k 0 0.103125 0.24166666666666667 0.021875 0.029166666666666667
cl4weyuo90009356hxr59smjp 0 0.0724330357142857 0.525 0.034375 0.03958333333333333
cl4weyxuc000d356hs8ui2qet 0 0.14372495993589746 0.34275841346153846 0.034375 0.04583333333333333
cl4weyyvn000h356hhekp3hcm 0 0.59765625 0.515327380952381 0.0296875 0.04374999999999994
cl4wez06n000l356hmx66narq 0 0.01015625 0.3104166666666667 0.0203125 0.0375
cl4wez13n000o356ho4fcafi3 0 0.1930631291946309 0.7325549962714392 0.03281250000000002 0.04583333333333333
cl4wez248000r356hxmxncuzk 0 0.29293291284403666 0.6900659403669724 0.0375 0.05416666666666667
cl4wez35m000v356ho91qj1ps 0 0.4529447115384615 0.5641025641025641 0.0328125 0.041666666666666664
cl4wez42f000y356hkxx6e1cs 0 0.3794719827586207 0.778412356321839 0.034375 0.03958333333333333
cl4wez5dr0012356hy5aioo3f 0 0.5206940406976744 0.8718265503875969 0.0359375 0.04791666666666667
cl4wez8o2001a356h7hvchli5 0 0.4524816176470588 0.8140318627450981 0.04375 0.052083333333333336
cl4wezaim001d356hmfktyvkm 0 0.7640625 0.8995037085514834 0.0375 0.04375
cl4wezca1001h356hgsrm0ige 0 0.7148607336956522 0.8265738224637681 0.034375 0.058333333333333334
cl4wezdga001k356h50cpk5jb 0 0.8955422794117647 0.7535539215686274 0.0390625 0.041666666666666664
cl4wezefj001p356hdap5czbu 2 0.809375 0.6042249417249418 0.03125 0.04583333333333333
cl4wezfyy001s356hapqnkmsh 0 0.9734375 0.8009837962962963 0.046875 0.052083333333333336
cl4wezgys001w356h3eszw0sw 0 0.925 0.7416666666666667 0.040625 0.05
cl4wezhuc001z356h9y51sfb4 0 0.9174035213097713 0.933045304920305 0.0390625 0.03958333333333333
cl4wezke40027356hnid29qy9 0 0.5960861280487805 0.43907520325203253 0.0390625 0.06041666666666667
cl4wezlqg002a356hok6cmojl 0 0.2913383152173913 0.5161231884057972 0.0421875 0.05833333333333339
cl4wezmox002e356hyjm6vpmn 0 0.61865625 0.7825833333333333 0.0390625 0.058333333333333334
cl4weznry002h356h93a4kbrl 0 0.48103825934579436 0.7446943146417445 0.0421875 0.04583333333333333
cl4wezoqx002l356hgdxbv8a9 0 0.4344328703703703 0.5665123456790123 0.04375 0.0625
cl4wezpz3002q356hwvtl31vv 0 0.4445114715189874 0.4844365330520394 0.0328125 0.04375
cl4wezqws002u356hsr2oigkr 0 0.4182291666666667 0.3556712962962963 0.042187500000000044 0.058333333333333334
cl4wezrzq002y356hq6kf6ael 0 0.31308117378048783 0.35702489837398377 0.0328125 0.04375
cl4wezu960035356h2psu8brh 0 0.33753063725490196 0.29438316993464053 0.03125 0.04375
cl4wezw2q0039356hx63tml20 0 0.40119977678571433 0.2540922619047619 0.03750000000000005 0.0479166666666667
cl4wezxd3003d356hnezyo6qa 0 0.45822233606557383 0.26145833333333335 0.028125 0.03958333333333333
cl4wf00sd003l356h1i0o94od 0 0.35332668439716314 0.019422281323877067 0.03790336879432625 0.03467789598108747
cl4wf04fy003t356hoilp0zdy 0 0.6974537037037037 0.26242283950617284 0.0390625 0.05
cl4wf05m2003x356ha8qligg6 0 0.5765066964285714 0.27291666666666664 0.0265625 0.04583333333333333
cl4wf06xq0040356hx18gw35b 0 0.5796875 0.30755179171332586 0.0375 0.05416666666666667
cl4wf08be0043356h59jlarps 0 0.35953124999999997 0.7681944444444445 0.0484375 0.04791666666666667
cl4wf0afy004a356hkdxgi7g3 0 0.9077131502890173 0.1915643063583815 0.0453125 0.04791666666666667
cl4wf0bfi004e356hw8ze6alu 0 0.7854124703791469 0.15147709320695102 0.04218749999999991 0.04583333333333333
cl4wf0chk004h356h2e50ugry 0 0.9030795784883721 0.07265019379844961 0.0390625 0.04375
cl4xlv3j70003356p1771z5kq 0 0.4559979838709677 0.7058467741935484 0.034375 0.04583333333333333
cl4xlxfld000b356pb00h5yfx 0 0.51953125 0.03125 0.0390625 0.04583333333333333
cl4xma6i4000j356ptg824by4 0 0.9504024621212122 0.9817655723905723 0.03868371212121211 0.03646885521885525
cl4xmf82y000v356pjqkph1gz 0 0.15965909090909092 0.020170454545454543 0.034659090909090896 0.04034090909090909
