ckz3vqjlf000b3867lm528m2k 0 0.103125 0.24166666666666667 0.021875 0.029166666666666667
cl4weyuo90009356hxr59smjp 0 0.07122395833333334 0.5333333333333333 0.034375 0.03958333333333333
cl4weyxuc000d356hs8ui2qet 0 0.14431590544871795 0.3415765224358974 0.034375 0.04583333333333333
cl4weyyvn000h356hhekp3hcm 0 0.7283854166666667 0.5989583333333334 0.0296875 0.04375
cl4wez13n000o356ho4fcafi3 0 0.1943005453020134 0.7314550708426547 0.0328125 0.04583333333333333
cl4wez248000r356hxmxncuzk 0 0.29969896788990824 0.6849913990825688 0.0375 0.05416666666666667
cl4wez35m000v356ho91qj1ps 0 0.4378216911764706 0.4817401960784314 0.0328125 0.041666666666666664
cl4wez42f000y356hkxx6e1cs 0 0.4012096774193548 0.7733534946236559 0.034374999999999954 0.03958333333333333
cl4wez5dr0012356hy5aioo3f 0 0.5288681402439025 0.8604420731707317 0.0359375 0.04791666666666667
cl4wez8o2001a356h7hvchli5 0 0.4578125 0.7395833333333334 0.04375 0.052083333333333336
cl4wezaim001d356hmfktyvkm 0 0.7631986788617886 0.8955030487804877 0.0375 0.04375
cl4wezca1001h356hgsrm0ige 0 0.715625 0.8270833333333333 0.034375 0.058333333333333334
cl4wezdga001k356h50cpk5jb 0 0.8515165441176471 0.9370098039215686 0.0390625 0.05416666666666667
cl4wezefj001p356hdap5czbu 2 0.809375 0.5964889277389278 0.03125 0.04583333333333333
cl4wezfyy001s356hapqnkmsh 0 0.9734375 0.7975694444444444 0.046875 0.052083333333333336
cl4wezgys001w356h3eszw0sw 0 0.925 0.7416666666666667 0.040625 0.05
cl4wezhuc001z356h9y51sfb4 0 0.9177868373180873 0.9325342169092169 0.0390625 0.03958333333333333
cl4wezke40027356hnid29qy9 0 0.5978379360465116 0.4360949612403101 0.0390625 0.06041666666666667
cl4wezlqg002a356hok6cmojl 0 0.16834375 0.59475 0.0421875 0.058333333333333334
cl4wezmox002e356hyjm6vpmn 0 0.5650390625 0.7955729166666666 0.0390625 0.058333333333333334
cl4weznry002h356h93a4kbrl 0 0.4836229556074766 0.7395249221183801 0.0421875 0.04583333333333333
cl4wezoqx002l356hgdxbv8a9 0 0.4200619103773585 0.5618317610062893 0.04375 0.0625
cl4wezpz3002q356hwvtl31vv 0 0.446360518292683 0.47289126016260163 0.0328125 0.04375
cl4wezqws002u356hsr2oigkr 0 0.42336647727272725 0.3321969696969697 0.0421875 0.058333333333333334
cl4wezrzq002y356hq6kf6ael 0 0.31195693597560975 0.35552591463414634 0.0328125 0.04375
cl4wezu960035356h2psu8brh 0 0.32927766393442626 0.2887636612021858 0.03125 0.04375
cl4wezw2q0039356hx63tml20 0 0.40183379120879115 0.251316391941392 0.03749999999999996 0.0479166666666667
cl4wezxd3003d356hnezyo6qa 0 0.46023736338797816 0.26145833333333335 0.028125 0.03958333333333333
cl4wf00sd003l356h1i0o94od 0 0.352803634751773 0.017678782505910165 0.036857269503546106 0.031190898345153664
cl4wf04fy003t356hoilp0zdy 0 0.7084895833333333 0.26569444444444446 0.0390625 0.05
cl4wf05m2003x356ha8qligg6 0 0.5842478197674419 0.2684593023255814 0.0265625 0.04583333333333333
cl4wf06xq0040356hx18gw35b 0 0.5796875 0.30645063456513627 0.0375 0.05416666666666667
cl4wf08be0043356h59jlarps 0 0.1678485576923077 0.9205929487179486 0.0484375 0.04791666666666667
cl4wf0afy004a356hkdxgi7g3 0 0.9070179521276597 0.18852393617021276 0.0453125 0.04791666666666667
cl4wf0bfi004e356hw8ze6alu 0 0.7861115225118483 0.15124407582938387 0.0421875 0.045833333333333316
cl4wf0chk004h356h2e50ugry 0 0.906295421511628 0.06693313953488372 0.0390625 0.04375
cl4xlv3j70003356p1771z5kq 0 0.27218749999999997 0.7904166666666667 0.034375 0.04583333333333333
cl4xlxfld000b356pb00h5yfx 0 0.51953125 0.03125 0.0390625 0.04583333333333333
cl4xma6i4000j356ptg824by4 0 0.9528688524590164 0.9755976775956284 0.04149590163934427 0.04511612021857931
cl4xmczp4000r356p5kgem2ty 0 0.6397235576923077 0.13982371794871795 0.0328125 0.04375
cl4xmf82y000v356pjqkph1gz 0 0.13347355769230768 0.0872596153846154 0.0421875 0.05625000000000001
cl4xmiy2b0010356ptq250lto 0 0.07064732142857143 0.9739583333333334 0.0390625 0.052083333333333336
cl4xmn1pr0014356po774hc34 0 0.05606971153846154 0.38125 0.0359375 0.05416666666666667
cl4xmp20f0018356prwcb12ol 0 0.37390625 0.027291666666666665 0.03656250000000001 0.04958333333333333
cl4xmtqri001g356puyk4hg02 0 0.9745535714285716 0.6834821428571428 0.035267857142857115 0.042559523809523846
