ckz3vqjlf000b3867lm528m2k 0 0.103125 0.24166666666666667 0.021875 0.029166666666666667
cl4weyuo90009356hxr59smjp 0 0.07102004716981132 0.519870283018868 0.034375 0.03958333333333333
cl4weyxuc000d356hs8ui2qet 0 0.14342948717948717 0.343349358974359 0.034375 0.04583333333333333
cl4weyyvn000h356hhekp3hcm 0 0.5202713815789474 0.4673793859649123 0.0296875 0.04375
cl4wez06n000l356hmx66narq 0 0.0578125 0.3847222222222222 0.028125 0.041666666666666664
cl4wez13n000o356ho4fcafi3 0 0.1924444211409396 0.7331049589858315 0.0328125 0.04583333333333333
cl4wez248000r356hxmxncuzk 0 0.28954988532110093 0.6926032110091743 0.0375 0.05416666666666667
cl4wez35m000v356ho91qj1ps 0 0.4402157738095238 0.6099206349206349 0.0328125 0.041666666666666664
cl4wez42f000y356hkxx6e1cs 0 0.3773716517857143 0.7808779761904762 0.034375 0.03958333333333333
cl4wez5dr0012356hy5aioo3f 0 0.5142623546511629 0.8784964470284238 0.0359375 0.04791666666666667
cl4wez8o2001a356h7hvchli5 0 0.45359848484848486 0.8447285353535354 0.04375 0.052083333333333336
cl4wezaim001d356hmfktyvkm 0 0.7640625 0.9001472513089006 0.0375 0.04375
cl4wezca1001h356hgsrm0ige 0 0.713858695652174 0.8259057971014492 0.034375 0.058333333333333334
cl4wezdga001k356h50cpk5jb 0 0.9698660714285714 0.7366071428571428 0.03125 0.05
cl4wezefj001p356hdap5czbu 2 0.809375 0.6080929487179486 0.03125 0.04583333333333333
cl4wezfyy001s356hapqnkmsh 0 0.9734375 0.8026909722222223 0.046875 0.052083333333333336
cl4wezgys001w356h3eszw0sw 0 0.925 0.7416666666666667 0.040625 0.05
cl4wezhuc001z356h9y51sfb4 0 0.9172118633056133 0.933300848925849 0.0390625 0.03958333333333333
cl4wezke40027356hnid29qy9 0 0.5951867378048781 0.4405741869918699 0.0390625 0.06041666666666667
cl4wezlqg002a356hok6cmojl 0 0.36107536764705883 0.5004901960784314 0.0421875 0.058333333333333334
cl4wezmox002e356hyjm6vpmn 0 0.6337357954545454 0.7560606060606061 0.0390625 0.058333333333333334
cl4weznry002h356h93a4kbrl 0 0.48046875 0.7468594527363184 0.0421875 0.04583333333333333
cl4wezoqx002l356hgdxbv8a9 0 0.4539799528301887 0.5608883647798742 0.04375 0.06250000000000006
cl4wezpz3002q356hwvtl31vv 0 0.44334454113924054 0.48806698312236285 0.0328125 0.04375
cl4wezqws002u356hsr2oigkr 0 0.428564453125 0.3689453125 0.0421875 0.058333333333333334
cl4wezrzq002y356hq6kf6ael 0 0.31328125 0.3572916666666667 0.0328125 0.04375
cl4wezu960035356h2psu8brh 0 0.3264375 0.29512499999999997 0.03125 0.04375
cl4wezw2q0039356hx63tml20 0 0.4006510416666667 0.25555555555555554 0.03750000000000005 0.047916666666666635
cl4wezxd3003d356hnezyo6qa 0 0.454373034591195 0.26099973794549264 0.028125 0.03958333333333333
cl4wf00sd003l356h1i0o94od 0 0.3535882092198582 0.02029403073286052 0.03842641843971632 0.036421394799054374
cl4wf04fy003t356hoilp0zdy 0 0.69609375 0.24588963963963964 0.0390625 0.05
cl4wf05m2003x356ha8qligg6 0 0.5715680803571429 0.27291666666666664 0.0265625 0.04583333333333333
cl4wf06xq0040356hx18gw35b 0 0.5796875 0.3081023702874207 0.0375 0.05416666666666667
cl4wf08be0043356h59jlarps 0 0.4326822916666667 0.6890625 0.0484375 0.04791666666666667
cl4wf0afy004a356hkdxgi7g3 0 0.906380960982659 0.19298530828516378 0.0453125 0.04791666666666667
cl4wf0bfi004e356hw8ze6alu 0 0.7850629443127962 0.1515936018957346 0.0421875 0.045833333333333316
cl4wf0chk004h356h2e50ugry 0 0.8985701650943396 0.07521619496855346 0.0390625 0.04375
cl4xlv3j70003356p1771z5kq 0 0.5514508928571429 0.6322916666666667 0.034375 0.04583333333333333
cl4xlxfld000b356pb00h5yfx 0 0.51953125 0.03125 0.0390625 0.04583333333333333
cl4xma6i4000j356ptg824by4 0 0.944815340909091 0.9842487373737374 0.033096590909090826 0.03150252525252526
cl4xmb25y000n356pqvwcm5hf 0 0.9611505681818182 0.08958333333333333 0.04076704545454533 0.04772727272727272
cl4xmf82y000v356pjqkph1gz 0 0.18203125 0.016666666666666666 0.0296875 0.03333333333333333
