ckz3vqjlf000b3867lm528m2k 0 0.103125 0.24166666666666667 0.021875 0.029166666666666667
cl4weyuo90009356hxr59smjp 0 0.10060096153846154 0.5699519230769231 0.034375 0.03958333333333333
cl4weyxuc000d356hs8ui2qet 0 0.14425024703557313 0.31984519104084325 0.034375 0.04583333333333333
cl4wez13n000o356ho4fcafi3 0 0.19364752291960508 0.7302538787023977 0.0328125 0.04583333333333333
cl4wez248000r356hxmxncuzk 0 0.3254040948275862 0.6623204022988506 0.0375 0.05416666666666667
cl4wez35m000v356ho91qj1ps 0 0.45859375 0.2096875 0.0328125 0.041666666666666664
cl4wez42f000y356hkxx6e1cs 0 0.45553668478260867 0.7225090579710145 0.034375 0.03958333333333333
cl4wez8o2001a356h7hvchli5 0 0.4441105769230769 0.5125801282051282 0.04375 0.052083333333333336
cl4wezaim001d356hmfktyvkm 0 0.7849676724137931 0.8299688697318007 0.0375 0.04375
cl4wezca1001h356hgsrm0ige 0 0.715625 0.8270833333333333 0.034375 0.058333333333333334
cl4wezefj001p356hdap5czbu 2 0.8077586206896552 0.5709051724137931 0.03125 0.04583333333333333
cl4wezgys001w356h3eszw0sw 0 0.925 0.7416666666666667 0.040625 0.05
cl4wezhuc001z356h9y51sfb4 0 0.9271843112244899 0.9022321428571428 0.0390625 0.03958333333333333
cl4wezke40027356hnid29qy9 0 0.60234375 0.4297090220385675 0.0390625 0.06041666666666667
cl4wezmox002e356hyjm6vpmn 0 0.6388081395348837 0.5491279069767442 0.046875 0.054166666666666606
cl4weznry002h356h93a4kbrl 0 0.5061848958333333 0.7029947916666667 0.0421875 0.04583333333333333
cl4wezoqx002l356hgdxbv8a9 0 0.4157552083333333 0.544704861111111 0.043749999999999956 0.06249999999999994
cl4wezpz3002q356hwvtl31vv 0 0.4416126179245283 0.47250393081761005 0.0328125 0.04375
cl4wezqws002u356hsr2oigkr 0 0.42578125 0.2935606060606061 0.0421875 0.058333333333333334
cl4wezrzq002y356hq6kf6ael 0 0.3146282327586207 0.3473060344827586 0.0328125 0.04375
cl4wezu960035356h2psu8brh 0 0.32115995762711863 0.27971398305084744 0.03125 0.04375
cl4wezw2q0039356hx63tml20 0 0.4036369453924915 0.23997795790671217 0.03750000000000005 0.04791666666666667
cl4wezxd3003d356hnezyo6qa 0 0.46662149234693884 0.25956632653061223 0.028125 0.039583333333333366
cl4wf00sd003l356h1i0o94od 0 0.3509265988372093 0.007388565891472868 0.021729651162790686 0.014777131782945737
cl4wf04fy003t356hoilp0zdy 0 0.7518645833333333 0.30388888888888893 0.0390625 0.05
cl4wf05m2003x356ha8qligg6 0 0.6105298913043479 0.24202898550724639 0.0296875 0.04583333333333333
cl4wf06xq0040356hx18gw35b 0 0.5797251506024097 0.30193273092369477 0.0375 0.05416666666666667
cl4wf0afy004a356hkdxgi7g3 0 0.908203125 0.18784722222222222 0.0453125 0.04791666666666667
cl4wf0bfi004e356hw8ze6alu 0 0.788907731042654 0.15031200631911534 0.0421875 0.04583333333333335
cl4wf0chk004h356h2e50ugry 0 0.9345717176258994 0.02682104316546763 0.0390625 0.04375
cl4xlxfld000b356pb00h5yfx 0 0.51953125 0.03125 0.0390625 0.04583333333333333
cl4xmf82y000v356pjqkph1gz 0 0.17373383620689656 0.18473419540229885 0.0421875 0.05625
cl4xmiy2b0010356ptq250lto 0 0.5147727272727273 0.8613636363636363 0.046875 0.05
cl4xmqohy001c356pyl9kj1te 0 0.2611842105263158 0.18322368421052632 0.040625 0.05
cl4xmx044001k356pqs3juiuc 0 0.02764423076923077 0.3996794871794872 0.042067307692307696 0.05288461538461539
cl4xmznqd001o356peyfv2xql 0 0.99453125 0.35 0.0109375 0.04583333333333333
cl4xn3b1s0020356pfr6fl67e 0 0.5730823863636363 0.8974431818181817 0.0453125 0.052083333333333336
cl4xn5yk20024356p3e6e065p 0 0.9114123774509804 0.984375 0.0359375 0.03125
cl4xn774t0028356prka0yutx 0 0.34713541666666664 0.2630208333333333 0.0375 0.046180555555555565
cl4xne3lx002g356pbd7ze170 0 0.8348958333333334 0.9024305555555556 0.03125 0.04375
cl4xnhq29002o356pjjp6mcop 0 0.19854910714285717 0.427827380952381 0.034375000000000024 0.03958333333333333
cl4xnnibs002w356pt04k2r7z 0 0.9892578125 0.9109375 0.021484375 0.034375
cl4xnosel0030356pcdlyenp4 0 0.9832812499999999 0.9008333333333333 0.027812500000000108 0.0366666666666666
