ckz3vqjlf000b3867lm528m2k 0 0.103125 0.24166666666666667 0.021875 0.029166666666666667
cl4weyuo90009356hxr59smjp 0 0.10411184210526317 0.538358918128655 0.034375 0.039583333333333394
cl4weyxuc000d356hs8ui2qet 0 0.15615671641791046 0.31669776119402987 0.034375 0.04583333333333333
cl4wez13n000o356ho4fcafi3 0 0.19496319640338505 0.7296691349318288 0.03281250000000002 0.04583333333333333
cl4wez248000r356hxmxncuzk 0 0.3406023550724638 0.6513134057971014 0.0375 0.05416666666666667
cl4wez35m000v356ho91qj1ps 0 0.5415264423076923 0.17211538461538461 0.0328125 0.041666666666666664
cl4wez42f000y356hkxx6e1cs 0 0.46705452127659575 0.7163785460992907 0.034375 0.03958333333333333
cl4wez8o2001a356h7hvchli5 0 0.44620535714285714 0.4569940476190476 0.04375 0.052083333333333336
cl4wezaim001d356hmfktyvkm 0 0.8121167452830189 0.8455778301886793 0.03750000000000009 0.04375
cl4wezca1001h356hgsrm0ige 0 0.715625 0.8270833333333333 0.034375 0.058333333333333334
cl4wezefj001p356hdap5czbu 2 0.8160823170731707 0.5598069105691057 0.03125 0.04583333333333333
cl4wezgys001w356h3eszw0sw 0 0.925 0.7416666666666667 0.040625 0.05
cl4wezhuc001z356h9y51sfb4 0 0.9334635416666666 0.8950520833333333 0.0390625 0.043229166666666666
cl4wezke40027356hnid29qy9 0 0.60234375 0.42559745179063363 0.0390625 0.06041666666666667
cl4wezmox002e356hyjm6vpmn 0 0.6681640625 0.6884114583333333 0.046875 0.05416666666666667
cl4weznry002h356h93a4kbrl 0 0.5206656678082192 0.6916666666666667 0.0421875 0.04583333333333333
cl4wezoqx002l356hgdxbv8a9 0 0.41953883495145633 0.5395631067961165 0.043750000000000046 0.06250000000000006
cl4wezpz3002q356hwvtl31vv 0 0.44252232142857145 0.4525297619047619 0.0328125 0.04375
cl4wezqws002u356hsr2oigkr 0 0.4393526785714286 0.2938690476190476 0.0421875 0.058333333333333307
cl4wezrzq002y356hq6kf6ael 0 0.3198046875 0.34197916666666667 0.0328125 0.04375
cl4wezu960035356h2psu8brh 0 0.3270394736842105 0.27297149122807013 0.03125 0.04374999999999997
cl4wezw2q0039356hx63tml20 0 0.4046875 0.234375 0.0375 0.04791666666666667
cl4wezxd3003d356hnezyo6qa 0 0.4676824534161491 0.26572851966873706 0.028125 0.039583333333333366
cl4wf04fy003t356hoilp0zdy 0 0.7644946808510638 0.3145833333333333 0.0390625 0.05
cl4wf05m2003x356ha8qligg6 0 0.621924268018018 0.23141891891891891 0.0296875 0.04583333333333333
cl4wf06xq0040356hx18gw35b 0 0.58125 0.29706338652482267 0.0375 0.05416666666666667
cl4wf0afy004a356hkdxgi7g3 0 0.90546875 0.19270833333333334 0.0453125 0.04791666666666667
cl4wf0bfi004e356hw8ze6alu 0 0.78984375 0.15 0.0421875 0.04583333333333333
cl4wf0chk004h356h2e50ugry 0 0.9488620923913043 0.021875 0.0390625 0.04375
cl4xlxfld000b356pb00h5yfx 0 0.51953125 0.03125 0.0390625 0.04583333333333333
cl4xmf82y000v356pjqkph1gz 0 0.23936298076923074 0.2598557692307692 0.0421875 0.05625
cl4xmiy2b0010356ptq250lto 0 0.65546875 0.9809027777777778 0.03400297619047628 0.03343253968253966
cl4xmqohy001c356pyl9kj1te 0 0.31015625 0.19479166666666667 0.040625 0.05
cl4xmznqd001o356peyfv2xql 0 0.99453125 0.35 0.0109375 0.04583333333333333
cl4xn3b1s0020356pfr6fl67e 0 0.887109375 0.7520833333333333 0.0453125 0.052083333333333336
cl4xn5yk20024356p3e6e065p 0 0.9121744791666666 0.984375 0.0359375 0.03125
cl4xn774t0028356prka0yutx 0 0.14299107142857143 0.24327380952380953 0.0375 0.04583333333333333
cl4xne3lx002g356pbd7ze170 0 0.8092237903225806 0.8027889784946236 0.03125 0.04375
cl4xnhq29002o356pjjp6mcop 0 0.4259615384615385 0.2962339743589743 0.034375 0.04791666666666667
cl4xnkpg9002s356psk3rvf3n 0 0.7103125 0.12416666666666666 0.028125 0.04166666666666665
cl4xnqgcw0038356pcbnyu55d 0 0.9297585227272727 0.9524147727272727 0.029119318181818166 0.03589015151515144
