ckz3vqjlf000b3867lm528m2k 0 0.103125 0.24166666666666667 0.021875 0.029166666666666667
cl4weyuo90009356hxr59smjp 0 0.07206632653061225 0.5526147959183674 0.034375 0.03958333333333333
cl4weyxuc000d356hs8ui2qet 0 0.14471654647435897 0.3407752403846154 0.034375 0.04583333333333333
cl4weyyvn000h356hhekp3hcm 0 0.8547991071428571 0.6400297619047619 0.0296875 0.04375
cl4wez13n000o356ho4fcafi3 0 0.1928983671171171 0.73125 0.0328125 0.04583333333333333
cl4wez248000r356hxmxncuzk 0 0.30428612385321097 0.6815510321100917 0.0375 0.05416666666666667
cl4wez35m000v356ho91qj1ps 0 0.4286830357142857 0.45461309523809523 0.0328125 0.041666666666666664
cl4wez42f000y356hkxx6e1cs 0 0.41863207547169806 0.7615762578616353 0.034375 0.03958333333333333
cl4wez5dr0012356hy5aioo3f 0 0.5362379807692308 0.8569711538461539 0.0359375 0.04791666666666667
cl4wez8o2001a356h7hvchli5 0 0.4571747448979592 0.6970025510204081 0.04375 0.052083333333333336
cl4wezaim001d356hmfktyvkm 0 0.759666313559322 0.8960628531073447 0.0375 0.04375
cl4wezca1001h356hgsrm0ige 0 0.715625 0.8270833333333333 0.034375 0.058333333333333334
cl4wezefj001p356hdap5czbu 2 0.8140267857142858 0.5895119047619047 0.03125000000000009 0.04583333333333333
cl4wezfyy001s356hapqnkmsh 0 0.9831644144144145 0.7950075075075075 0.02742117117117111 0.04748498498498499
cl4wezgys001w356h3eszw0sw 0 0.925 0.7416666666666667 0.040625 0.05
cl4wezhuc001z356h9y51sfb4 0 0.9187610035211268 0.928418427230047 0.0390625 0.03958333333333333
cl4wezke40027356hnid29qy9 0 0.5988069282945736 0.434156976744186 0.0390625 0.06041666666666667
cl4wezlqg002a356hok6cmojl 0 0.103125 0.6529761904761905 0.0421875 0.058333333333333334
cl4wezmox002e356hyjm6vpmn 0 0.5435842803030303 0.7645202020202021 0.0390625 0.058333333333333334
cl4weznry002h356h93a4kbrl 0 0.48537529205607477 0.7360202492211838 0.0421875 0.04583333333333333
cl4wezoqx002l356hgdxbv8a9 0 0.4188826650943396 0.558687106918239 0.043749999999999956 0.0625
cl4wezpz3002q356hwvtl31vv 0 0.4495844414893617 0.46256648936170214 0.0328125 0.04375
cl4wezqws002u356hsr2oigkr 0 0.419038955479452 0.3300228310502283 0.042187499999999954 0.058333333333333334
cl4wezrzq002y356hq6kf6ael 0 0.31171875 0.35686896135265705 0.0328125 0.04375
cl4wezu960035356h2psu8brh 0 0.32750355113636365 0.2914299242424242 0.03125 0.04375
cl4wezw2q0039356hx63tml20 0 0.4021085164835164 0.24948489010989008 0.03749999999999996 0.047916666666666635
cl4wezxd3003d356hnezyo6qa 0 0.46117008587786257 0.26083810432569976 0.028125 0.03958333333333333
cl4wf00sd003l356h1i0o94od 0 0.352449024822695 0.01649674940898345 0.03614804964539009 0.028826832151300233
cl4wf04fy003t356hoilp0zdy 0 0.7158052884615385 0.2671474358974359 0.0390625 0.05
cl4wf05m2003x356ha8qligg6 0 0.588608284883721 0.2665213178294573 0.0265625 0.0458333333333333
cl4wf06xq0040356hx18gw35b 0 0.5796875 0.30570408734602467 0.0375 0.05416666666666667
cl4wf08be0043356h59jlarps 0 0.017812500000000002 0.9420833333333333 0.035625000000000004 0.042499999999999954
cl4wf0afy004a356hkdxgi7g3 0 0.9054222074468085 0.18639627659574468 0.0453125 0.04791666666666667
cl4wf0bfi004e356hw8ze6alu 0 0.7865854561611375 0.15108609794628752 0.042187500000000086 0.04583333333333335
cl4wf0chk004h356h2e50ugry 0 0.9094910272277227 0.060158828382838286 0.0390625 0.043750000000000004
cl4xlv3j70003356p1771z5kq 0 0.13874999999999998 0.82875 0.034375 0.04583333333333333
cl4xlxfld000b356pb00h5yfx 0 0.51953125 0.03125 0.0390625 0.04583333333333333
cl4xma6i4000j356ptg824by4 0 0.951844262295082 0.9710439435336976 0.04081284153005456 0.05058060109289618
cl4xmf82y000v356pjqkph1gz 0 0.10890625000000001 0.06927083333333334 0.0421875 0.05625
cl4xmiy2b0010356ptq250lto 0 0.1453125 0.9791666666666666 0.04375 0.041666666666666664
cl4xmn1pr0014356po774hc34 0 0.21165081521739132 0.2418478260869565 0.0359375 0.05416666666666667
cl4xmqohy001c356pyl9kj1te 0 0.2263888888888889 0.05868055555555555 0.040625 0.049999999999999996
cl4xmtqri001g356puyk4hg02 0 0.936328125 0.9401041666666666 0.03203125 0.042708333333333334
