ckz3vqjlf000b3867lm528m2k 0 0.103125 0.24166666666666667 0.021875 0.029166666666666667
cl4weyuo90009356hxr59smjp 0 0.13222287735849056 0.47604166666666664 0.034375 0.03958333333333333
cl4weyxuc000d356hs8ui2qet 0 0.18578345070422536 0.3090962441314554 0.034375 0.04583333333333333
cl4wez13n000o356ho4fcafi3 0 0.20950520833333336 0.7328993055555556 0.03281250000000002 0.04583333333333333
cl4wez248000r356hxmxncuzk 0 0.3706140350877193 0.6412463450292397 0.0375 0.05836988304093573
cl4wez35m000v356ho91qj1ps 0 0.5834670608108108 0.26537162162162165 0.0328125 0.0416666666666667
cl4wez42f000y356hkxx6e1cs 0 0.49406249999999996 0.6860416666666667 0.034375 0.03958333333333333
cl4wez8o2001a356h7hvchli5 0 0.486328125 0.28923611111111114 0.04375 0.05208333333333336
cl4wezaim001d356hmfktyvkm 0 0.8413461538461539 0.8856570512820513 0.0375 0.04375
cl4wezca1001h356hgsrm0ige 0 0.715625 0.8270833333333333 0.034375 0.058333333333333334
cl4wezefj001p356hdap5czbu 2 0.8296875 0.5375 0.03125 0.04583333333333333
cl4wezgys001w356h3eszw0sw 0 0.925 0.7416666666666667 0.040625 0.05
cl4wezhuc001z356h9y51sfb4 0 0.95546875 0.88125 0.0390625 0.04583333333333333
cl4wezke40027356hnid29qy9 0 0.6033052884615385 0.4197916666666667 0.0390625 0.06041666666666667
cl4wezmox002e356hyjm6vpmn 0 0.5345880681818181 0.7540404040404041 0.047206439393939446 0.05416666666666667
cl4weznry002h356h93a4kbrl 0 0.5366145833333333 0.6673611111111111 0.0421875 0.04583333333333333
cl4wezoqx002l356hgdxbv8a9 0 0.4296875 0.5317974452554745 0.04375 0.0625
cl4wezpz3002q356hwvtl31vv 0 0.43984375 0.4510416666666667 0.0328125 0.04375
cl4wezqws002u356hsr2oigkr 0 0.42015624999999995 0.2783333333333334 0.03718750000000002 0.055000000000000014
cl4wezrzq002y356hq6kf6ael 0 0.32265625 0.334375 0.0328125 0.04375
cl4wezu960035356h2psu8brh 0 0.33375 0.23854166666666668 0.03125 0.04375
cl4wezw2q0039356hx63tml20 0 0.4046875 0.234375 0.0375 0.04791666666666667
cl4wezxd3003d356hnezyo6qa 0 0.4673660714285714 0.278125 0.028125 0.03958333333333333
cl4wf04fy003t356hoilp0zdy 0 0.8356370192307692 0.36682692307692305 0.0390625 0.05
cl4wf05m2003x356ha8qligg6 0 0.63984375 0.2125 0.0296875 0.04583333333333333
cl4wf06xq0040356hx18gw35b 0 0.58125 0.29859234234234233 0.0375 0.05416666666666667
cl4wf0afy004a356hkdxgi7g3 0 0.9082741477272727 0.1908380681818182 0.0453125 0.04791666666666667
cl4wf0bfi004e356hw8ze6alu 0 0.78984375 0.15 0.0421875 0.04583333333333333
cl4xlxfld000b356pb00h5yfx 0 0.51953125 0.03125 0.0390625 0.04583333333333333
cl4xmf82y000v356pjqkph1gz 0 0.3027604166666667 0.38354166666666667 0.0421875 0.05625
cl4xmqohy001c356pyl9kj1te 0 0.33206018518518515 0.15439814814814815 0.040625 0.05
cl4xmznqd001o356peyfv2xql 0 0.99453125 0.35 0.0109375 0.04583333333333333
cl4xn5yk20024356p3e6e065p 0 0.91328125 0.984375 0.0359375 0.03125
cl4xn774t0028356prka0yutx 0 0.26822916666666663 0.3496527777777778 0.034375 0.04375
cl4xne3lx002g356pbd7ze170 0 0.7434244791666667 0.5770833333333333 0.03125 0.04375
cl4xnhq29002o356pjjp6mcop 0 0.2453125 0.49270833333333336 0.034375 0.04791666666666667
cl4xnqgcw0038356pcbnyu55d 0 0.8257068452380952 0.8859623015873016 0.0328125 0.03958333333333333
cl4xnsckt003c356pmcyaeudd 0 0.9209821428571429 0.9764880952380952 0.0375 0.035416666666666666
cl4xntqox003k356pqgw880oc 0 0.89609375 0.3375 0.0359375 0.04583333333333333
cl4xnyvvb0040356p3vqqo9nf 0 0.2948958333333333 0.19583333333333333 0.03125 0.041666666666666664
