ckz3vqjlf000b3867lm528m2k 0 0.103125 0.24166666666666667 0.021875 0.029166666666666667
cl4weyuo90009356hxr59smjp 0 0.066015625 0.5291666666666667 0.034375 0.03958333333333333
cl4weyxuc000d356hs8ui2qet 0 0.14315404647435898 0.34390024038461536 0.034375 0.04583333333333333
cl4weyyvn000h356hhekp3hcm 0 0.4453993055555555 0.4244212962962963 0.0296875 0.04375
cl4wez06n000l356hmx66narq 0 0.11428571428571428 0.4660714285714286 0.028125 0.041666666666666664
cl4wez13n000o356ho4fcafi3 0 0.19186765939597317 0.7336176360924683 0.03281250000000002 0.04583333333333333
cl4wez248000r356hxmxncuzk 0 0.2863962155963303 0.6949684633027523 0.0375 0.05416666666666667
cl4wez35m000v356ho91qj1ps 0 0.42418064024390245 0.6340955284552846 0.0328125 0.041666666666666664
cl4wez42f000y356hkxx6e1cs 0 0.37442434210526315 0.7830592105263158 0.034375 0.03958333333333333
cl4wez5dr0012356hy5aioo3f 0 0.50859375 0.884837962962963 0.0359375 0.04791666666666667
cl4wez8o2001a356h7hvchli5 0 0.4515625 0.8772804054054054 0.04375 0.052083333333333336
cl4wezaim001d356hmfktyvkm 0 0.7640625 0.9007471640488657 0.0375 0.04375
cl4wezca1001h356hgsrm0ige 0 0.7129245923913043 0.8252830615942028 0.034375 0.058333333333333334
cl4wezdga001k356h50cpk5jb 0 0.9662860576923077 0.8334134615384615 0.0390625 0.04375
cl4wezefj001p356hdap5czbu 2 0.809375 0.611698717948718 0.03125 0.04583333333333333
cl4wezfyy001s356hapqnkmsh 0 0.9731692596566524 0.8024096924177396 0.046875 0.052083333333333336
cl4wezgys001w356h3eszw0sw 0 0.925 0.7416666666666667 0.040625 0.05
cl4wezhuc001z356h9y51sfb4 0 0.917033199064449 0.9335390679140679 0.0390625 0.03958333333333333
cl4wezke40027356hnid29qy9 0 0.5943483231707317 0.4419715447154472 0.0390625 0.06041666666666667
cl4wezlqg002a356hok6cmojl 0 0.41630208333333335 0.45666666666666667 0.0421875 0.058333333333333334
cl4wezmox002e356hyjm6vpmn 0 0.6342329545454546 0.734375 0.0390625 0.058333333333333334
cl4weznry002h356h93a4kbrl 0 0.47831711065573773 0.7479166666666667 0.0421875 0.04583333333333333
cl4wezoqx002l356hgdxbv8a9 0 0.4496875 0.5633333333333332 0.04375 0.06249999999999994
cl4wezpz3002q356hwvtl31vv 0 0.44225672468354427 0.4914513009845288 0.0328125 0.04375
cl4wezqws002u356hsr2oigkr 0 0.442578125 0.39895833333333336 0.0421875 0.058333333333333334
cl4wezrzq002y356hq6kf6ael 0 0.31328125 0.3572916666666667 0.0328125 0.04375
cl4wezu960035356h2psu8brh 0 0.322890625 0.29802083333333335 0.03125 0.04375
cl4wezw2q0039356hx63tml20 0 0.4001395089285714 0.25691964285714286 0.0375 0.0479166666666667
cl4wezxd3003d356hnezyo6qa 0 0.4489681603773585 0.26027908805031447 0.028125 0.03958333333333333
cl4wezz2e003h356h4g2oxevg 0 0.49321546052631576 0.021217105263157895 0.03231907894736841 0.04243421052631579
cl4wf00sd003l356h1i0o94od 0 0.3538320035460993 0.021106678486997637 0.03891400709219859 0.03804669030732861
cl4wf04fy003t356hoilp0zdy 0 0.69609375 0.2365990990990991 0.0390625 0.05
cl4wf05m2003x356ha8qligg6 0 0.5672991071428571 0.27336309523809527 0.0265625 0.045833333333333365
cl4wf06xq0040356hx18gw35b 0 0.5796875 0.30861562150055993 0.0375 0.05416666666666667
cl4wf08be0043356h59jlarps 0 0.52890625 0.6171648550724638 0.0484375 0.04791666666666667
cl4wf09dv0046356hs9zrwnhh 0 0.99609375 0.11875 0.0078125 0.03333333333333333
cl4wf0afy004a356hkdxgi7g3 0 0.9051390895953757 0.1943099710982659 0.0453125 0.04791666666666667
cl4wf0bfi004e356hw8ze6alu 0 0.78473711492891 0.15170221169036335 0.0421875 0.04583333333333335
cl4wf0chk004h356h2e50ugry 0 0.893523185483871 0.0783266129032258 0.0390625 0.04374999999999999
cl4xlv3j70003356p1771z5kq 0 0.6364732142857144 0.6044642857142858 0.034375 0.04583333333333333
cl4xlxfld000b356pb00h5yfx 0 0.51953125 0.03125 0.0390625 0.04583333333333333
cl4xma6i4000j356ptg824by4 0 0.9400758044554454 0.9869946369636964 0.027923886138613872 0.026010726072607206
