ckz3vqjlf000b3867lm528m2k 0 0.103125 0.24166666666666667 0.021875 0.029166666666666667
cl4weyuo90009356hxr59smjp 0 0.11000000000000001 0.5692708333333333 0.03437500000000001 0.03958333333333333
cl4weyxuc000d356hs8ui2qet 0 0.14144021739130436 0.32038043478260875 0.034375 0.04583333333333333
cl4wez13n000o356ho4fcafi3 0 0.19321778032440057 0.7304448754113775 0.03281250000000002 0.04583333333333333
cl4wez248000r356hxmxncuzk 0 0.32378246753246753 0.6657467532467533 0.0375 0.05416666666666667
cl4wez35m000v356ho91qj1ps 0 0.44765625 0.24583333333333332 0.0328125 0.041666666666666664
cl4wez42f000y356hkxx6e1cs 0 0.45404974489795913 0.7282525510204081 0.034375 0.03958333333333333
cl4wez5dr0012356hy5aioo3f 0 0.675 0.98125 0.0328125 0.0375
cl4wez8o2001a356h7hvchli5 0 0.43843750000000004 0.546875 0.04375 0.052083333333333336
cl4wezaim001d356hmfktyvkm 0 0.7810883620689655 0.8599497126436781 0.0375 0.04375
cl4wezca1001h356hgsrm0ige 0 0.715625 0.8270833333333333 0.034375 0.058333333333333334
cl4wezefj001p356hdap5czbu 2 0.8065088190184049 0.5734918200408998 0.03125 0.04583333333333333
cl4wezgys001w356h3eszw0sw 0 0.925 0.7416666666666667 0.040625 0.05
cl4wezhuc001z356h9y51sfb4 0 0.9261479591836734 0.9054563492063491 0.0390625 0.03958333333333333
cl4wezke40027356hnid29qy9 0 0.60234375 0.43105199724517906 0.0390625 0.06041666666666667
cl4wezmox002e356hyjm6vpmn 0 0.601904296875 0.5192057291666666 0.046875 0.05416666666666667
cl4weznry002h356h93a4kbrl 0 0.5040690104166667 0.7156901041666667 0.0421875 0.04583333333333333
cl4wezoqx002l356hgdxbv8a9 0 0.41279296875 0.54921875 0.04375 0.0625
cl4wezpz3002q356hwvtl31vv 0 0.43844150641025637 0.4788461538461538 0.0328125 0.04375
cl4wezqws002u356hsr2oigkr 0 0.4280194256756757 0.30259009009009014 0.0421875 0.058333333333333334
cl4wezrzq002y356hq6kf6ael 0 0.31346084770114946 0.34964080459770114 0.0328125 0.04375
cl4wezu960035356h2psu8brh 0 0.3175717213114754 0.29110314207650273 0.03125 0.04375
cl4wezw2q0039356hx63tml20 0 0.40329031569965873 0.24182664960182026 0.03750000000000005 0.04791666666666667
cl4wezxd3003d356hnezyo6qa 0 0.4650669642857143 0.2581845238095238 0.028125 0.039583333333333304
cl4wf00sd003l356h1i0o94od 0 0.3497456395348837 0.00660125968992248 0.022910610465116266 0.01320251937984496
cl4wf04fy003t356hoilp0zdy 0 0.7435755461165049 0.29294093851132685 0.0390625 0.05
cl4wf05m2003x356ha8qligg6 0 0.6053485576923077 0.24721153846153848 0.028389423076923048 0.045833333333333365
cl4wf06xq0040356hx18gw35b 0 0.5796875 0.302652575587906 0.0375 0.05416666666666667
cl4wf0afy004a356hkdxgi7g3 0 0.9092610677083334 0.18596643518518519 0.0453125 0.04791666666666667
cl4wf0bfi004e356hw8ze6alu 0 0.7885226599526065 0.1504403633491311 0.04218749999999991 0.04583333333333333
cl4wf0chk004h356h2e50ugry 0 0.9293959888059702 0.03036380597014925 0.0390625 0.04375
cl4xlxfld000b356pb00h5yfx 0 0.51953125 0.03125 0.0390625 0.04583333333333333
cl4xma6i4000j356ptg824by4 0 0.9290624999999999 0.9753472222222221 0.038541666666666606 0.049305555555555595
cl4xmf82y000v356pjqkph1gz 0 0.14921875 0.16354166666666667 0.0421875 0.05625
cl4xmiy2b0010356ptq250lto 0 0.4419034090909091 0.8642045454545454 0.046875 0.05
cl4xmqohy001c356pyl9kj1te 0 0.2359375 0.15 0.040625 0.05
cl4xmx044001k356pqs3juiuc 0 0.06923828125 0.329296875 0.04375 0.05416666666666667
cl4xmznqd001o356peyfv2xql 0 0.99296875 0.31354166666666666 0.0140625 0.04791666666666667
cl4xn0wfj001s356p4pw01850 0 0.238671875 0.0203125 0.03359375 0.03854166666666667
cl4xn23u5001w356pmea4ihh3 0 0.9891544117647058 0.32401960784313727 0.021691176470588224 0.05392156862745097
cl4xn3b1s0020356pfr6fl67e 0 0.504235197368421 0.8109100877192983 0.0453125 0.052083333333333336
cl4xn5yk20024356p3e6e065p 0 0.9111634497549019 0.984375 0.0359375 0.03125
cl4xn774t0028356prka0yutx 0 0.369970703125 0.14388020833333334 0.0375 0.04791666666666667
cl4xne3lx002g356pbd7ze170 0 0.8550199468085106 0.940802304964539 0.03125 0.04375
cl4xngzpf002k356p3ygt2hsp 0 0.419921875 0.9515625 0.034375 0.04583333333333333
cl4xnhq29002o356pjjp6mcop 0 0.1203125 0.46979166666666666 0.034375 0.03958333333333333
cl4xnnibs002w356pt04k2r7z 0 0.9684375 0.9241666666666667 0.025 0.035416666666666666
