ckz3vqjlf000b3867lm528m2k 0 0.103125 0.24166666666666667 0.021875 0.029166666666666667
cl4weyuo90009356hxr59smjp 0 0.07414504716981132 0.5483294025157233 0.034375 0.03958333333333333
cl4weyxuc000d356hs8ui2qet 0 0.14497195512820513 0.34026442307692306 0.034375 0.04583333333333333
cl4weyyvn000h356hhekp3hcm 0 0.9299005681818182 0.6739583333333333 0.0296875 0.04375
cl4wez13n000o356ho4fcafi3 0 0.1914625563063063 0.73125 0.03281249999999998 0.04583333333333333
cl4wez248000r356hxmxncuzk 0 0.3080686475409836 0.6827527322404372 0.0375 0.05416666666666667
cl4wez35m000v356ho91qj1ps 0 0.42240953947368426 0.4273026315789474 0.0328125 0.041666666666666664
cl4wez42f000y356hkxx6e1cs 0 0.42693014705882354 0.7610906862745098 0.034375 0.03958333333333333
cl4wez5dr0012356hy5aioo3f 0 0.5582812500000001 0.8875 0.0359375 0.04791666666666667
cl4wez8o2001a356h7hvchli5 0 0.4569813829787234 0.6682402482269504 0.04375 0.052083333333333336
cl4wezaim001d356hmfktyvkm 0 0.7488612288135593 0.9068679378531074 0.0375 0.04375
cl4wezca1001h356hgsrm0ige 0 0.715625 0.8270833333333333 0.034375 0.058333333333333334
cl4wezefj001p356hdap5czbu 2 0.8131160714285715 0.5876904761904762 0.03125 0.04583333333333333
cl4wezfyy001s356hapqnkmsh 0 0.9856770833333333 0.7954861111111112 0.022395833333333393 0.04652777777777774
cl4wezgys001w356h3eszw0sw 0 0.925 0.7416666666666667 0.040625 0.05
cl4wezhuc001z356h9y51sfb4 0 0.9204445422535212 0.92018779342723 0.0390625 0.03958333333333333
cl4wezke40027356hnid29qy9 0 0.5994246608527132 0.43292151162790693 0.0390625 0.06041666666666667
cl4wezlqg002a356hok6cmojl 0 0.0796875 0.7114583333333333 0.0421875 0.058333333333333334
cl4wezmox002e356hyjm6vpmn 0 0.5341452205882353 0.7383578431372549 0.0390625 0.058333333333333334
cl4weznry002h356h93a4kbrl 0 0.48649240654205606 0.7337860202492212 0.0421875 0.04583333333333333
cl4wezoqx002l356hgdxbv8a9 0 0.41875 0.5583333333333333 0.04375 0.0625
cl4wezpz3002q356hwvtl31vv 0 0.44741847826086956 0.46610054347826085 0.0328125 0.04375
cl4wezqws002u356hsr2oigkr 0 0.4283572635135135 0.3205518018018018 0.0421875 0.058333333333333334
cl4wezrzq002y356hq6kf6ael 0 0.31171875 0.35640565134099617 0.0328125 0.04375
cl4wezu960035356h2psu8brh 0 0.32659801136363636 0.29867424242424245 0.03125 0.04375
cl4wezw2q0039356hx63tml20 0 0.40228365384615383 0.24831730769230767 0.0375 0.047916666666666635
cl4wezxd3003d356hnezyo6qa 0 0.4614742366412214 0.2600270356234097 0.028125 0.039583333333333304
cl4wf00sd003l356h1i0o94od 0 0.35222296099290784 0.01574320330969267 0.035695921985815594 0.027319739952718677
cl4wf04fy003t356hoilp0zdy 0 0.7236979166666667 0.2789351851851852 0.0390625 0.05
cl4wf05m2003x356ha8qligg6 0 0.5913880813953488 0.26528585271317834 0.0265625 0.045833333333333365
cl4wf06xq0040356hx18gw35b 0 0.5796875 0.305228163493841 0.0375 0.05416666666666667
cl4wf0afy004a356hkdxgi7g3 0 0.904404920212766 0.18503989361702128 0.0453125 0.04791666666666667
cl4wf0bfi004e356hw8ze6alu 0 0.7868875888625592 0.15098538704581357 0.04218749999999991 0.045833333333333316
cl4wf0chk004h356h2e50ugry 0 0.911892361111111 0.055034722222222214 0.0390625 0.04375
cl4xlv3j70003356p1771z5kq 0 0.05070564516129032 0.842002688172043 0.034375 0.04583333333333333
cl4xlxfld000b356pb00h5yfx 0 0.51953125 0.03125 0.0390625 0.04583333333333333
cl4xma6i4000j356ptg824by4 0 0.9512604166666666 0.9665694444444444 0.040625 0.052083333333333336
cl4xmf82y000v356pjqkph1gz 0 0.08463541666666667 0.08854166666666667 0.04218750000000001 0.05625
cl4xmiy2b0010356ptq250lto 0 0.20121527777777776 0.9825231481481481 0.04375 0.03495370370370369
cl4xmn1pr0014356po774hc34 0 0.31731770833333334 0.14947916666666666 0.0359375 0.05416666666666667
cl4xmqohy001c356pyl9kj1te 0 0.2313392857142857 0.09273809523809523 0.040625 0.05
cl4xmx044001k356pqs3juiuc 0 0.11627604166666668 0.03315972222222222 0.04375000000000001 0.05416666666666667
cl4xn5yk20024356p3e6e065p 0 0.9115104166666667 0.984375 0.0359375 0.03125
