ckz3vqjlf000b3867lm528m2k 0 0.103125 0.24166666666666667 0.021875 0.029166666666666667
cl4weyuo90009356hxr59smjp 0 0.06927083333333334 0.5364583333333334 0.034375 0.03958333333333333
cl4weyxuc000d356hs8ui2qet 0 0.14436097756410254 0.3414863782051282 0.034375 0.04583333333333333
cl4weyyvn000h356hhekp3hcm 0 0.7434895833333333 0.6010416666666667 0.0296875 0.04375
cl4wez13n000o356ho4fcafi3 0 0.1943949244966443 0.731371178225205 0.0328125 0.04583333333333333
cl4wez248000r356hxmxncuzk 0 0.3002150229357798 0.6846043577981651 0.0375 0.05416666666666667
cl4wez35m000v356ho91qj1ps 0 0.43699448529411766 0.4751225490196079 0.0328125 0.041666666666666664
cl4wez42f000y356hkxx6e1cs 0 0.4048387096774194 0.7715389784946236 0.034375000000000044 0.03958333333333333
cl4wez5dr0012356hy5aioo3f 0 0.5302400914634147 0.8595274390243902 0.0359375 0.04791666666666667
cl4wez8o2001a356h7hvchli5 0 0.45915178571428567 0.7355654761904762 0.04375 0.052083333333333336
cl4wezaim001d356hmfktyvkm 0 0.7630843495934959 0.895045731707317 0.0375 0.04375
cl4wezca1001h356hgsrm0ige 0 0.715625 0.8270833333333333 0.034375 0.058333333333333334
cl4wezdga001k356h50cpk5jb 0 0.8548253676470589 0.9535539215686274 0.0390625 0.05416666666666667
cl4wezefj001p356hdap5czbu 2 0.809375 0.5958988927738927 0.03125 0.04583333333333333
cl4wezfyy001s356hapqnkmsh 0 0.9734375 0.7973090277777778 0.046875 0.052083333333333336
cl4wezgys001w356h3eszw0sw 0 0.925 0.7416666666666667 0.040625 0.05
cl4wezhuc001z356h9y51sfb4 0 0.9178160732848232 0.9324952356202356 0.0390625 0.03958333333333333
cl4wezke40027356hnid29qy9 0 0.5979469476744186 0.4358769379844961 0.0390625 0.06041666666666667
cl4wezlqg002a356hok6cmojl 0 0.15934375 0.60825 0.0421875 0.058333333333333334
cl4wezmox002e356hyjm6vpmn 0 0.5625 0.7942708333333334 0.0390625 0.058333333333333334
cl4weznry002h356h93a4kbrl 0 0.4838200934579439 0.7391306464174454 0.0421875 0.04583333333333333
cl4wezoqx002l356hgdxbv8a9 0 0.41992924528301884 0.5614779874213837 0.043749999999999956 0.0625
cl4wezpz3002q356hwvtl31vv 0 0.4465891768292683 0.47197662601626017 0.0328125 0.04375
cl4wezqws002u356hsr2oigkr 0 0.42464488636363634 0.33390151515151517 0.0421875 0.058333333333333334
cl4wezrzq002y356hq6kf6ael 0 0.31187118902439026 0.35541158536585366 0.0328125 0.04375
cl4wezu960035356h2psu8brh 0 0.329047131147541 0.28830259562841526 0.03125 0.04374999999999997
cl4wezw2q0039356hx63tml20 0 0.40186469780219786 0.251110347985348 0.03750000000000005 0.04791666666666667
cl4wezxd3003d356hnezyo6qa 0 0.4603910519125683 0.26145833333333335 0.028125 0.03958333333333333
cl4wf00sd003l356h1i0o94od 0 0.3527637411347518 0.017545803782505913 0.036777482269503545 0.030924940898345153
cl4wf04fy003t356hoilp0zdy 0 0.7099895833333333 0.26469444444444445 0.0390625 0.05000000000000003
cl4wf05m2003x356ha8qligg6 0 0.5847383720930233 0.2682412790697674 0.0265625 0.04583333333333333
cl4wf06xq0040356hx18gw35b 0 0.5796875 0.3063666480029862 0.0375 0.05416666666666667
cl4wf08be0043356h59jlarps 0 0.15270432692307692 0.9278044871794873 0.0484375 0.04791666666666667
cl4wf0afy004a356hkdxgi7g3 0 0.9068384308510637 0.1882845744680851 0.0453125 0.04791666666666667
cl4wf0bfi004e356hw8ze6alu 0 0.7861648400473934 0.15122630331753553 0.0421875 0.04583333333333333
cl4wf0chk004h356h2e50ugry 0 0.9065406976744186 0.06649709302325581 0.0390625 0.04374999999999999
cl4xlv3j70003356p1771z5kq 0 0.257421875 0.7955729166666666 0.034375 0.04583333333333333
cl4xlxfld000b356pb00h5yfx 0 0.51953125 0.03125 0.0390625 0.04583333333333333
cl4xma6i4000j356ptg824by4 0 0.9527535860655739 0.9750853825136612 0.04141905737704921 0.0457308743169398
cl4xmczp4000r356p5kgem2ty 0 0.6447265625 0.11536458333333334 0.0328125 0.04375
cl4xmf82y000v356pjqkph1gz 0 0.13151041666666669 0.09145833333333334 0.0421875 0.05625
cl4xmiy2b0010356ptq250lto 0 0.08132102272727273 0.9739583333333334 0.0390625 0.052083333333333336
cl4xmn1pr0014356po774hc34 0 0.07431066176470588 0.3627450980392157 0.0359375 0.05416666666666667
cl4xmp20f0018356prwcb12ol 0 0.3887784090909091 0.02130681818181818 0.03693181818181816 0.04261363636363636
cl4xmtqri001g356puyk4hg02 0 0.9810546875 0.7192708333333333 0.03515625 0.04375
