ckz3vqjlf000b3867lm528m2k 0 0.103125 0.24166666666666667 0.021875 0.029166666666666667
cl4weyuo90009356hxr59smjp 0 0.06302083333333333 0.5311342592592593 0.034375 0.03958333333333333
cl4weyxuc000d356hs8ui2qet 0 0.1427734375 0.34466145833333334 0.034375 0.04583333333333333
cl4weyyvn000h356hhekp3hcm 0 0.35234375 0.3461309523809524 0.0296875 0.04375
cl4wez06n000l356hmx66narq 0 0.15104166666666669 0.603125 0.028125 0.041666666666666664
cl4wez13n000o356ho4fcafi3 0 0.19107067953020135 0.734326062639821 0.0328125 0.04583333333333333
cl4wez248000r356hxmxncuzk 0 0.2820384174311926 0.6982368119266055 0.0375 0.05416666666666667
cl4wez35m000v356ho91qj1ps 0 0.41335392441860463 0.6621608527131783 0.0328125 0.041666666666666664
cl4wez42f000y356hkxx6e1cs 0 0.369140625 0.7798363095238094 0.034375 0.03958333333333333
cl4wez5dr0012356hy5aioo3f 0 0.5114783653846154 0.8928685897435897 0.0359375 0.04791666666666667
cl4wez8o2001a356h7hvchli5 0 0.44459134615384616 0.9132211538461539 0.04375 0.052083333333333336
cl4wezaim001d356hmfktyvkm 0 0.7679555084745763 0.8993114406779661 0.0375 0.04375
cl4wezca1001h356hgsrm0ige 0 0.7139229910714285 0.8262648809523809 0.034375 0.058333333333333334
cl4wezdga001k356h50cpk5jb 0 0.85859375 0.8760416666666667 0.0390625 0.04375
cl4wezefj001p356hdap5czbu 2 0.8097987288135593 0.6157132768361583 0.03125 0.04583333333333333
cl4wezfyy001s356hapqnkmsh 0 0.9726596030042918 0.801050608011445 0.046875 0.052083333333333336
cl4wezgys001w356h3eszw0sw 0 0.925 0.7416666666666667 0.040625 0.05
cl4wezhuc001z356h9y51sfb4 0 0.9167863175675676 0.9338682432432432 0.0390625 0.03958333333333333
cl4wezj880023356h4fno9e6j 0 0.8411658653846154 0.10320512820512821 0.0328125 0.041666666666666664
cl4wezke40027356hnid29qy9 0 0.5931897865853658 0.44390243902439025 0.0390625 0.06041666666666667
cl4wezlqg002a356hok6cmojl 0 0.4707331730769231 0.5030448717948718 0.0421875 0.05
cl4wezmox002e356hyjm6vpmn 0 0.6133890086206897 0.6892241379310345 0.0390625 0.058333333333333334
cl4weznry002h356h93a4kbrl 0 0.47421875 0.75140503875969 0.0421875 0.04583333333333333
cl4wezoqx002l356hgdxbv8a9 0 0.42472098214285714 0.5649553571428572 0.04375 0.0625
cl4wezpz3002q356hwvtl31vv 0 0.4407535601265823 0.4961278129395218 0.0328125 0.04375
cl4wezqws002u356hsr2oigkr 0 0.4282413563829787 0.3985372340425532 0.0421875 0.058333333333333334
cl4wezrzq002y356hq6kf6ael 0 0.31328125 0.3575587606837607 0.0328125 0.04375
cl4wezu960035356h2psu8brh 0 0.315625 0.305859375 0.03125 0.04375
cl4wezw2q0039356hx63tml20 0 0.39839360955056174 0.25943352059925096 0.03749999999999996 0.04791666666666667
cl4wezxd3003d356hnezyo6qa 0 0.4417440878378378 0.2579954954954955 0.028125 0.03958333333333333
cl4wezz2e003h356h4g2oxevg 0 0.4504289215686274 0.0463031045751634 0.034375 0.04791666666666667
cl4wf00sd003l356h1i0o94od 0 0.3541688829787234 0.022229609929078013 0.0395877659574468 0.04029255319148936
cl4wf04fy003t356hoilp0zdy 0 0.6942664194915255 0.23419844632768363 0.0390625 0.05
cl4wf05m2003x356ha8qligg6 0 0.5610558712121212 0.277020202020202 0.0265625 0.04583333333333333
cl4wf06xq0040356hx18gw35b 0 0.5796875 0.30932484135871596 0.0375 0.05416666666666667
cl4wf08be0043356h59jlarps 0 0.652517361111111 0.514699074074074 0.0484375 0.04791666666666667
cl4wf09dv0046356hs9zrwnhh 0 0.98125 0.17291666666666666 0.0375 0.041666666666666664
cl4wf0afy004a356hkdxgi7g3 0 0.9034230491329479 0.19614041425818882 0.0453125 0.04791666666666667
cl4wf0bfi004e356hw8ze6alu 0 0.7842868779620853 0.1518522906793049 0.04218749999999991 0.045833333333333316
cl4wf0chk004h356h2e50ugry 0 0.8877698863636363 0.08263257575757575 0.0390625 0.04375
cl4xlv3j70003356p1771z5kq 0 0.7676339285714285 0.5625 0.034375 0.04583333333333333
cl4xlxfld000b356pb00h5yfx 0 0.51953125 0.03125 0.0390625 0.04583333333333333
cl4xma6i4000j356ptg824by4 0 0.9277305074257425 0.9901299504950495 0.026748143564356397 0.01974009900990102
