ckz3vqjlf000b3867lm528m2k 0 0.103125 0.24166666666666667 0.021875 0.029166666666666667
cl4weyuo90009356hxr59smjp 0 0.11708156779661016 0.49023658192090397 0.034375 0.03958333333333333
cl4weyxuc000d356hs8ui2qet 0 0.1765625 0.3145833333333333 0.034375 0.04583333333333333
cl4wez13n000o356ho4fcafi3 0 0.19797867063492064 0.7316798941798942 0.03281250000000002 0.04583333333333333
cl4wez248000r356hxmxncuzk 0 0.3557932692307692 0.644423076923077 0.0375 0.05416666666666667
cl4wez35m000v356ho91qj1ps 0 0.5879523026315789 0.22642543859649125 0.0328125 0.041666666666666664
cl4wez42f000y356hkxx6e1cs 0 0.4842233009708738 0.6956209546925566 0.034375 0.03958333333333333
cl4wez8o2001a356h7hvchli5 0 0.46655405405405403 0.3621903153153153 0.04375 0.052083333333333336
cl4wezaim001d356hmfktyvkm 0 0.8320532570422536 0.8707453051643192 0.0375 0.04375
cl4wezca1001h356hgsrm0ige 0 0.715625 0.8270833333333333 0.034375 0.058333333333333334
cl4wezefj001p356hdap5czbu 2 0.8296875 0.5442567567567568 0.03125 0.045833333333333275
cl4wezgys001w356h3eszw0sw 0 0.925 0.7416666666666667 0.040625 0.05
cl4wezhuc001z356h9y51sfb4 0 0.9482392723880597 0.8851057213930349 0.0390625 0.04583333333333333
cl4wezke40027356hnid29qy9 0 0.60234375 0.4212792699724518 0.0390625 0.06041666666666667
cl4wezmox002e356hyjm6vpmn 0 0.5825367647058823 0.7824142156862746 0.053125 0.05416666666666667
cl4weznry002h356h93a4kbrl 0 0.5264698093220339 0.6794491525423729 0.0421875 0.04583333333333333
cl4wezoqx002l356hgdxbv8a9 0 0.42959375 0.5375624999999999 0.04375 0.06249999999999994
cl4wezpz3002q356hwvtl31vv 0 0.4407468463302752 0.45224579510703367 0.0328125 0.04375
cl4wezqws002u356hsr2oigkr 0 0.39948660714285716 0.2951190476190476 0.0421875 0.058333333333333307
cl4wezrzq002y356hq6kf6ael 0 0.321845703125 0.33653645833333334 0.0328125 0.04375
cl4wezu960035356h2psu8brh 0 0.33268914473684214 0.256140350877193 0.03125 0.04375
cl4wezw2q0039356hx63tml20 0 0.4046875 0.234375 0.0375 0.04791666666666667
cl4wezxd3003d356hnezyo6qa 0 0.465625 0.27642392966360857 0.028125 0.03958333333333333
cl4wf04fy003t356hoilp0zdy 0 0.7994342672413793 0.35761494252873566 0.03906250000000009 0.05
cl4wf05m2003x356ha8qligg6 0 0.6358058286516853 0.2184925093632959 0.0296875 0.04583333333333333
cl4wf06xq0040356hx18gw35b 0 0.58125 0.3009947447447447 0.0375 0.05416666666666667
cl4wf0afy004a356hkdxgi7g3 0 0.9071377840909092 0.19159564393939393 0.0453125 0.04791666666666667
cl4wf0bfi004e356hw8ze6alu 0 0.78984375 0.15 0.0421875 0.04583333333333333
cl4xlxfld000b356pb00h5yfx 0 0.51953125 0.03125 0.0390625 0.04583333333333333
cl4xmf82y000v356pjqkph1gz 0 0.27366071428571426 0.315625 0.0421875 0.05625
cl4xmqohy001c356pyl9kj1te 0 0.3154109589041096 0.1786529680365297 0.040625 0.05
cl4xmznqd001o356peyfv2xql 0 0.99453125 0.35 0.0109375 0.04583333333333333
cl4xn5yk20024356p3e6e065p 0 0.9129748774509803 0.984375 0.0359375 0.03125
cl4xn774t0028356prka0yutx 0 0.2696614583333333 0.07361111111111111 0.034375 0.04375
cl4xne3lx002g356pbd7ze170 0 0.7634765625 0.6625 0.03125 0.04375
cl4xnhq29002o356pjjp6mcop 0 0.35375 0.38645833333333335 0.034375 0.04791666666666667
cl4xnkpg9002s356psk3rvf3n 0 0.6451086956521739 0.7019927536231884 0.028125 0.041666666666666664
cl4xnqgcw0038356pcbnyu55d 0 0.8849609375 0.871875 0.0328125 0.03958333333333333
cl4xnwccp003s356pcgd7ezg3 0 0.21953125 0.012890625 0.0265625 0.02578125
cl4xnxhb8003w356puoycnvis 0 0.36484375 0.00625 0.0203125 0.0125
