0 0.17606770833333335 0.16483796296296296 0.029114583333333343 0.03699074074074075
0 0.25708723534201955 0.09694964712269272 0.03270052931596092 0.04360070575461455
0 0.18993055555555555 0.24155092592592592 0.03124999999999998 0.04791666666666667
0 0.64296875 0.27395833333333336 0.0453125 0.04791666666666667
0 0.5276041666666667 0.2715277777777778 0.03125 0.0416666666666667
0 0.8208333333333334 0.315625 0.03125 0.03958333333333333
0 0.8786013719512195 0.15708841463414636 0.0390625 0.04791666666666667
0 0.79765625 0.2791666666666667 0.0359375 0.05416666666666667
0 0.9723911516853934 0.15486423220973783 0.03125 0.041666666666666664
0 0.81171875 0.11669871794871796 0.0359375 0.03958333333333333
0 0.7648517628205128 0.17399038461538463 0.0375 0.04583333333333333
0 0.2379149978920742 0.6574761101742551 0.0390625 0.05
0 0.21640625 0.9739583333333334 0.0390625 0.04375
0 0.196484375 0.6286458333333333 0.03515625 0.04895833333333333
0 0.08472488496932515 0.02935838445807771 0.0328125 0.041666666666666664
0 0.51953125 0.7723958333333333 0.0328125 0.04375
0 0.8875 0.8729166666666667 0.0375 0.04791666666666667
0 0.9217187499999999 0.6120833333333333 0.0328125 0.041666666666666664
0 0.84609375 0.984375 0.0234375 0.03125
2 0.1515625 0.27708333333333335 0.034375 0.04583333333333333
0 0.49609375 0.2635416666666667 0.0609375 0.08125
2 0.42769097222222224 0.35127314814814814 0.0296875 0.04375
2 0.05390625 0.40625 0.0203125 0.03333333333333333
