0 0.5578125 0.7895833333333333 0.034375 0.0375
0 0.39656250000000004 0.1 0.034375 0.05
0 0.2446875 0.35708333333333336 0.025 0.041666666666666664
0 0.10788384703196348 0.3615534627092846 0.040625 0.04375
0 0.09453125 0.49375 0.0390625 0.05416666666666667
0 0.326953125 0.35104166666666664 0.0296875 0.04375
0 0.34609375 0.886875 0.0359375 0.03958333333333333
0 0.4078125 0.6619791666666667 0.0296875 0.041666666666666664
0 0.7520248724489795 0.0973639455782313 0.0359375 0.0375
0 0.77265625 0.225 0.0359375 0.04583333333333333
0 0.7733473557692307 0.6298076923076923 0.034375 0.03958333333333333
0 0.86953125 0.703125 0.0515625 0.05625
0 0.63453125 0.724375 0.0296875 0.04375
0 0.6698294558359621 0.7510416666666667 0.046875 0.04791666666666667
0 0.60640625 0.5733333333333334 0.0296875 0.041666666666666664
0 0.925 0.6083333333333333 0.0375 0.0375
0 0.91796875 0.22708333333333333 0.0296875 0.03333333333333333
0 0.91328125 0.20104166666666667 0.0296875 0.03958333333333333
2 0.75390625 0.48020833333333335 0.0328125 0.035416666666666666
0 0.2740625 0.25437499999999996 0.028125 0.03958333333333333
0 0.753125 0.6179166666666667 0.028125 0.0375
0 0.89609375 0.218125 0.0234375 0.03958333333333333
0 0.98984375 0.3416666666666667 0.0203125 0.0375
0 0.72484375 0.98375 0.0296875 0.03250000000000005
