0 0.17585937499999998 0.1646527777777778 0.02953125000000001 0.037361111111111116
0 0.2570465187296417 0.09689535830618892 0.032781962540716594 0.04370928338762215
0 0.1896990740740741 0.24185956790123458 0.03125000000000002 0.04791666666666667
0 0.64296875 0.27395833333333336 0.0453125 0.04791666666666667
0 0.5125 0.24861111111111114 0.03125 0.0416666666666667
0 0.8333333333333334 0.31145833333333334 0.03125 0.03958333333333333
0 0.87890625 0.1593186936936937 0.0390625 0.04791666666666667
0 0.79765625 0.2791666666666667 0.0359375 0.05416666666666667
0 0.9724473314606742 0.15482677902621722 0.03125 0.041666666666666664
0 0.81171875 0.11657051282051283 0.0359375 0.03958333333333333
0 0.7648197115384615 0.1738621794871795 0.0375 0.04583333333333333
0 0.23785176011804382 0.6574480044969083 0.0390625 0.05
0 0.21640625 0.9739583333333334 0.0390625 0.04375
0 0.19563210227272726 0.626751893939394 0.03686079545454546 0.05123106060606055
0 0.08483991564417177 0.029307259713701437 0.03281249999999999 0.041666666666666664
0 0.5205729166666667 0.8038194444444444 0.0328125 0.04375
0 0.9135416666666666 0.882986111111111 0.0375 0.04791666666666667
0 0.928125 0.628125 0.0328125 0.041666666666666664
0 0.85390625 0.98125 0.0234375 0.0375
2 0.175625 0.29083333333333333 0.034375 0.04583333333333333
0 0.49609375 0.2635416666666667 0.0609375 0.08125
2 0.4276158971471472 0.3512230980980981 0.0296875 0.04375
2 0.05390625 0.40625 0.0203125 0.03333333333333333
