0 0.17758413461538464 0.16217948717948716 0.0296875 0.0375
0 0.256298828125 0.0958984375 0.0328125 0.04375
0 0.18788527397260274 0.253125 0.03125 0.04791666666666667
0 0.64296875 0.27395833333333336 0.0453125 0.04791666666666667
0 0.3736328125 0.15963541666666667 0.03125 0.041666666666666664
0 0.9204483695652174 0.2662590579710145 0.03125 0.039583333333333366
0 0.8774569746376812 0.17172403381642512 0.0390625 0.04791666666666667
0 0.79765625 0.2791666666666667 0.0359375 0.05416666666666667
0 0.9728897471910113 0.1545318352059925 0.03125 0.041666666666666664
0 0.81171875 0.11556089743589743 0.0359375 0.03958333333333332
0 0.7645673076923077 0.17285256410256408 0.0375 0.04583333333333333
0 0.2373537626475548 0.6572266722878021 0.0390625 0.05
0 0.21640625 0.9739583333333334 0.0390625 0.04375
0 0.19337093195266272 0.6245623767258384 0.0375 0.052083333333333336
0 0.08515625 0.029166666666666667 0.0328125 0.041666666666666664
0 0.484765625 0.9208333333333333 0.0328125 0.04375
0 0.86171875 0.8034722222222223 0.0328125 0.041666666666666664
0 0.86640625 0.9055555555555556 0.0296875 0.041666666666666664
2 0.22734375 0.13333333333333333 0.0296875 0.04583333333333333
0 0.49609375 0.2635416666666667 0.0609375 0.08125
2 0.42702468093093093 0.35082895395395397 0.0296875 0.04375
2 0.05390625 0.40625 0.0203125 0.03333333333333333
