0 0.17638221153846154 0.16378205128205128 0.0296875 0.0375
0 0.256787109375 0.09654947916666666 0.0328125 0.04375
0 0.1890625 0.24401041666666667 0.03125 0.04791666666666667
0 0.64296875 0.27395833333333336 0.0453125 0.04791666666666667
0 0.45906250000000004 0.21125000000000002 0.03125 0.041666666666666664
0 0.86015625 0.2989583333333333 0.03125 0.03958333333333333
0 0.87890625 0.16708896396396397 0.0390625 0.04791666666666667
0 0.79765625 0.2791666666666667 0.0359375 0.05416666666666667
0 0.9726088483146068 0.1547191011235955 0.03125 0.041666666666666664
0 0.81171875 0.11620192307692309 0.0359375 0.039583333333333345
0 0.7647275641025642 0.17349358974358975 0.0375 0.04583333333333333
0 0.2376699515177066 0.6573672006745362 0.0390625 0.05
0 0.21640625 0.9739583333333334 0.0390625 0.04375
0 0.1946653106508876 0.6255485700197239 0.03750000000000002 0.052083333333333336
0 0.08515625 0.029166666666666667 0.0328125 0.041666666666666664
0 0.546875 0.8770833333333333 0.0328125 0.04375
0 0.9666666666666666 0.8295138888888889 0.0375 0.04791666666666667
0 0.884375 0.6958333333333333 0.0328125 0.041666666666666664
0 0.8515625 0.95 0.0296875 0.041666666666666664
2 0.19331597222222224 0.23194444444444443 0.0265625 0.04583333333333333
0 0.49609375 0.2635416666666667 0.0609375 0.08125
2 0.4274000563063063 0.3510792042042042 0.0296875 0.04375
2 0.05390625 0.40625 0.0203125 0.03333333333333333
