0 0.47684659090909093 0.043939393939393945 0.034375 0.05000000000000001
0 0.20140625 0.67 0.0453125 0.041666666666666664
0 0.10502232142857142 0.35219494047619043 0.04062499999999999 0.04375
0 0.09453125 0.49375 0.0390625 0.05416666666666667
0 0.39859375 0.3260416666666667 0.029687500000000044 0.04375
0 0.17734375 0.8752083333333334 0.0359375 0.03958333333333333
0 0.39782986111111107 0.6273148148148148 0.029687499999999957 0.041666666666666664
0 0.74296875 0.1 0.0359375 0.0375
0 0.77265625 0.225 0.0359375 0.04583333333333333
0 0.775 0.6135416666666667 0.034375 0.03958333333333333
0 0.86953125 0.703125 0.0515625 0.05625
0 0.7770312500000001 0.6910416666666667 0.0296875 0.04375
0 0.6328125 0.740625 0.046875 0.04791666666666667
0 0.39984374999999994 0.7858333333333333 0.029687499999999957 0.041666666666666664
0 0.925 0.6083333333333333 0.0375 0.0375
0 0.91796875 0.22708333333333333 0.0296875 0.03333333333333333
0 0.91328125 0.20104166666666667 0.0296875 0.03958333333333333
2 0.75390625 0.48020833333333335 0.0328125 0.035416666666666666
0 0.2703125 0.21145833333333333 0.028125 0.03958333333333333
0 0.60625 0.8512500000000001 0.028125 0.0375
0 0.82890625 0.9395833333333333 0.0296875 0.0375
0 0.08411458333333333 0.3524305555555555 0.03593749999999999 0.04583333333333333
0 0.27484375 0.1575 0.0296875 0.03333333333333333
