0 0.4795454545454546 0.025946969696969694 0.034375 0.05
0 0.19453125 0.6520833333333333 0.0453125 0.041666666666666664
0 0.10714285714285714 0.3529017857142857 0.040625 0.04375
0 0.09453125 0.49375 0.0390625 0.05416666666666667
0 0.3924479166666667 0.33298611111111115 0.029687500000000044 0.04375
0 0.19859374999999999 0.8447916666666667 0.0359375 0.03958333333333333
0 0.3920758928571429 0.6354166666666666 0.029687500000000044 0.041666666666666664
0 0.74296875 0.1 0.0359375 0.0375
0 0.77265625 0.225 0.0359375 0.04583333333333333
0 0.775 0.6135416666666667 0.034375 0.03958333333333333
0 0.86953125 0.703125 0.0515625 0.05625
0 0.7578125 0.7020833333333333 0.0296875 0.04375
0 0.6328125 0.740625 0.046875 0.04791666666666667
0 0.39921875 0.8054166666666667 0.0296875 0.041666666666666664
0 0.925 0.6083333333333333 0.0375 0.0375
0 0.91796875 0.22708333333333333 0.0296875 0.03333333333333333
0 0.91328125 0.20104166666666667 0.0296875 0.03958333333333333
2 0.75390625 0.48020833333333335 0.0328125 0.035416666666666666
0 0.2703125 0.21145833333333333 0.028125 0.03958333333333333
0 0.6140625 0.7916666666666666 0.028125 0.0375
0 0.86796875 0.94375 0.0296875 0.0375
0 0.10359375 0.31333333333333335 0.0359375 0.04583333333333333
0 0.30100446428571426 0.14047619047619048 0.0296875 0.03333333333333333
