0 0.1953125 0.1982142857142857 0.034375 0.0375
0 0.3185032894736842 0.13497807017543859 0.034375 0.04999999999999998
0 0.35036764705882356 0.1584558823529412 0.025 0.041666666666666664
0 0.1109375 0.37004504504504504 0.040625 0.04375
0 0.09339488636363635 0.4952651515151515 0.039062499999999986 0.05416666666666667
0 0.32057291666666665 0.360625 0.0296875 0.04375
0 0.39115953947368426 0.7673793859649123 0.035937500000000046 0.03958333333333333
0 0.3886924342105263 0.6671052631578948 0.029687499999999957 0.041666666666666664
0 0.7421875 0.16875 0.0375 0.0375
0 0.7626358695652173 0.10172101449275363 0.0359375 0.0375
0 0.77265625 0.225 0.0359375 0.04583333333333333
0 0.984375 0.5697916666666667 0.03125 0.04375
0 0.7616309171597633 0.5888498520710059 0.034375 0.03958333333333333
0 0.86953125 0.703125 0.0515625 0.05625
0 0.6256167763157895 0.896546052631579 0.0296875 0.04375
0 0.6734375 0.7533143939393939 0.046875 0.04791666666666667
0 0.8203125 0.5135416666666667 0.0296875 0.041666666666666664
0 0.925 0.6083333333333333 0.0375 0.0375
0 0.91796875 0.22708333333333333 0.0296875 0.03333333333333333
0 0.91328125 0.20104166666666667 0.0296875 0.03958333333333333
0 0.9015625 0.234375 0.034375 0.0375
2 0.75390625 0.48020833333333335 0.0328125 0.035416666666666666
0 0.09832589285714285 0.5400297619047619 0.0296875 0.035416666666666666
0 0.2996843434343434 0.34270833333333334 0.028125 0.03958333333333333
0 0.9859375 0.4739583333333333 0.028125 0.035416666666666666
0 0.8796875 0.9675595238095238 0.028125 0.03333333333333333
