0 0.16837384259259258 0.1508744855967078 0.0296875 0.037499999999999985
0 0.2545193829113924 0.08846255274261602 0.0328125 0.04375
0 0.17424242424242425 0.2507891414141414 0.03125 0.04791666666666667
0 0.64296875 0.27395833333333336 0.0453125 0.04791666666666667
0 0.92109375 0.078125 0.0390625 0.04791666666666667
0 0.79765625 0.2791666666666667 0.0359375 0.05416666666666667
0 0.9734375 0.15416666666666667 0.03125 0.041666666666666664
0 0.81171875 0.11354166666666667 0.0359375 0.03958333333333333
0 0.7640625 0.17083333333333334 0.0375 0.04583333333333333
0 0.2352985349915683 0.6563132377740304 0.0390625 0.05
0 0.21640625 0.9739583333333334 0.0390625 0.04375
0 0.18495747041420119 0.6181521203155819 0.0375 0.052083333333333336
0 0.08515625 0.029166666666666667 0.0328125 0.041666666666666664
0 0.9778645833333334 0.5559027777777777 0.0359375 0.04375
2 0.28984375 0.07395833333333333 0.0265625 0.035416666666666666
0 0.39546875000000004 0.8908333333333334 0.03281250000000004 0.0375
0 0.49609375 0.2635416666666667 0.0609375 0.08125
2 0.42458474099099097 0.3492023273273273 0.0296875 0.04375
2 0.05390625 0.40625 0.0203125 0.03333333333333333
