0 0.17869591346153846 0.1606971153846154 0.0296875 0.0375
0 0.25584716796875 0.09529622395833333 0.0328125 0.04375
0 0.18656535388127854 0.253125 0.03125000000000002 0.04791666666666667
0 0.64296875 0.27395833333333336 0.0453125 0.04791666666666667
0 0.28046875 0.11276041666666667 0.03125 0.041666666666666664
0 0.959375 0.265625 0.03125 0.03958333333333333
0 0.87578125 0.17395833333333333 0.0390625 0.04791666666666667
0 0.79765625 0.2791666666666667 0.0359375 0.05416666666666667
0 0.9731495786516854 0.15435861423220973 0.03125 0.041666666666666664
0 0.81171875 0.11496794871794871 0.0359375 0.03958333333333333
0 0.7644190705128204 0.17225961538461537 0.0375 0.04583333333333333
0 0.23706128794266443 0.657096683530073 0.0390625 0.05
0 0.21640625 0.9739583333333334 0.0390625 0.04375
0 0.19217363165680473 0.6236501479289941 0.0375 0.052083333333333336
0 0.08515625 0.029166666666666667 0.0328125 0.041666666666666664
0 0.42578125 0.984375 0.0328125 0.03125
0 0.8436383928571429 0.9345238095238095 0.0328125 0.041666666666666664
0 0.8782366071428571 0.8482142857142858 0.0296875 0.041666666666666664
2 0.167578125 0.15572916666666667 0.0296875 0.04583333333333333
0 0.38546874999999997 0.98125 0.0328125 0.0375
0 0.49609375 0.2635416666666667 0.0609375 0.08125
2 0.4266774587087087 0.35059747247247247 0.0296875 0.04375
2 0.05390625 0.40625 0.0203125 0.03333333333333333
