0 0.17725360576923077 0.1626201923076923 0.0296875 0.0375
0 0.25643310546875 0.09607747395833334 0.0328125 0.04375
0 0.18827768264840183 0.253125 0.03125 0.04791666666666667
0 0.64296875 0.27395833333333336 0.0453125 0.04791666666666667
0 0.3980113636363637 0.15284090909090908 0.03125000000000004 0.041666666666666664
0 0.8980298913043478 0.27622282608695653 0.03125 0.03958333333333333
0 0.8779551630434783 0.17105978260869564 0.0390625 0.04791666666666667
0 0.79765625 0.2791666666666667 0.0359375 0.05416666666666667
0 0.9728125000000001 0.15458333333333335 0.03125 0.041666666666666664
0 0.81171875 0.11573717948717949 0.0359375 0.03958333333333333
0 0.7646113782051283 0.17302884615384614 0.0375 0.04583333333333333
0 0.23744071458684654 0.6572653175941541 0.0390625 0.05
0 0.21640625 0.9739583333333334 0.0390625 0.04375
0 0.19372688609467453 0.6248335798816568 0.03749999999999998 0.052083333333333336
0 0.08515625 0.029166666666666667 0.0328125 0.041666666666666664
0 0.54296875 0.9453869047619048 0.0328125 0.04375
0 0.84375 0.7729166666666667 0.0328125 0.041666666666666664
0 0.8498883928571429 0.9008928571428572 0.0296875 0.041666666666666664
2 0.198828125 0.11197916666666667 0.0296875 0.04583333333333333
0 0.49609375 0.2635416666666667 0.0609375 0.08125
2 0.4271279091591592 0.3508977727727728 0.0296875 0.04375
2 0.05390625 0.40625 0.0203125 0.03333333333333333
