0 0.47728365384615384 0.04855769230769231 0.034375 0.05
0 0.1994140625 0.5950520833333334 0.0453125 0.041666666666666664
0 0.10732263513513514 0.3537781531531532 0.040625 0.04375
0 0.09453125 0.49375 0.0390625 0.05416666666666667
0 0.3625 0.33229166666666665 0.0296875 0.04375
0 0.21546875000000001 0.8635416666666667 0.0359375 0.03958333333333333
0 0.3861073369565218 0.6377717391304347 0.029687500000000044 0.041666666666666664
0 0.74296875 0.1 0.0359375 0.0375
0 0.77265625 0.225 0.0359375 0.04583333333333333
0 0.775 0.6135416666666667 0.034375 0.03958333333333333
0 0.86953125 0.703125 0.0515625 0.05625
0 0.74609375 0.6875 0.0296875 0.04375
0 0.6339154411764706 0.7402573529411764 0.046875 0.04791666666666667
0 0.45625 0.7833333333333333 0.0296875 0.041666666666666664
0 0.925 0.6083333333333333 0.0375 0.0375
0 0.91796875 0.22708333333333333 0.0296875 0.03333333333333333
0 0.91328125 0.20104166666666667 0.0296875 0.03958333333333333
2 0.75390625 0.48020833333333335 0.0328125 0.035416666666666666
0 0.2703125 0.21145833333333333 0.028125 0.03958333333333333
0 0.6485937500000001 0.8035416666666666 0.028125 0.0375
0 0.8921875 0.9364583333333333 0.0296875 0.0375
0 0.13671875 0.21666666666666667 0.0359375 0.04583333333333333
0 0.3515625 0.10208333333333333 0.0296875 0.03333333333333333
