0 0.17806490384615387 0.16153846153846152 0.0296875 0.0375
0 0.256103515625 0.09563802083333334 0.0328125 0.04375
0 0.18731449771689496 0.253125 0.03125 0.04791666666666667
0 0.64296875 0.27395833333333336 0.0453125 0.04791666666666667
0 0.33571428571428574 0.12976190476190477 0.03125 0.04166666666666668
0 0.9443509615384615 0.26995192307692306 0.03125 0.039583333333333304
0 0.8767323369565216 0.17269021739130436 0.0390625 0.04791666666666667
0 0.79765625 0.2791666666666667 0.0359375 0.05416666666666667
0 0.9730021067415731 0.15445692883895132 0.03125 0.041666666666666664
0 0.81171875 0.11530448717948717 0.0359375 0.03958333333333332
0 0.7645032051282051 0.17259615384615384 0.0375 0.04583333333333333
0 0.2372272870994941 0.6571704609331085 0.0390625 0.05
0 0.21640625 0.9739583333333334 0.0390625 0.04375
0 0.19285318047337277 0.6241678994082841 0.03749999999999998 0.052083333333333336
0 0.08515625 0.029166666666666667 0.0328125 0.041666666666666664
0 0.4513020833333333 0.9510416666666667 0.0328125 0.04375
0 0.84921875 0.8458333333333333 0.0328125 0.041666666666666664
0 0.86171875 0.8770833333333333 0.0296875 0.041666666666666664
2 0.19244791666666666 0.12152777777777776 0.029687499999999978 0.045833333333333316
0 0.49609375 0.2635416666666667 0.0609375 0.08125
2 0.42687453078078075 0.35072885385385383 0.0296875 0.04375
2 0.05390625 0.40625 0.0203125 0.03333333333333333
