0 0.4358016304347826 0.057518115942028984 0.034375 0.05
0 0.21234375 0.5379166666666666 0.0453125 0.041666666666666664
0 0.10588682432432432 0.35569256756756756 0.040625 0.04375
0 0.09453125 0.49375 0.0390625 0.05416666666666667
0 0.39921875 0.278125 0.0296875 0.04375
0 0.25970982142857146 0.877529761904762 0.0359375 0.03958333333333333
0 0.4030133928571429 0.636904761904762 0.029687500000000044 0.041666666666666664
0 0.75078125 0.10353835978835978 0.0359375 0.0375
0 0.77265625 0.225 0.0359375 0.04583333333333333
0 0.775 0.6135416666666667 0.034375 0.03958333333333333
0 0.86953125 0.703125 0.0515625 0.05625
0 0.7262276785714286 0.7319940476190475 0.0296875 0.04375
0 0.6451858108108108 0.7418074324324324 0.046875 0.04791666666666667
0 0.5318080357142857 0.8130952380952381 0.0296875 0.041666666666666664
0 0.925 0.6083333333333333 0.0375 0.0375
0 0.91796875 0.22708333333333333 0.0296875 0.03333333333333333
0 0.91328125 0.20104166666666667 0.0296875 0.03958333333333333
2 0.75390625 0.48020833333333335 0.0328125 0.035416666666666666
0 0.2703125 0.21145833333333333 0.028125 0.03958333333333333
0 0.7167410714285715 0.8526785714285714 0.028125 0.0375
0 0.7916294642857142 0.7273809523809525 0.029687499999999912 0.0375
0 0.2943080357142857 0.09702380952380953 0.0359375 0.04583333333333333
