0 0.43937499999999996 0.6225 0.034375 0.0375
0 0.374375 0.12583333333333335 0.034375 0.05000000000000002
0 0.25125000000000003 0.28055555555555556 0.025 0.04166666666666664
0 0.11013841324200913 0.3645595509893455 0.04062499999999999 0.04375
0 0.09453125 0.49375 0.0390625 0.05416666666666667
0 0.3228298611111111 0.35474537037037035 0.0296875 0.04375
0 0.3768229166666667 0.8371527777777777 0.0359375 0.03958333333333333
0 0.41015625 0.6616723744292237 0.0296875 0.041666666666666664
0 0.7549479166666667 0.09791666666666667 0.0359375 0.0375
0 0.77265625 0.225 0.0359375 0.04583333333333333
0 0.7664583333333334 0.6079861111111111 0.034375 0.03958333333333333
0 0.86953125 0.703125 0.0515625 0.05625
0 0.6219618055555556 0.7883101851851853 0.0296875 0.04375
0 0.6709976340694006 0.7510416666666667 0.046875 0.04791666666666667
0 0.7015625 0.584375 0.0296875 0.041666666666666664
0 0.925 0.6083333333333333 0.0375 0.0375
0 0.91796875 0.22708333333333333 0.0296875 0.03333333333333333
0 0.91328125 0.20104166666666667 0.0296875 0.03958333333333333
2 0.75390625 0.48020833333333335 0.0328125 0.035416666666666666
0 0.3012600806451613 0.31730510752688174 0.028125 0.03958333333333333
0 0.8046875 0.5729166666666666 0.0296875 0.05
0 0.8110243055555555 0.8671296296296297 0.0328125 0.0375
0 0.95 0.4510416666666667 0.0234375 0.03958333333333333
