0 0.17996831797235022 0.16666666666666666 0.025 0.03333333333333333
0 0.2578150447882736 0.09792005971769815 0.031244910423452767 0.04165988056460369
2 0.0890625 0.14375 0.034375 0.04583333333333333
0 0.19660326086956523 0.2373641304347826 0.03125000000000002 0.04791666666666667
0 0.64296875 0.27395833333333336 0.0453125 0.04791666666666667
0 0.6116071428571429 0.6473214285714286 0.03125 0.041666666666666664
0 0.8078125 0.9462499999999999 0.03500000000000005 0.05
0 0.7800107758620689 0.355926724137931 0.025 0.03125
0 0.9158854166666666 0.2420138888888889 0.0390625 0.04791666666666667
0 0.79765625 0.2791666666666667 0.0359375 0.05416666666666667
0 0.9713869382022471 0.15553370786516854 0.03125 0.041666666666666664
0 0.81171875 0.11899038461538461 0.0359375 0.03958333333333333
0 0.7654246794871795 0.17628205128205127 0.0375 0.04583333333333333
0 0.23904537310286678 0.6579784991568297 0.0390625 0.05
0 0.21640625 0.975912081339713 0.0390625 0.03984250398724084
0 0.1990498310810811 0.633108108108108 0.03281250000000002 0.04583333333333333
0 0.340625 0.978125 0.034375 0.04375
0 0.08266871165644171 0.030272239263803683 0.0328125 0.041666666666666664
0 0.45234375 0.9510416666666667 0.0328125 0.04375
0 0.49609375 0.2635416666666667 0.0609375 0.08125
2 0.4290329391891892 0.3521677927927928 0.0296875 0.04375
2 0.05390625 0.40625 0.0203125 0.03333333333333333
