0 0.17534054487179487 0.15491452991452992 0.0296875 0.0375
0 0.25501384493670887 0.09175896624472574 0.0328125 0.04375
0 0.18217751141552513 0.253125 0.03125 0.04791666666666667
0 0.64296875 0.27395833333333336 0.0453125 0.04791666666666667
0 0.92109375 0.078125 0.0390625 0.04791666666666667
0 0.79765625 0.2791666666666667 0.0359375 0.05416666666666667
0 0.9734375 0.15416666666666667 0.03125 0.041666666666666664
0 0.81171875 0.11354166666666667 0.0359375 0.03958333333333333
0 0.7640625 0.17083333333333334 0.0375 0.04583333333333333
0 0.23608900716694775 0.6566645587408657 0.0390625 0.05
0 0.21640625 0.9739583333333334 0.0390625 0.04375
0 0.18819341715976332 0.6206176035502958 0.0375 0.052083333333333336
0 0.08515625 0.029166666666666667 0.0328125 0.041666666666666664
0 0.93515625 0.6821428571428572 0.0296875 0.041666666666666664
2 0.23984375 0.21145833333333333 0.0296875 0.035416666666666666
0 0.43765625 0.9704166666666667 0.0328125 0.0375
0 0.984375 0.09618055555555555 0.03125 0.04375
0 0.49609375 0.2635416666666667 0.0609375 0.08125
2 0.42552317942942947 0.349827952952953 0.0296875 0.04375
2 0.05390625 0.40625 0.0203125 0.03333333333333333
