0 0.18307891705069124 0.16666666666666666 0.025 0.03333333333333333
0 0.2583647190553746 0.09865295874049945 0.030145561889250817 0.04019408251900109
2 0.1734375 0.14375 0.034375 0.04583333333333333
0 0.20351941747572816 0.2399777508090615 0.03125000000000002 0.04791666666666667
0 0.64296875 0.27395833333333336 0.0453125 0.04791666666666667
0 0.5385416666666667 0.9659722222222222 0.034375 0.03333333333333333
0 0.7732421875 0.784375 0.0328125 0.05
0 0.7734821428571428 0.3696130952380952 0.025 0.03125
0 0.9268973214285714 0.3370535714285714 0.0390625 0.04791666666666667
0 0.79765625 0.2791666666666667 0.0359375 0.05416666666666667
0 0.9706285112359551 0.15603932584269664 0.03125 0.041666666666666664
0 0.8134784587378642 0.11744538834951455 0.03593750000000009 0.03958333333333332
0 0.767384708737864 0.17708333333333334 0.0375 0.04583333333333333
0 0.23984375 0.6580528846153847 0.0390625 0.05
0 0.21640625 0.979680023923445 0.0390625 0.03230661881977674
0 0.20714285714285716 0.6348214285714285 0.03281250000000002 0.04583333333333333
0 0.3916666666666667 0.9538194444444444 0.028125000000000046 0.03125
0 0.5606770833333333 0.929513888888889 0.0328125 0.03958333333333333
0 0.08111579754601227 0.030962423312883437 0.0328125 0.041666666666666664
0 0.34765625 0.9770833333333333 0.0265625 0.03333333333333333
0 0.49609375 0.2635416666666667 0.0609375 0.08125
2 0.4300464527027027 0.3528434684684685 0.0296875 0.04375
2 0.05390625 0.40625 0.0203125 0.03333333333333333
