0 0.3125 0.32708333333333334 0.034375 0.0375
0 0.328125 0.11041666666666666 0.034375 0.05
0 0.3140625 0.20833333333333334 0.025 0.041666666666666664
0 0.1109375 0.3679878048780488 0.040625 0.04375
0 0.09453125 0.49375 0.0390625 0.05416666666666667
0 0.34818816489361704 0.36079343971631206 0.0296875 0.04375
0 0.36796875 0.7822916666666667 0.0359375 0.03958333333333333
0 0.4127772177419355 0.6736559139784947 0.0296875 0.041666666666666664
0 0.8390625 0.3 0.0375 0.0375
0 0.7572408536585366 0.10297256097560976 0.0359375 0.0375
0 0.77265625 0.225 0.0359375 0.04583333333333333
0 0.7636834319526626 0.5897620808678501 0.034375 0.03958333333333333
0 0.86953125 0.703125 0.0515625 0.05625
0 0.63515625 0.8427083333333333 0.0296875 0.04375
0 0.6727868690851735 0.7510416666666667 0.046875 0.04791666666666667
0 0.80234375 0.575 0.0296875 0.041666666666666664
0 0.925 0.6083333333333333 0.0375 0.0375
0 0.91796875 0.22708333333333333 0.0296875 0.03333333333333333
0 0.91328125 0.20104166666666667 0.0296875 0.03958333333333333
2 0.75390625 0.48020833333333335 0.0328125 0.035416666666666666
0 0.04921875 0.5864583333333333 0.0296875 0.035416666666666666
0 0.29384469696969695 0.34270833333333334 0.028125 0.03958333333333333
0 0.91640625 0.51875 0.0296875 0.05
