0 0.2515625 0.25833333333333336 0.034375 0.0375
0 0.32708333333333334 0.1361111111111111 0.034375 0.04999999999999998
0 0.3484375 0.1888888888888889 0.025 0.041666666666666664
0 0.1109375 0.3690040650406504 0.040625 0.04375
0 0.09453125 0.49375 0.0390625 0.05416666666666667
0 0.34296875 0.38645833333333335 0.0296875 0.04375
0 0.3934895833333333 0.7864583333333334 0.035937499999999956 0.03958333333333333
0 0.40234375 0.65625 0.0296875 0.041666666666666664
0 0.7923611111111111 0.2287037037037037 0.0375 0.0375
0 0.7610518292682926 0.10398882113821138 0.0359375 0.0375
0 0.77265625 0.225 0.0359375 0.04583333333333333
0 0.7625739644970414 0.5892689842209073 0.034375 0.03958333333333333
0 0.86953125 0.703125 0.0515625 0.05625
0 0.6419270833333333 0.9038194444444444 0.0296875 0.04375
0 0.6733783517350158 0.7510416666666667 0.046875 0.04791666666666667
0 0.83515625 0.5541666666666667 0.0296875 0.041666666666666664
0 0.925 0.6083333333333333 0.0375 0.0375
0 0.91796875 0.22708333333333333 0.0296875 0.03333333333333333
0 0.91328125 0.20104166666666667 0.0296875 0.03958333333333333
0 0.940625 0.16875 0.034375 0.0375
2 0.75390625 0.48020833333333335 0.0328125 0.035416666666666666
0 0.06484375 0.5517361111111111 0.0296875 0.035416666666666666
0 0.29700126262626264 0.34270833333333334 0.028125 0.03958333333333333
0 0.9578125 0.49895833333333334 0.028125 0.035416666666666666
0 0.9515625 0.9152777777777777 0.028125 0.03333333333333333
