0 0.4390625 0.61875 0.034375 0.0375
0 0.375 0.12708333333333333 0.034375 0.05
0 0.2515625 0.2791666666666667 0.025 0.041666666666666664
0 0.11016695205479451 0.3645976027397261 0.040625 0.04375
0 0.09453125 0.49375 0.0390625 0.05416666666666667
0 0.32317708333333334 0.3548611111111111 0.0296875 0.04375
0 0.37734375 0.8373511904761906 0.0359375 0.03958333333333333
0 0.41015625 0.6617294520547945 0.0296875 0.041666666666666664
0 0.7549358042635659 0.09796511627906977 0.0359375 0.0375
0 0.77265625 0.225 0.0359375 0.04583333333333333
0 0.7665625 0.6072916666666667 0.034375 0.03958333333333333
0 0.86953125 0.703125 0.0515625 0.05625
0 0.62265625 0.790625 0.0296875 0.04375
0 0.6710124211356467 0.7510416666666667 0.046875 0.04791666666666667
0 0.70546875 0.5854166666666667 0.0296875 0.041666666666666664
0 0.925 0.6083333333333333 0.0375 0.0375
0 0.91796875 0.22708333333333333 0.0296875 0.03333333333333333
0 0.91328125 0.20104166666666667 0.0296875 0.03958333333333333
2 0.75390625 0.48020833333333335 0.0328125 0.035416666666666666
0 0.3013608870967742 0.31743951612903226 0.028125 0.03958333333333333
0 0.80234375 0.56875 0.0296875 0.05
0 0.81171875 0.8645833333333334 0.0328125 0.0375
0 0.95078125 0.4552083333333333 0.0234375 0.03958333333333333
