0 0.46968750000000004 0.03166666666666666 0.034375 0.05
0 0.18765625 0.6375 0.0453125 0.041666666666666664
0 0.10770089285714286 0.3530877976190476 0.040625 0.04375
0 0.09453125 0.49375 0.0390625 0.05416666666666667
0 0.38599759615384616 0.3321314102564103 0.0296875 0.04375
0 0.1984375 0.8364583333333333 0.0359375 0.03958333333333333
0 0.39170386904761906 0.6354166666666666 0.0296875 0.041666666666666664
0 0.74296875 0.1 0.0359375 0.0375
0 0.77265625 0.225 0.0359375 0.04583333333333333
0 0.775 0.6135416666666667 0.034375 0.03958333333333333
0 0.86953125 0.703125 0.0515625 0.05625
0 0.75703125 0.6979166666666666 0.0296875 0.04375
0 0.6328125 0.740625 0.046875 0.04791666666666667
0 0.40203125 0.78375 0.0296875 0.041666666666666664
0 0.925 0.6083333333333333 0.0375 0.0375
0 0.91796875 0.22708333333333333 0.0296875 0.03333333333333333
0 0.91328125 0.20104166666666667 0.0296875 0.03958333333333333
2 0.75390625 0.48020833333333335 0.0328125 0.035416666666666666
0 0.2703125 0.21145833333333333 0.028125 0.03958333333333333
0 0.6240625 0.8091666666666666 0.028125 0.0375
0 0.88890625 0.9358333333333333 0.0296875 0.0375
0 0.10203124999999999 0.29583333333333334 0.0359375 0.04583333333333333
0 0.3099330357142857 0.13452380952380952 0.0296875 0.03333333333333333
