0 0.5734375 0.8072916666666666 0.034375 0.0375
0 0.4037946428571429 0.08348214285714285 0.034375000000000044 0.049999999999999996
0 0.282421875 0.396875 0.025 0.041666666666666664
0 0.1075984589041096 0.36117294520547943 0.04062500000000001 0.04375
0 0.09453125 0.49375 0.0390625 0.05416666666666667
0 0.33091517857142855 0.3571428571428571 0.0296875 0.04375
0 0.33468749999999997 0.8925 0.0359375 0.03958333333333333
0 0.4074013157894737 0.6622532894736842 0.029687500000000044 0.041666666666666664
0 0.7510682397959184 0.0977891156462585 0.0359375 0.0375
0 0.77265625 0.225 0.0359375 0.04583333333333333
0 0.7790625 0.6170833333333333 0.034375 0.03958333333333333
0 0.86953125 0.703125 0.0515625 0.05625
0 0.642578125 0.74375 0.0296875 0.04375
0 0.6696815851735016 0.7510416666666667 0.046875 0.04791666666666667
0 0.600390625 0.62421875 0.0296875 0.041666666666666664
0 0.925 0.6083333333333333 0.0375 0.0375
0 0.91796875 0.22708333333333333 0.0296875 0.03333333333333333
0 0.91328125 0.20104166666666667 0.0296875 0.03958333333333333
2 0.75390625 0.48020833333333335 0.0328125 0.035416666666666666
0 0.280078125 0.24583333333333332 0.028125 0.03958333333333333
0 0.7421875 0.60625 0.028125 0.0375
0 0.8823437500000001 0.19270833333333334 0.0234375 0.03958333333333333
0 0.71328125 0.9447916666666667 0.0296875 0.0375
