0 0.49367897727272725 0.06297348484848485 0.034375 0.05
0 0.1859375 0.709375 0.0453125 0.041666666666666664
0 0.1003125 0.34437500000000004 0.040625 0.04375
0 0.09453125 0.49375 0.0390625 0.05416666666666667
0 0.3871875 0.2845833333333333 0.0296875 0.04375
0 0.184375 0.9104166666666667 0.0359375 0.03958333333333333
0 0.3763671875 0.590625 0.0296875 0.041666666666666664
0 0.74296875 0.1 0.0359375 0.0375
0 0.77265625 0.225 0.0359375 0.04583333333333333
0 0.775 0.6135416666666667 0.034375 0.03958333333333333
0 0.86953125 0.703125 0.0515625 0.05625
0 0.78046875 0.6760416666666667 0.0296875 0.04375
0 0.6328125 0.740625 0.046875 0.04791666666666667
0 0.355078125 0.7739583333333333 0.0296875 0.041666666666666664
0 0.925 0.6083333333333333 0.0375 0.0375
0 0.91796875 0.22708333333333333 0.0296875 0.03333333333333333
0 0.91328125 0.20104166666666667 0.0296875 0.03958333333333333
2 0.75390625 0.48020833333333335 0.0328125 0.035416666666666666
0 0.2703125 0.21145833333333333 0.028125 0.03958333333333333
0 0.571875 0.8510416666666667 0.03125 0.0375
0 0.73046875 0.9291666666666667 0.0296875 0.0375
0 0.06796875 0.4625 0.0359375 0.04583333333333333
0 0.20234375 0.16458333333333333 0.0296875 0.03333333333333333
