0 0.1722956730769231 0.1528846153846154 0.0296875 0.0375
0 0.25482594936708863 0.09050632911392405 0.0328125 0.04375
0 0.18011363636363636 0.2527462121212121 0.03125 0.04791666666666667
0 0.64296875 0.27395833333333336 0.0453125 0.04791666666666667
0 0.92109375 0.078125 0.0390625 0.04791666666666667
0 0.79765625 0.2791666666666667 0.0359375 0.05416666666666667
0 0.9734375 0.15416666666666667 0.03125 0.041666666666666664
0 0.81171875 0.11354166666666667 0.0359375 0.03958333333333333
0 0.7640625 0.17083333333333334 0.0375 0.04583333333333333
0 0.23578862774030354 0.6565310567734682 0.0390625 0.05
0 0.21640625 0.9739583333333334 0.0390625 0.04375
0 0.18696375739644971 0.6196807199211045 0.03750000000000002 0.052083333333333336
0 0.08515625 0.029166666666666667 0.0328125 0.041666666666666664
0 0.943359375 0.63125 0.0296875 0.041666666666666664
2 0.25234375 0.13229166666666667 0.0296875 0.035416666666666666
0 0.40859375 0.9270833333333334 0.0328125 0.0375
0 0.990625 0.013541666666666667 0.01875 0.027083333333333334
0 0.49609375 0.2635416666666667 0.0609375 0.08125
2 0.4251665728228228 0.3495902152152152 0.0296875 0.04375
2 0.05390625 0.40625 0.0203125 0.03333333333333333
