0 0.17872983870967743 0.16666666666666666 0.025 0.03333333333333333
0 0.2575961929967427 0.09762825732899023 0.03168261400651464 0.042243485342019535
2 0.0671875 0.225 0.034375 0.04583333333333333
0 0.1936820652173913 0.23814311594202897 0.03125 0.04791666666666667
0 0.64296875 0.27395833333333336 0.0453125 0.04791666666666667
0 0.628515625 0.509375 0.03125 0.041666666666666664
0 0.7841911764705882 0.3512867647058824 0.02775735294117645 0.03492647058823527
0 0.9047334558823529 0.22591911764705883 0.0390625 0.04791666666666667
0 0.79765625 0.2791666666666667 0.0359375 0.05416666666666667
0 0.9716889044943819 0.15533239700374532 0.03125 0.041666666666666664
0 0.81171875 0.11830128205128204 0.0359375 0.03958333333333332
0 0.7652524038461539 0.1755929487179487 0.0375 0.04583333333333333
0 0.23870547006745363 0.6578274311410904 0.0390625 0.05
0 0.21640625 0.9744118819776714 0.0390625 0.0428429027113238
0 0.1985958614864865 0.6325028153153153 0.0328125 0.04583333333333333
0 0.346875 0.978125 0.034375 0.04375
0 0.08328700153374233 0.029997443762781188 0.0328125 0.041666666666666664
0 0.46796875 0.8166666666666667 0.0328125 0.04375
0 0.49609375 0.2635416666666667 0.0609375 0.08125
2 0.4286294106606607 0.3518987737737738 0.0296875 0.04375
2 0.05390625 0.40625 0.0203125 0.03333333333333333
