0 0.428125 0.05416666666666667 0.034375 0.05
0 0.2390625 0.54375 0.025 0.041666666666666664
0 0.10543074324324324 0.35630067567567564 0.040625 0.04375
0 0.09453125 0.49375 0.0390625 0.05416666666666667
0 0.399609375 0.2911458333333333 0.0296875 0.04375
0 0.28125 0.8442708333333333 0.0359375 0.03958333333333333
0 0.40390625 0.6483854166666667 0.0296875 0.041666666666666664
0 0.75078125 0.10264550264550265 0.0359375 0.0375
0 0.77265625 0.225 0.0359375 0.04583333333333333
0 0.775 0.6135416666666667 0.034375 0.03958333333333333
0 0.86953125 0.703125 0.0515625 0.05625
0 0.694921875 0.7197916666666667 0.0296875 0.04375
0 0.651373106060606 0.7475063131313131 0.046875 0.04791666666666667
0 0.558984375 0.778125 0.0296875 0.041666666666666664
0 0.925 0.6083333333333333 0.0375 0.0375
0 0.91796875 0.22708333333333333 0.0296875 0.03333333333333333
0 0.91328125 0.20104166666666667 0.0296875 0.03958333333333333
2 0.75390625 0.48020833333333335 0.0328125 0.035416666666666666
0 0.2703125 0.21145833333333333 0.028125 0.03958333333333333
0 0.74765625 0.8401041666666667 0.028125 0.0375
0 0.743359375 0.653125 0.0296875 0.0375
0 0.3497159090909091 0.06837121212121212 0.028125 0.03333333333333333
