0 0.17950721153846155 0.1576923076923077 0.0296875 0.0375
0 0.2552709651898734 0.09347310126582278 0.0328125 0.04375
0 0.18403253424657534 0.253125 0.03125 0.04791666666666667
0 0.64296875 0.27395833333333336 0.0453125 0.04791666666666667
0 0.9143229166666667 0.07256944444444445 0.0390625 0.04791666666666668
0 0.79765625 0.2791666666666667 0.0359375 0.05416666666666667
0 0.9734375 0.15416666666666667 0.03125 0.041666666666666664
0 0.81171875 0.11383012820512821 0.0359375 0.03958333333333333
0 0.7641346153846154 0.17112179487179488 0.0375 0.04583333333333333
0 0.23650005269814503 0.6568472456436201 0.0390625 0.05
0 0.21640625 0.9739583333333334 0.0390625 0.04375
0 0.18987610946745562 0.6218996548323471 0.0375 0.052083333333333336
0 0.08515625 0.029166666666666667 0.0328125 0.041666666666666664
0 0.91015625 0.7427083333333333 0.0296875 0.041666666666666664
2 0.1546875 0.27291666666666664 0.0296875 0.035416666666666666
0 0.42265625 0.98125 0.0328125 0.0375
0 0.8625 0.165625 0.03125 0.04375
0 0.49609375 0.2635416666666667 0.0609375 0.08125
2 0.42601116741741746 0.3501532782782783 0.0296875 0.04375
2 0.05390625 0.40625 0.0203125 0.03333333333333333
