0 0.47566964285714286 0.048809523809523817 0.034375 0.05
0 0.19244791666666666 0.663425925925926 0.04531249999999998 0.041666666666666664
0 0.10457589285714286 0.35204613095238096 0.040625 0.04375
0 0.09453125 0.49375 0.0390625 0.05416666666666667
0 0.39849759615384617 0.32059294871794874 0.0296875 0.04375
0 0.18671875 0.882986111111111 0.0359375 0.03958333333333333
0 0.39921875 0.6194444444444444 0.0296875 0.041666666666666664
0 0.74296875 0.1 0.0359375 0.0375
0 0.77265625 0.225 0.0359375 0.04583333333333333
0 0.775 0.6135416666666667 0.034375 0.03958333333333333
0 0.86953125 0.703125 0.0515625 0.05625
0 0.76953125 0.6885416666666667 0.0296875 0.04375
0 0.6328125 0.740625 0.046875 0.04791666666666667
0 0.4002604166666667 0.7680555555555556 0.029687500000000044 0.041666666666666664
0 0.925 0.6083333333333333 0.0375 0.0375
0 0.91796875 0.22708333333333333 0.0296875 0.03333333333333333
0 0.91328125 0.20104166666666667 0.0296875 0.03958333333333333
2 0.75390625 0.48020833333333335 0.0328125 0.035416666666666666
0 0.2703125 0.21145833333333333 0.028125 0.03958333333333333
0 0.603125 0.8381944444444444 0.028125 0.0375
0 0.8153645833333334 0.9541666666666667 0.0296875 0.0375
0 0.07994791666666666 0.35381944444444446 0.0359375 0.04583333333333333
0 0.26588541666666665 0.15972222222222224 0.0296875 0.03333333333333333
