0 0.3859375 0.5291666666666667 0.034375 0.0375
0 0.3614583333333333 0.10902777777777777 0.034375 0.04999999999999998
0 0.253125 0.2604166666666667 0.025 0.041666666666666664
0 0.1109375 0.36595528455284554 0.040625 0.04375
0 0.09453125 0.49375 0.0390625 0.05416666666666667
0 0.32578125 0.34479166666666666 0.0296875 0.04375
0 0.3924479166666667 0.828125 0.035937500000000046 0.03958333333333333
0 0.41015625 0.6640125570776256 0.0296875 0.041666666666666664
0 0.9625 0.43333333333333335 0.0375 0.0375
0 0.7544513081395349 0.09990310077519379 0.0359375 0.0375
0 0.77265625 0.225 0.0359375 0.04583333333333333
0 0.7646381578947368 0.6003837719298245 0.034375 0.03958333333333333
0 0.86953125 0.703125 0.0515625 0.05625
0 0.6429086538461538 0.8225961538461539 0.0296875 0.04375
0 0.671603903785489 0.7510416666666667 0.046875 0.04791666666666667
0 0.73203125 0.6104166666666667 0.0296875 0.041666666666666664
0 0.925 0.6083333333333333 0.0375 0.0375
0 0.91796875 0.22708333333333333 0.0296875 0.03333333333333333
0 0.91328125 0.20104166666666667 0.0296875 0.03958333333333333
2 0.75390625 0.48020833333333335 0.0328125 0.035416666666666666
0 0.3125 0.334375 0.028125 0.03958333333333333
0 0.84296875 0.55 0.0296875 0.05
0 0.89765625 0.81875 0.0328125 0.0375
0 0.01171875 0.684375 0.0234375 0.03958333333333333
0 0.98828125 0.571875 0.0234375 0.03958333333333333
0 0.94453125 0.013541666666666667 0.0265625 0.027083333333333334
