0 0.4536458333333333 0.05231481481481482 0.034375 0.05000000000000001
0 0.21296875 0.5779166666666666 0.04531250000000002 0.041666666666666664
0 0.1067820945945946 0.3544988738738739 0.04062500000000001 0.04375
0 0.09453125 0.49375 0.0390625 0.05416666666666667
0 0.34341517857142856 0.30907738095238096 0.0296875 0.04375
0 0.24640625 0.844375 0.0359375 0.03958333333333333
0 0.38203125 0.6333333333333333 0.0296875 0.041666666666666664
0 0.7455729166666667 0.10138888888888889 0.0359375 0.0375
0 0.77265625 0.225 0.0359375 0.04583333333333333
0 0.775 0.6135416666666667 0.034375 0.03958333333333333
0 0.86953125 0.703125 0.0515625 0.05625
0 0.7400904605263158 0.7288925438596491 0.0296875 0.04375
0 0.6368566176470588 0.7392769607843138 0.046875 0.04791666666666667
0 0.46953125 0.7833333333333333 0.0296875 0.041666666666666664
0 0.925 0.6083333333333333 0.0375 0.0375
0 0.91796875 0.22708333333333333 0.0296875 0.03333333333333333
0 0.91328125 0.20104166666666667 0.0296875 0.03958333333333333
2 0.75390625 0.48020833333333335 0.0328125 0.035416666666666666
0 0.2703125 0.21145833333333333 0.028125 0.03958333333333333
0 0.68125 0.8011904761904761 0.028125 0.0375
0 0.8559151785714286 0.8571428571428572 0.0296875 0.0375
0 0.18453124999999998 0.16541666666666668 0.0359375 0.04583333333333333
0 0.39859375 0.058750000000000004 0.029687500000000044 0.03333333333333334
