0 0.1779427083333333 0.1665046296296296 0.025364583333333336 0.0336574074074074
0 0.25745368485342024 0.09743824647122692 0.03196763029315961 0.042623507057546146
2 0.05625 0.2989583333333333 0.034375 0.04583333333333333
0 0.19201388888888887 0.23877314814814815 0.03125 0.04791666666666667
0 0.64296875 0.27395833333333336 0.0453125 0.04791666666666667
0 0.6264322916666667 0.4105902777777778 0.03125 0.041666666666666664
0 0.7854779411764705 0.3495710784313726 0.030330882352941124 0.03835784313725489
0 0.8958333333333334 0.1986111111111111 0.0390625 0.04791666666666667
0 0.79765625 0.2791666666666667 0.0359375 0.05416666666666667
0 0.9718855337078652 0.15520131086142322 0.03125 0.041666666666666664
0 0.81171875 0.1178525641025641 0.0359375 0.03958333333333333
0 0.7651402243589744 0.17514423076923077 0.0375 0.04583333333333333
0 0.23848413785834738 0.6577290612703767 0.0390625 0.05
0 0.21640625 0.9739583333333334 0.0390625 0.04375
0 0.19830025337837837 0.6321086711711712 0.0328125 0.04583333333333333
0 0.08368960889570551 0.029818507157464213 0.03281249999999999 0.041666666666666664
0 0.51484375 0.7302083333333333 0.0328125 0.04375
0 0.6821428571428572 0.9389880952380952 0.028125 0.03333333333333333
0 0.49609375 0.2635416666666667 0.0609375 0.08125
2 0.4283666478978979 0.35172359859859864 0.0296875 0.04375
2 0.05390625 0.40625 0.0203125 0.03333333333333333
