0 0.1806019585253456 0.16666666666666666 0.025 0.03333333333333333
0 0.25792701547231267 0.09806935396308361 0.031020969055374614 0.04136129207383279
2 0.121875 0.10625 0.034375 0.04583333333333333
0 0.19809782608695653 0.23696557971014492 0.03125000000000002 0.04791666666666667
0 0.64296875 0.27395833333333336 0.0453125 0.04791666666666667
0 0.5859375 0.7101190476190475 0.03125 0.041666666666666664
0 0.7815104166666667 0.9180555555555556 0.0328125 0.05
0 0.7764008620689655 0.3598060344827586 0.025 0.03125
0 0.9176482371794872 0.24436431623931623 0.0390625 0.04791666666666667
0 0.79765625 0.2791666666666667 0.0359375 0.05416666666666667
0 0.9712324438202247 0.1556367041198502 0.03125 0.041666666666666664
0 0.81171875 0.1193429487179487 0.0359375 0.03958333333333332
0 0.7655128205128205 0.17663461538461536 0.0375 0.04583333333333333
0 0.23921927698145024 0.6580557897695335 0.0390625 0.05
0 0.21640625 0.976679625199362 0.0390625 0.03830741626794255
0 0.1997784514925373 0.6333333333333333 0.0328125 0.04583333333333333
0 0.34419642857142857 0.9537202380952381 0.034375 0.04375
0 0.0823523773006135 0.030412832310838446 0.0328125 0.041666666666666664
0 0.5015625 0.9802083333333333 0.028125 0.03958333333333333
0 0.49609375 0.2635416666666667 0.0609375 0.08125
2 0.42923939564564567 0.35230543043043044 0.0296875 0.04375
2 0.05390625 0.40625 0.0203125 0.03333333333333333
