0 0.18034855769230768 0.15849358974358976 0.0296875 0.0375
0 0.25535007911392404 0.09400052742616034 0.0328125 0.04375
0 0.18460331050228312 0.253125 0.03125 0.04791666666666667
0 0.64296875 0.27395833333333336 0.0453125 0.04791666666666667
0 0.8984375 0.10416666666666667 0.0390625 0.04791666666666667
0 0.79765625 0.2791666666666667 0.0359375 0.05416666666666667
0 0.9734375 0.15416666666666667 0.03125 0.041666666666666664
0 0.81171875 0.11408653846153846 0.0359375 0.03958333333333333
0 0.764198717948718 0.17137820512820515 0.0375 0.04583333333333333
0 0.23662652824620573 0.6569034569983138 0.0390625 0.05
0 0.21640625 0.9739583333333334 0.0390625 0.04375
0 0.19039386094674557 0.6222941321499014 0.03750000000000002 0.052083333333333336
0 0.08515625 0.029166666666666667 0.0328125 0.041666666666666664
0 0.905859375 0.7604166666666666 0.0296875 0.041666666666666664
2 0.17109375 0.2125 0.0296875 0.035416666666666666
0 0.4138392857142857 0.965625 0.03281249999999995 0.0375
0 0.875 0.121875 0.03125 0.04375
0 0.49609375 0.2635416666666667 0.0609375 0.08125
2 0.42616131756756753 0.3502533783783784 0.0296875 0.04375
2 0.05390625 0.40625 0.0203125 0.03333333333333333
