0 0.1816676267281106 0.16666666666666666 0.025 0.03333333333333333
0 0.2581153298045603 0.09832043973941369 0.030644340390879467 0.04085912052117264
2 0.12529920212765958 0.10084219858156028 0.034375 0.04583333333333333
0 0.20054611650485438 0.23700444983818772 0.03125 0.04791666666666667
0 0.64296875 0.27395833333333336 0.0453125 0.04791666666666667
0 0.5640625 0.8270833333333333 0.03125 0.041666666666666664
0 0.778125 0.8583333333333333 0.0328125 0.05
0 0.7754040948275862 0.36246408045977013 0.025 0.03125
0 0.92453125 0.23145833333333332 0.0390625 0.04791666666666667
0 0.79765625 0.2791666666666667 0.0359375 0.05416666666666667
0 0.9709726123595506 0.15580992509363295 0.03125 0.041666666666666664
0 0.8119918082524272 0.11942758899676376 0.0359375 0.03958333333333333
0 0.7658980582524272 0.17708333333333334 0.0375 0.04583333333333333
0 0.23951175168634062 0.6581857785272625 0.0390625 0.05
0 0.21640625 0.9779704944178628 0.0390625 0.03572567783094094
0 0.20322994402985076 0.6333333333333333 0.0328125 0.04583333333333333
0 0.3609375 0.9378472222222223 0.034375 0.04375
0 0.08182036042944786 0.030649284253578733 0.0328125 0.041666666666666664
0 0.49609375 0.2635416666666667 0.0609375 0.08125
2 0.42958661786786784 0.3525369119119119 0.0296875 0.04375
2 0.05390625 0.40625 0.0203125 0.03333333333333333
