0 0.47734375 0.04583333333333333 0.034375 0.05
0 0.20412946428571427 0.5961309523809525 0.0453125 0.041666666666666664
0 0.10744087837837837 0.3536204954954955 0.04062499999999999 0.04375
0 0.09453125 0.49375 0.0390625 0.05416666666666667
0 0.35703125 0.346875 0.0296875 0.04375
0 0.21692708333333335 0.8489583333333334 0.035937500000000025 0.03958333333333333
0 0.3875339673913044 0.6371376811594203 0.029687500000000044 0.041666666666666664
0 0.74296875 0.1 0.0359375 0.0375
0 0.77265625 0.225 0.0359375 0.04583333333333333
0 0.775 0.6135416666666667 0.034375 0.03958333333333333
0 0.86953125 0.703125 0.0515625 0.05625
0 0.75234375 0.6739583333333333 0.0296875 0.04375
0 0.6332720588235294 0.7404718137254902 0.046875 0.04791666666666667
0 0.43828125 0.7854166666666667 0.0296875 0.041666666666666664
0 0.925 0.6083333333333333 0.0375 0.0375
0 0.91796875 0.22708333333333333 0.0296875 0.03333333333333333
0 0.91328125 0.20104166666666667 0.0296875 0.03958333333333333
2 0.75390625 0.48020833333333335 0.0328125 0.035416666666666666
0 0.2703125 0.21145833333333333 0.028125 0.03958333333333333
0 0.6453125 0.7875 0.028125 0.0375
0 0.91328125 0.9395833333333333 0.0296875 0.0375
0 0.13046875 0.2375 0.0359375 0.04583333333333333
0 0.34453125 0.10833333333333334 0.0296875 0.03333333333333333
