0 0.1789463141025641 0.15731837606837606 0.0296875 0.0375
0 0.25523635284810126 0.09324235232067511 0.0328125 0.04375
0 0.1837828196347032 0.253125 0.03125 0.04791666666666667
0 0.64296875 0.27395833333333336 0.0453125 0.04791666666666667
0 0.920703125 0.06076388888888888 0.0390625 0.047916666666666656
0 0.79765625 0.2791666666666667 0.0359375 0.05416666666666667
0 0.9734375 0.15416666666666667 0.03125 0.041666666666666664
0 0.81171875 0.11371794871794873 0.0359375 0.039583333333333345
0 0.7641065705128205 0.1710096153846154 0.0375 0.04583333333333333
0 0.23644471964586847 0.6568226531759416 0.0390625 0.05
0 0.21640625 0.9739583333333334 0.0390625 0.04375
0 0.18964959319526628 0.6217270710059172 0.03750000000000002 0.052083333333333336
0 0.08515625 0.029166666666666667 0.0328125 0.041666666666666664
0 0.9221354166666667 0.742361111111111 0.0296875 0.041666666666666664
2 0.18671875 0.25729166666666664 0.0296875 0.035416666666666666
0 0.41953125 0.98125 0.0328125 0.0375
0 0.88125 0.11979166666666667 0.03125 0.04375
0 0.49609375 0.2635416666666667 0.0609375 0.08125
2 0.4259454767267267 0.3501094844844845 0.0296875 0.04375
2 0.05390625 0.40625 0.0203125 0.03333333333333333
