0 0.175 0.42552083333333335 0.0328125 0.041666666666666664
0 0.04609375 0.47604166666666664 0.0296875 0.03958333333333333
0 0.48515625 0.617361111111111 0.034375 0.04583333333333333
0 0.5927083333333333 0.13692129629629632 0.040625 0.047916666666666684
0 0.95078125 0.509375 0.0328125 0.04375
0 0.21470588235294116 0.4328431372549019 0.034375 0.04583333333333333
0 0.653125 0.08541666666666667 0.034375 0.05
0 0.6505725931677019 0.5610183747412009 0.0265625 0.05
0 0.3440625 0.02625 0.03687499999999999 0.0525
0 0.48140625000000004 0.34645833333333337 0.0421875 0.052083333333333336
0 0.32744140625 0.8890625 0.0359375 0.05
0 0.8106617647058825 0.5058823529411764 0.034375000000000086 0.05
0 0.28203125 0.6354166666666666 0.0359375 0.04583333333333333
0 0.38359375 0.9833333333333333 0.0265625 0.03333333333333333
0 0.429296875 0.8072916666666666 0.034375 0.04375
0 0.706857638888889 0.4774305555555555 0.0390625 0.04791666666666667
0 0.645703125 0.4421875 0.0328125 0.041666666666666664
0 0.265 0.4047916666666667 0.03125 0.03958333333333333
0 0.64765625 0.9854166666666667 0.0296875 0.029166666666666667
0 0.12678571428571428 0.7788690476190475 0.03973214285714286 0.05
0 0.546875 0.90625 0.034375 0.05
0 0.4553385416666666 0.9770833333333333 0.046614583333333307 0.04375
0 0.01474609375 0.8430989583333334 0.0248046875 0.04088541666666667
0 0.8796875 0.9625 0.040625 0.041666666666666664
2 0.078466796875 0.671875 0.0265625 0.035416666666666666
2 0.3137648809523809 0.1132936507936508 0.034375 0.041666666666666664
1 0.8640625 0.7760416666666666 0.1 0.10625
2 0.965625 0.35208333333333336 0.028125 0.03333333333333333
