0 0.1384375 0.35666666666666663 0.0375 0.041666666666666664
0 0.05 0.375 0.04375 0.058333333333333334
0 0.05234375 0.5090277777777777 0.0328125 0.041666666666666664
0 0.32332589285714286 0.39166666666666666 0.034375 0.04583333333333333
0 0.5447115384615385 0.16770833333333332 0.040625 0.04791666666666667
0 0.5207589285714286 0.35297619047619044 0.028125 0.0375
0 0.3065104166666667 0.05625 0.0328125 0.041666666666666664
0 0.78671875 0.309375 0.0375 0.04791666666666667
0 0.9479910714285713 0.609077380952381 0.028125 0.04375
0 0.7300347222222222 0.3163194444444445 0.034375 0.04583333333333333
0 0.4265625 0.65625 0.028125 0.03333333333333333
0 0.658922697368421 0.5607456140350877 0.0265625 0.05
0 0.4154447115384615 0.341025641025641 0.05468749999999996 0.058333333333333334
0 0.34921875 0.2375 0.0421875 0.04583333333333333
0 0.36484375 0.5364583333333334 0.03125 0.04583333333333333
0 0.5127604166666667 0.8173611111111111 0.03125 0.05
0 0.3153260030864197 0.8625771604938272 0.0359375 0.05
0 0.125390625 0.7828125 0.0359375 0.04791666666666667
0 0.08515625 0.9456845238095238 0.0359375 0.03958333333333333
0 0.2484375 0.5933035714285714 0.0375 0.04791666666666667
0 0.72265625 0.96875 0.0296875 0.03333333333333333
0 0.8575520833333332 0.7618055555555556 0.035677083333333394 0.03125
0 0.8262152777777778 0.7393518518518519 0.028125 0.04583333333333333
0 0.8410714285714287 0.14151785714285714 0.03125 0.03958333333333333
0 0.971875 0.7375 0.028125 0.0375
0 0.03515625 0.6270833333333333 0.0453125 0.05416666666666667
0 0.4191964285714286 0.8958333333333334 0.0296875 0.04375
1 0.8640625 0.7760416666666666 0.1 0.10625
2 0.965625 0.35208333333333336 0.028125 0.03333333333333333
