0 0.07468749999999999 0.22624999999999998 0.0375 0.041666666666666664
0 0.096875 0.4034722222222222 0.0375 0.05416666666666667
0 0.05911458333333334 0.5166666666666667 0.03281250000000001 0.041666666666666664
0 0.32864583333333336 0.34375 0.034375 0.04583333333333333
0 0.46826923076923077 0.24142628205128205 0.040625 0.04791666666666667
0 0.5763157894736842 0.20021929824561405 0.028125 0.0375
0 0.29609375 0.07083333333333333 0.0328125 0.041666666666666664
0 0.850390625 0.5328125 0.0375 0.04791666666666667
0 0.85546875 0.5635416666666667 0.0296875 0.04375
0 0.717578125 0.47942708333333334 0.034375 0.04583333333333333
0 0.3671875 0.6416666666666667 0.034375 0.04375
0 0.6572612626903553 0.5639911167512691 0.0265625 0.05
0 0.3854166666666667 0.2876157407407407 0.050000000000000044 0.07291666666666664
0 0.226953125 0.11979166666666667 0.0421875 0.052083333333333336
0 0.29270833333333335 0.33958333333333335 0.03125 0.04583333333333333
0 0.410546875 0.6223958333333334 0.0375 0.04791666666666667
0 0.3138213734567901 0.8655864197530864 0.0359375 0.05
0 0.03828125 0.8191964285714286 0.0359375 0.04791666666666667
0 0.23203125 0.8760416666666667 0.0359375 0.03958333333333333
0 0.462109375 0.6994791666666667 0.0375 0.04791666666666667
0 0.8602774784482758 0.7602729885057471 0.03348599137931032 0.03125
0 0.8196875 0.7379166666666667 0.028125 0.04583333333333333
0 0.680859375 0.38333333333333336 0.03515625 0.041666666666666664
0 0.10755208333333333 0.8013888888888889 0.03593749999999999 0.04583333333333333
0 0.590234375 0.8484375 0.03828125 0.04479166666666667
0 0.7645833333333333 0.9440972222222223 0.046875 0.04791666666666667
0 0.9140625 0.11875 0.034375 0.041666666666666664
0 0.08645833333333333 0.9583333333333334 0.053125 0.058333333333333334
0 0.01953125 0.9177083333333333 0.0390625 0.04791666666666667
2 0.68515625 0.05193452380952381 0.0328125 0.04791666666666668
1 0.8640625 0.7760416666666666 0.1 0.10625
2 0.965625 0.35208333333333336 0.028125 0.03333333333333333
