0 0.5940104166666667 0.3763888888888889 0.0328125 0.0375
0 0.11796875 0.5302083333333333 0.028125 0.035416666666666666
0 0.5508928571428571 0.15982142857142856 0.0390625 0.04791666666666667
0 0.9231770833333334 0.47347222222222224 0.0328125 0.05
0 0.6497899159663866 0.5573879551820728 0.0265625 0.05000000000000006
0 0.20725446428571428 0.8364583333333333 0.0421875 0.052083333333333336
0 0.34318181818181814 0.8584753787878788 0.0359375 0.05
0 0.84775390625 0.3899739583333333 0.0328125 0.04583333333333333
0 0.56484375 0.9065972222222223 0.0359375 0.04375
0 0.9001420454545455 0.7919507575757575 0.0375 0.04375
0 0.055078125 0.3890625 0.0421875 0.05416666666666667
0 0.15598958333333332 0.773263888888889 0.040625 0.05625
0 0.24645432692307692 0.6790865384615384 0.0453125 0.05625
0 0.20824652777777777 0.15844907407407408 0.0359375 0.052083333333333336
0 0.4309895833333333 0.6763888888888889 0.0390625 0.06458333333333334
0 0.80375 0.6041666666666666 0.046875 0.0625
0 0.74609375 0.3885416666666667 0.0375 0.052083333333333336
0 0.6653645833333333 0.8277777777777777 0.0453125 0.05
0 0.07859374999999999 0.04833333333333334 0.0421875 0.04791666666666668
0 0.27317708333333335 0.9263888888888889 0.0453125 0.05
0 0.03080357142857143 0.5654761904761905 0.0375 0.05416666666666667
0 0.43375 0.7780208333333333 0.031875000000000056 0.04562499999999995
0 0.07828125 0.98125 0.03156250000000001 0.0375
0 0.1234375 0.9539930555555555 0.0390625 0.0524305555555556
0 0.46171875 0.9833333333333333 0.0328125 0.03333333333333333
0 0.057192887931034476 0.6868893678160919 0.05625 0.06458333333333334
2 0.073828125 0.6510416666666666 0.028125 0.035416666666666666
1 0.8640625 0.7760416666666666 0.1 0.10625
2 0.965625 0.35208333333333336 0.028125 0.03333333333333333
