0 0.36390625 0.40625 0.0328125 0.0375
0 0.08697916666666668 0.4739583333333333 0.031250000000000014 0.03958333333333333
0 0.5770833333333333 0.07465277777777778 0.040625 0.04791666666666668
0 0.9318359375 0.6309895833333333 0.02734375 0.042708333333333334
0 0.6480618990384615 0.5573317307692308 0.0265625 0.05
0 0.17109375 0.634375 0.0421875 0.052083333333333336
0 0.33978186881188116 0.8709158415841585 0.0359375 0.05
0 0.8105034722222222 0.3969907407407407 0.03281249999999991 0.04583333333333333
0 0.5771875 0.9004166666666666 0.046875 0.05416666666666667
0 0.6614309210526316 0.5635416666666667 0.0375 0.04375
0 0.20546875 0.5770833333333333 0.0421875 0.05416666666666667
0 0.28774038461538465 0.7290865384615385 0.040625 0.05625
0 0.48578124999999994 0.3389583333333333 0.0390625 0.04791666666666667
0 0.052968749999999995 0.6022916666666667 0.0359375 0.052083333333333336
0 0.4799479166666666 0.9763888888888889 0.0380208333333333 0.04722222222222226
0 0.3935546875 0.9161458333333333 0.0421875 0.05416666666666667
0 0.96484375 0.3958333333333333 0.04375 0.0625
0 0.7328125 0.871875 0.0375 0.052083333333333336
0 0.9734375 0.057291666666666664 0.034375 0.04791666666666667
0 0.0424609375 0.6813020833333333 0.05625 0.06458333333333334
2 0.10457589285714286 0.6416666666666667 0.028125 0.035416666666666666
1 0.8640625 0.7760416666666666 0.1 0.10625
2 0.965625 0.35208333333333336 0.028125 0.03333333333333333
