0 0.08619791666666668 0.5791666666666667 0.03281250000000001 0.041666666666666664
0 0.05546875 0.5163194444444444 0.0296875 0.039583333333333276
0 0.48125 0.6583333333333333 0.034375 0.04583333333333333
0 0.5974537037037038 0.16793981481481482 0.040625 0.04791666666666667
0 0.8683035714285714 0.7217261904761905 0.0328125 0.04375
0 0.493359375 0.7096354166666666 0.034375 0.04583333333333333
0 0.4571875 0.3104166666666667 0.034375 0.05
0 0.651860927795031 0.5615909679089026 0.0265625 0.05
0 0.3401194852941177 0.29099264705882355 0.0609375 0.06875000000000003
0 0.37390625 0.12729166666666666 0.0421875 0.05208333333333332
0 0.49343750000000003 0.8064583333333334 0.0375 0.04791666666666667
0 0.3259501689189189 0.8856981981981983 0.0359375 0.05
0 0.7711805555555555 0.618287037037037 0.034375 0.05
0 0.46578125000000004 0.47 0.0359375 0.04583333333333333
0 0.7752604166666667 0.5729166666666666 0.0375 0.04791666666666667
0 0.1525 0.7072916666666667 0.034375 0.04375
0 0.728125 0.53125 0.0328125 0.04375
0 0.5778645833333333 0.9347222222222222 0.0484375 0.058333333333333334
0 0.6873437499999999 0.7981250000000001 0.0390625 0.04791666666666667
0 0.34966517857142854 0.8089285714285714 0.0328125 0.041666666666666664
0 0.2895833333333333 0.024652777777777777 0.030208333333333347 0.035416666666666666
0 0.8434375 0.10125 0.03125 0.03333333333333333
0 0.55234375 0.9854166666666667 0.0328125 0.029166666666666667
0 0.83984375 0.8850694444444444 0.04427083333333322 0.04791666666666667
2 0.05078125 0.6927083333333334 0.0265625 0.035416666666666666
2 0.53173828125 0.153125 0.034375 0.041666666666666664
1 0.8640625 0.7760416666666666 0.1 0.10625
2 0.965625 0.35208333333333336 0.028125 0.03333333333333333
