0 0.41328125 0.5708333333333333 0.0328125 0.0375
0 0.12109375 0.5260416666666666 0.03125 0.03958333333333333
0 0.48719951923076926 0.06658653846153846 0.0390625 0.04791666666666667
0 0.86796875 0.5583333333333333 0.0328125 0.05
0 0.6477063301282051 0.556383547008547 0.0265625 0.04999999999999994
0 0.23255208333333335 0.7371527777777778 0.0421875 0.052083333333333336
0 0.3419270833333333 0.8652777777777777 0.0359375 0.05
0 0.8140625 0.35833333333333334 0.0328125 0.04583333333333333
0 0.56328125 0.940625 0.0359375 0.04375
0 0.7678125 0.6643749999999999 0.0375 0.04375
0 0.18247767857142855 0.5440476190476191 0.042187499999999975 0.054166666666666724
0 0.19419642857142855 0.5513392857142858 0.04062499999999998 0.05625000000000006
0 0.34296875 0.4552083333333333 0.0390625 0.04791666666666667
0 0.0853515625 0.41380208333333335 0.0359375 0.052083333333333336
0 0.6253124999999999 0.9868055555555555 0.04083333333333332 0.026388888888888927
0 0.3903245192307693 0.8060096153846154 0.0390625 0.06458333333333334
0 0.8973557692307692 0.5381410256410256 0.046875 0.0625
0 0.7302083333333333 0.6454861111111111 0.0375 0.052083333333333336
0 0.9114955357142858 0.8755952380952381 0.0453125 0.05
0 0.03307291666666667 0.09618055555555555 0.034895833333333334 0.03958333333333333
0 0.054843750000000004 0.9308333333333334 0.046875 0.06041666666666667
0 0.18506944444444445 0.8380787037037037 0.04166666666666665 0.058564814814814764
0 0.040234375 0.7171875 0.04375 0.051041666666666666
0 0.205625 0.98 0.0375 0.03999999999999997
0 0.05271739130434783 0.6761322463768116 0.05625 0.06458333333333334
2 0.0796875 0.6325892857142857 0.028125 0.035416666666666666
1 0.8640625 0.7760416666666666 0.1 0.10625
2 0.965625 0.35208333333333336 0.028125 0.03333333333333333
