0 0.12890625 0.5260416666666666 0.0328125 0.041666666666666664
0 0.053385416666666664 0.45381944444444444 0.029687499999999995 0.03958333333333333
0 0.396875 0.765625 0.034375 0.04583333333333333
0 0.569921875 0.18997395833333333 0.040625 0.04791666666666667
0 0.82578125 0.63125 0.0328125 0.04375
0 0.3734375 0.6530637254901961 0.034375 0.04583333333333333
0 0.39125 0.4083333333333333 0.034374999999999954 0.05
0 0.6513441381987578 0.5613612836438924 0.0265625 0.05
0 0.28578125 0.17743055555555556 0.0609375 0.06875
0 0.4675223214285714 0.1644345238095238 0.0421875 0.052083333333333336
0 0.4878125 0.9014583333333334 0.0375 0.04791666666666667
0 0.33203125 0.8929738562091504 0.0359375 0.05
0 0.7860491071428571 0.5455357142857142 0.034375 0.04999999999999994
0 0.44765625 0.49270833333333336 0.0359375 0.04583333333333333
0 0.6020833333333333 0.6517361111111111 0.0375 0.04791666666666667
0 0.2234375 0.671875 0.034375 0.04375
0 0.916015625 0.5729166666666666 0.03671875 0.05
0 0.66015625 0.984375 0.0421875 0.03125
0 0.7294270833333333 0.5996527777777777 0.0390625 0.04791666666666667
0 0.47734375 0.6819444444444444 0.0328125 0.041666666666666664
0 0.3984375 0.2760416666666667 0.03125 0.03958333333333333
0 0.6390625 0.9520833333333333 0.034375 0.04583333333333333
0 0.80625 0.9267857142857142 0.05 0.06666666666666667
0 0.19609375 0.9854166666666667 0.0265625 0.029166666666666667
2 0.07284564393939394 0.6822285353535354 0.0265625 0.035416666666666666
2 0.4234375 0.16770833333333332 0.034375 0.041666666666666664
1 0.8640625 0.7760416666666666 0.1 0.10625
2 0.965625 0.35208333333333336 0.028125 0.03333333333333333
