0 0.7970312500000001 0.20124999999999998 0.0328125 0.0375
0 0.147265625 0.5255208333333333 0.028125 0.035416666666666666
0 0.5416015625 0.10260416666666666 0.0390625 0.04791666666666667
0 0.9397017045454545 0.49450757575757576 0.0328125 0.05
0 0.6519892331932773 0.5585609243697479 0.0265625 0.05
0 0.24244791666666665 0.8302083333333333 0.0421875 0.052083333333333336
0 0.34794034090909093 0.8616477272727272 0.0359375 0.05
0 0.875 0.38125 0.0328125 0.04583333333333333
0 0.58359375 0.9036458333333334 0.0359375 0.04375
0 0.8588541666666666 0.9427083333333334 0.046875 0.052083333333333336
0 0.02109375 0.5145833333333333 0.0421875 0.05416666666666667
0 0.33088235294117646 0.7599877450980392 0.040625 0.05625
0 0.09453125 0.840625 0.0453125 0.05625
0 0.4496875 0.5622916666666666 0.0390625 0.06458333333333327
0 0.8099609375 0.4427083333333333 0.046875 0.0625
0 0.7106770833333333 0.4173611111111111 0.0421875 0.052083333333333336
0 0.9674479166666666 0.40775462962962966 0.0359375 0.052083333333333336
0 0.559765625 0.665625 0.0453125 0.05
0 0.015401785714285715 0.036904761904761905 0.03080357142857143 0.048809523809523817
0 0.22265625 0.03669871794871794 0.046754807692307686 0.05480769230769231
0 0.5705255681818182 0.5502840909090909 0.0359375 0.04375
0 0.23046875 0.9075000000000001 0.0421875 0.05416666666666667
0 0.6313616071428572 0.8784226190476191 0.0359375 0.04791666666666667
0 0.04088541666666667 0.86875 0.049479166666666664 0.05416666666666667
0 0.03203125 0.7010416666666667 0.0390625 0.05625
0 0.5796875 0.9802083333333333 0.05 0.03958333333333333
0 0.060546875 0.8953125 0.040625 0.05
0 0.06136363636363636 0.6866477272727273 0.05625 0.06458333333333334
0 0.9890625 0.19111413043478262 0.021875 0.03958333333333333
2 0.06864224137931034 0.657794540229885 0.028125 0.035416666666666666
1 0.8640625 0.7760416666666666 0.1 0.10625
2 0.965625 0.35208333333333336 0.028125 0.03333333333333333
