0 0.071875 0.3375 0.0375 0.041666666666666664
0 0.084375 0.375 0.0375 0.05416666666666667
0 0.06890625 0.44708333333333333 0.0328125 0.041666666666666664
0 0.32103365384615384 0.4076923076923077 0.034375 0.04583333333333333
0 0.500328947368421 0.1480811403508772 0.040625 0.04791666666666667
0 0.5125 0.21339285714285713 0.028125 0.0375
0 0.209375 0.14322916666666666 0.0328125 0.041666666666666664
0 0.73828125 0.44375 0.0375 0.04791666666666667
0 0.9055397727272727 0.6252840909090909 0.028125 0.04375
0 0.7071022727272728 0.3933712121212121 0.034375 0.04583333333333333
0 0.4390625 0.490625 0.034375 0.04375
0 0.6583082170050761 0.5644564297800339 0.0265625 0.05
0 0.383203125 0.3932291666666667 0.0546875 0.058333333333333334
0 0.2943359375 0.21315104166666668 0.0421875 0.05130208333333333
0 0.34010416666666665 0.45 0.03125 0.04583333333333333
0 0.4769886363636363 0.7237689393939395 0.0375 0.04791666666666667
0 0.3146701388888889 0.8638888888888889 0.0359375 0.05
0 0.05390625 0.7364583333333333 0.0359375 0.04791666666666667
0 0.15182291666666667 0.9737268518518519 0.0359375 0.03958333333333333
0 0.29701704545454544 0.6836174242424242 0.0375 0.04791666666666667
0 0.8564453125 0.76328125 0.0345703125 0.03125
0 0.82875 0.7424999999999999 0.028125 0.04583333333333333
0 0.7683035714285714 0.228125 0.03125 0.03958333333333333
0 0.1140625 0.69375 0.0359375 0.04583333333333333
0 0.486328125 0.8239583333333333 0.0359375 0.03958333333333333
0 0.7166015625 0.9333333333333333 0.034765625 0.04479166666666667
1 0.8640625 0.7760416666666666 0.1 0.10625
2 0.965625 0.35208333333333336 0.028125 0.03333333333333333
