0 0.07734375 0.5041666666666667 0.0328125 0.041666666666666664
0 0.04140625 0.44895833333333335 0.0296875 0.03958333333333333
0 0.4457386363636363 0.7560606060606061 0.034375 0.04583333333333333
0 0.56953125 0.1642361111111111 0.040625 0.04791666666666667
0 0.8295312499999999 0.6822916666666666 0.0328125 0.04375
0 0.41875 0.6956349206349207 0.034375 0.04583333333333333
0 0.34609375 0.39114583333333336 0.034375 0.05
0 0.6515479425465839 0.5614518633540373 0.0265625 0.05
0 0.325390625 0.22213541666666667 0.0609375 0.06875
0 0.42640625 0.14145833333333335 0.0421875 0.05208333333333335
0 0.42421875 0.8817708333333333 0.0375 0.04791666666666667
0 0.33203125 0.8952614379084968 0.0359375 0.05
0 0.7770089285714286 0.5863095238095238 0.034375 0.05
0 0.43984375 0.3729166666666667 0.0359375 0.04583333333333333
0 0.6640625 0.621875 0.0375 0.04791666666666667
0 0.2234375 0.7760416666666666 0.034375 0.04375
0 0.8498046875 0.50703125 0.0328125 0.04375
0 0.67109375 0.9482638888888889 0.0484375 0.058333333333333334
0 0.72859375 0.6835416666666667 0.0390625 0.04791666666666667
0 0.43046875 0.7375 0.0328125 0.041666666666666664
0 0.33984375 0.1875 0.03125 0.03958333333333333
0 0.9627604166666666 0.11458333333333333 0.03125 0.03333333333333333
0 0.5921875 0.9916666666666667 0.0421875 0.016666666666666666
2 0.06508413461538462 0.687900641025641 0.0265625 0.035416666666666666
2 0.4603515625 0.15859375 0.034375 0.041666666666666664
1 0.8640625 0.7760416666666666 0.1 0.10625
2 0.965625 0.35208333333333336 0.028125 0.03333333333333333
