0 0.24244791666666665 0.36041666666666666 0.0328125 0.041666666666666664
0 0.05078125 0.5416666666666666 0.0296875 0.0375
0 0.4377232142857143 0.8773809523809525 0.034375 0.04583333333333333
0 0.512703804347826 0.19144021739130437 0.040625 0.04791666666666667
0 0.9885690789473685 0.5706140350877192 0.021875 0.041666666666666664
0 0.08237847222222223 0.31736111111111115 0.03593750000000001 0.04583333333333333
0 0.809375 0.28958333333333336 0.034375 0.05
0 0.6500194099378882 0.5607725155279504 0.0265625 0.05
0 0.3377604166666667 0.3350694444444445 0.0421875 0.052083333333333336
0 0.32783203125 0.8869791666666667 0.0359375 0.05
0 0.8227678571428572 0.5136904761904761 0.034375 0.04999999999999994
0 0.24609375 0.6744791666666666 0.0359375 0.04583333333333333
0 0.82359375 0.434375 0.0390625 0.04791666666666667
0 0.77578125 0.2125 0.0328125 0.041666666666666664
0 0.1390625 0.2774305555555555 0.03125 0.039583333333333304
0 0.60078125 0.9510416666666667 0.040625 0.04583333333333333
0 0.04921875 0.6375 0.04375 0.05
0 0.34609375 0.9520833333333333 0.0453125 0.05416666666666667
0 0.8483258928571429 0.8055059523809525 0.0359375 0.04791666666666667
0 0.42078125 0.021875 0.0515625 0.04375
0 0.88515625 0.015625 0.04375 0.03125
2 0.0703125 0.6770833333333334 0.0265625 0.035416666666666666
2 0.2728125 0.042777777777777776 0.034375 0.041666666666666664
1 0.8640625 0.7760416666666666 0.1 0.10625
2 0.965625 0.35208333333333336 0.028125 0.03333333333333333
