0 0.37890625 0.5229166666666667 0.0328125 0.0375
0 0.071875 0.490625 0.03125 0.03958333333333333
0 0.5253605769230769 0.036778846153846155 0.040625 0.04791666666666667
0 0.8814797794117647 0.5995098039215686 0.0328125 0.05
0 0.6478515625 0.5567708333333333 0.0265625 0.05
0 0.221875 0.6947916666666667 0.0421875 0.052083333333333336
0 0.34150752314814814 0.8680748456790124 0.0359375 0.05
0 0.8199573863636364 0.3929924242424242 0.0328125 0.04583333333333333
0 0.6171875 0.9864583333333333 0.03125 0.027083333333333334
0 0.7108630952380952 0.6452876984126984 0.0375 0.04375
0 0.16328125 0.5333333333333333 0.0421875 0.05416666666666667
0 0.27097039473684215 0.5885416666666666 0.040625 0.05625
0 0.38828125 0.346875 0.0390625 0.04791666666666667
0 0.10412946428571428 0.5248511904761906 0.03593749999999999 0.05208333333333339
0 0.5761160714285715 0.98125 0.04598214285714288 0.0375
0 0.38174715909090906 0.8548295454545455 0.0390625 0.06458333333333334
0 0.9321093749999999 0.4834375 0.03921875000000004 0.05812500000000001
0 0.7774553571428571 0.7108630952380952 0.0375 0.052083333333333336
0 0.95234375 0.9522727272727273 0.0453125 0.05
0 0.0317471590909091 0.11534090909090908 0.0328125 0.041666666666666664
0 0.0423828125 0.93359375 0.038671875 0.049479166666666664
0 0.08616071428571428 0.7903273809523809 0.0375 0.052083333333333336
0 0.0470703125 0.6763020833333333 0.05625 0.06458333333333334
2 0.08828125 0.6354166666666666 0.028125 0.035416666666666666
1 0.8640625 0.7760416666666666 0.1 0.10625
2 0.965625 0.35208333333333336 0.028125 0.03333333333333333
