0 0.09140625 0.4741666666666667 0.0328125 0.041666666666666664
0 0.01484375 0.44895833333333335 0.0296875 0.03958333333333333
0 0.440625 0.7708333333333334 0.034375 0.04583333333333333
0 0.57421875 0.16840277777777776 0.040625 0.04791666666666667
0 0.82890625 0.6739583333333333 0.0328125 0.04375
0 0.4091666666666667 0.6891666666666667 0.034375 0.04583333333333333
0 0.321875 0.35833333333333334 0.034375 0.05
0 0.6515042701863354 0.5614324534161491 0.0265625 0.05
0 0.32421875 0.20104166666666667 0.0609375 0.06875
0 0.43237847222222225 0.14340277777777777 0.0421875 0.05208333333333332
0 0.4267857142857143 0.9019345238095239 0.0375 0.04791666666666667
0 0.33203125 0.8947712418300654 0.0359375 0.05
0 0.7859375 0.5833333333333334 0.034375 0.05
0 0.44296875 0.4125 0.0359375 0.04583333333333333
0 0.650625 0.6152083333333334 0.0375 0.04791666666666667
0 0.203125 0.7552083333333334 0.034375 0.04375
0 0.85859375 0.521875 0.0328125 0.04375
0 0.6888020833333334 0.9350694444444445 0.047395833333333304 0.0569444444444444
0 0.73515625 0.659375 0.0390625 0.04791666666666667
0 0.43515625 0.71875 0.0328125 0.041666666666666664
0 0.3515625 0.21979166666666666 0.03125 0.03958333333333333
0 0.9815104166666668 0.13142361111111112 0.029166666666666608 0.031597222222222235
2 0.06580528846153846 0.6859775641025642 0.0265625 0.035416666666666666
2 0.4533482142857143 0.1419642857142857 0.034375 0.041666666666666664
1 0.8640625 0.7760416666666666 0.1 0.10625
2 0.965625 0.35208333333333336 0.028125 0.03333333333333333
