0 0.33765625 0.36166666666666664 0.0328125 0.0375
0 0.084375 0.5572916666666666 0.03125 0.03958333333333333
0 0.57734375 0.1328125 0.040625 0.04791666666666667
0 0.9547475961538462 0.6242788461538461 0.0265625 0.041666666666666664
0 0.6481720753205129 0.5576255341880342 0.0265625 0.05
0 0.15078125 0.5965773809523809 0.0421875 0.052083333333333336
0 0.33876082920792083 0.8722772277227723 0.0359375 0.05
0 0.8135653409090908 0.40965909090909086 0.03281249999999991 0.04583333333333333
0 0.590625 0.8965277777777777 0.046875 0.05416666666666667
0 0.6450892857142857 0.5186011904761905 0.0375 0.04375000000000006
0 0.16484375 0.5541666666666667 0.0421875 0.05416666666666667
0 0.24910714285714283 0.796577380952381 0.040625 0.05625
0 0.5545758928571429 0.3177083333333333 0.0390625 0.04791666666666667
0 0.05078125 0.9776041666666667 0.0390625 0.04479166666666667
0 0.4333984375 0.9359375 0.040625 0.05416666666666667
0 0.2859375 0.9770833333333333 0.0375 0.04583333333333333
0 0.40390625 0.9651041666666667 0.0421875 0.05416666666666667
0 0.9652901785714286 0.412797619047619 0.0296875 0.04583333333333333
0 0.7380208333333333 0.9715277777777778 0.035416666666666693 0.04583333333333333
0 0.0433203125 0.6847395833333334 0.05625 0.06458333333333334
2 0.1041015625 0.652170138888889 0.028125 0.035416666666666666
1 0.8640625 0.7760416666666666 0.1 0.10625
2 0.965625 0.35208333333333336 0.028125 0.03333333333333333
