0 0.0453125 0.4354166666666667 0.034375 0.058333333333333334
0 0.06328125 0.5208333333333334 0.0328125 0.041666666666666664
0 0.35810319767441856 0.3687984496124031 0.034375 0.04583333333333333
0 0.609375 0.19354166666666667 0.040625 0.04791666666666667
0 0.619921875 0.03671875 0.028125 0.03697916666666667
0 0.919891826923077 0.6354967948717949 0.0328125 0.04375
0 0.5080592105263158 0.5980263157894737 0.034375 0.04583333333333333
0 0.48 0.47104166666666664 0.034375 0.04375
0 0.6539776332487309 0.5625317258883249 0.0265625 0.05
0 0.401953125 0.2786458333333333 0.05 0.07291666666666667
0 0.18880208333333334 0.384375 0.042187500000000024 0.052083333333333336
0 0.14296875 0.07708333333333334 0.03125 0.04583333333333333
0 0.33718750000000003 0.748125 0.0375 0.04791666666666667
0 0.31938064759036144 0.8711345381526104 0.0359375 0.05
0 0.7848958333333333 0.23506944444444444 0.03750000000000009 0.04791666666666667
0 0.7647058823529412 0.6872549019607843 0.034375 0.05
0 0.25859375 0.83125 0.0359375 0.04583333333333333
0 0.7640625 0.9885416666666667 0.025 0.022916666666666665
0 0.9132102272727274 0.4840909090909091 0.034375 0.041666666666666664
0 0.5234375 0.884375 0.046875 0.058333333333333334
0 0.02578125 0.8447916666666667 0.0359375 0.04791666666666667
0 0.5155133928571429 0.27693452380952377 0.0421875 0.056249999999999974
0 0.12984374999999998 0.9589583333333334 0.0328125 0.03958333333333333
0 0.021875 0.7520833333333333 0.034375 0.05416666666666667
2 0.04765625 0.6614583333333334 0.0265625 0.035416666666666666
1 0.8640625 0.7760416666666666 0.1 0.10625
2 0.965625 0.35208333333333336 0.028125 0.03333333333333333
