0 0.17265625 0.46875 0.0328125 0.041666666666666664
0 0.05078125 0.43645833333333334 0.0296875 0.03958333333333333
0 0.471484375 0.6052083333333333 0.034375 0.04583333333333333
0 0.6 0.14458333333333334 0.040625 0.047916666666666684
0 0.93984375 0.509375 0.0328125 0.04375
0 0.2284375 0.4395833333333333 0.034375 0.04583333333333333
0 0.6151041666666667 0.10347222222222222 0.034375 0.05
0 0.6506235442546584 0.5610410196687371 0.0265625 0.05
0 0.34029017857142857 0.040625 0.04441964285714284 0.0705357142857143
0 0.49453125 0.340625 0.0421875 0.052083333333333336
0 0.3274054276315789 0.8892543859649124 0.0359375 0.05
0 0.81875 0.5 0.034375 0.05
0 0.25234375 0.5979166666666667 0.0359375 0.04583333333333333
0 0.3828125 0.9609375 0.0375 0.04791666666666667
0 0.41218750000000004 0.800625 0.034375 0.04375
0 0.716579861111111 0.5017361111111112 0.0390625 0.04791666666666667
0 0.6359375 0.465625 0.0328125 0.041666666666666664
0 0.28072916666666664 0.3684027777777778 0.03125 0.03958333333333333
0 0.6526041666666667 0.9461805555555556 0.0375 0.04791666666666667
0 0.1308035714285714 0.790625 0.0390625 0.05
0 0.5541666666666667 0.892361111111111 0.034375 0.05
0 0.4375 0.975 0.040625 0.04583333333333333
0 0.01171875 0.8130208333333333 0.0234375 0.034375
0 0.887890625 0.981640625 0.040625 0.032552083333333336
2 0.08017578125 0.671875 0.0265625 0.035416666666666666
2 0.32053571428571426 0.10982142857142857 0.034375 0.041666666666666664
1 0.8640625 0.7760416666666666 0.1 0.10625
2 0.965625 0.35208333333333336 0.028125 0.03333333333333333
