0 0.071875 0.32881944444444444 0.0375 0.041666666666666664
0 0.05625 0.3770833333333333 0.0375 0.05416666666666667
0 0.06875 0.4479166666666667 0.0328125 0.041666666666666664
0 0.31732954545454545 0.39678030303030304 0.034375 0.04583333333333333
0 0.4941611842105263 0.15411184210526316 0.040625 0.04791666666666667
0 0.5153125000000001 0.19875 0.028125 0.0375
0 0.22756696428571427 0.11755952380952381 0.0328125 0.041666666666666664
0 0.7598958333333333 0.43993055555555555 0.0375 0.04791666666666667
0 0.8948863636363636 0.6243371212121213 0.028125 0.04375
0 0.6985795454545454 0.40757575757575754 0.034375 0.04583333333333333
0 0.4546875 0.5010416666666667 0.034375 0.04375
0 0.6581892449238579 0.5644035532994923 0.0265625 0.05
0 0.38627232142857143 0.40654761904761905 0.0546875 0.058333333333333334
0 0.29105902777777776 0.20474537037037036 0.0421875 0.052083333333333336
0 0.33489583333333334 0.4375 0.03125 0.04583333333333333
0 0.46484375 0.7291666666666666 0.0375 0.04791666666666667
0 0.3145736882716049 0.8640817901234568 0.0359375 0.05
0 0.04479166666666666 0.7260416666666667 0.0359375 0.04791666666666667
0 0.16640625 0.9697916666666667 0.0359375 0.03958333333333333
0 0.31548295454545455 0.6892992424242425 0.0375 0.04791666666666667
0 0.8562825520833333 0.763498263888889 0.03440755208333339 0.03125
0 0.834375 0.73125 0.028125 0.04583333333333333
0 0.7609375 0.246875 0.03125 0.03958333333333333
0 0.127734375 0.6770833333333334 0.0359375 0.04583333333333333
0 0.4921875 0.8017361111111111 0.034375 0.05
0 0.72578125 0.9239583333333333 0.0359375 0.04791666666666667
0 0.9432291666666668 0.022222222222222223 0.029166666666666608 0.041666666666666664
1 0.8640625 0.7760416666666666 0.1 0.10625
2 0.965625 0.35208333333333336 0.028125 0.03333333333333333
