0 0.4122395833333333 0.5569444444444444 0.03281249999999995 0.0375
0 0.10625 0.5072916666666667 0.03125 0.03958333333333333
0 0.48479567307692306 0.07427884615384615 0.0390625 0.04791666666666667
0 0.8667187500000001 0.5511111111111112 0.0328125 0.05000000000000006
0 0.6476862980769231 0.5563301282051282 0.0265625 0.05
0 0.23270089285714285 0.746875 0.0421875 0.052083333333333336
0 0.34198495370370374 0.864891975308642 0.0359375 0.05
0 0.8145833333333334 0.3597222222222222 0.03281250000000009 0.04583333333333333
0 0.5645833333333333 0.9614583333333333 0.0359375 0.04375
0 0.7750625 0.6690416666666666 0.0375 0.04375
0 0.17890625 0.5166666666666667 0.0421875 0.05416666666666667
0 0.18973214285714285 0.5608630952380953 0.04062499999999998 0.05625
0 0.33046875 0.44947916666666665 0.0390625 0.04791666666666667
0 0.10390625 0.4128472222222222 0.0359375 0.052083333333333336
0 0.6328125 0.9895833333333334 0.0375 0.020833333333333332
0 0.3941706730769231 0.7957532051282051 0.0390625 0.06458333333333334
0 0.9060096153846153 0.5413461538461539 0.046875 0.06250000000000006
0 0.7135416666666667 0.6315972222222223 0.0375 0.052083333333333336
0 0.8918526785714287 0.8779761904761905 0.0453125 0.05
0 0.04765625 0.11770833333333333 0.03125 0.03958333333333333
0 0.03828125 0.9458333333333333 0.046875 0.06041666666666667
0 0.19826388888888888 0.8292824074074073 0.0458333333333333 0.06504629629629631
0 0.048124999999999994 0.7135416666666666 0.04375 0.04791666666666667
0 0.20364583333333336 0.970486111111111 0.034375000000000024 0.04583333333333333
0 0.05407608695652174 0.6772192028985508 0.05625 0.06458333333333334
2 0.078125 0.6313988095238094 0.028125 0.035416666666666666
1 0.8640625 0.7760416666666666 0.1 0.10625
2 0.965625 0.35208333333333336 0.028125 0.03333333333333333
