0 0.93828125 0.15833333333333333 0.0328125 0.0375
0 0.14296875 0.515625 0.028125 0.035416666666666666
0 0.5452008928571429 0.09806547619047619 0.0390625 0.04791666666666667
0 0.9140625 0.5322916666666667 0.0328125 0.05
0 0.6534007352941177 0.5593137254901961 0.0265625 0.05
0 0.19609375 0.83828125 0.0421875 0.052083333333333336
0 0.35099431818181814 0.8636837121212121 0.0359375 0.05
0 0.900607638888889 0.3844907407407407 0.0328125 0.04583333333333333
0 0.58796875 0.8831249999999999 0.0359375 0.04375
0 0.4294117647058823 0.6530024509803921 0.040625 0.05625
0 0.4638020833333333 0.5038194444444444 0.0390625 0.06458333333333327
0 0.80625 0.44375 0.046875 0.0625
0 0.8138671875 0.4203125 0.0421875 0.052083333333333336
0 0.84912109375 0.5470052083333333 0.0359375 0.052083333333333336
0 0.5250868055555555 0.819675925925926 0.0453125 0.05
0 0.16696428571428573 0.012202380952380954 0.05044642857142858 0.024404761904761908
0 0.667578125 0.42604166666666665 0.0359375 0.04375
0 0.20026041666666666 0.8979166666666667 0.042187499999999975 0.05416666666666667
0 0.5751953125 0.9302083333333333 0.0359375 0.04791666666666667
0 0.04330357142857143 0.690029761904762 0.046875 0.052083333333333336
0 0.4888671875 0.8984375 0.0390625 0.058333333333333334
0 0.25593750000000004 0.9633333333333333 0.040625 0.05
0 0.02453125 0.5252083333333334 0.0371875 0.047916666666666725
0 0.06441761363636364 0.6730744949494949 0.05625 0.06458333333333334
0 0.2453125 0.9770833333333333 0.0375 0.041666666666666664
0 0.0125 0.8622159090909091 0.025 0.052083333333333336
0 0.9890625 0.19345108695652172 0.021875 0.03958333333333333
2 0.07989864864864865 0.6558277027027027 0.028125 0.035416666666666666
1 0.8640625 0.7760416666666666 0.1 0.10625
2 0.965625 0.35208333333333336 0.028125 0.03333333333333333
