0 0.33359375 0.39895833333333336 0.0328125 0.0375
0 0.06484375 0.50625 0.03125 0.03958333333333333
0 0.5700000000000001 0.16104166666666667 0.040625 0.04791666666666667
0 0.9623197115384615 0.6177884615384616 0.0265625 0.041666666666666664
0 0.6482171474358974 0.5577457264957265 0.0265625 0.05
0 0.17161458333333332 0.5732638888888889 0.0421875 0.052083333333333336
0 0.3383431311881188 0.8728341584158416 0.0359375 0.05
0 0.81609375 0.4075 0.03281249999999991 0.04583333333333333
0 0.6209374999999999 0.8841666666666667 0.046875 0.05416666666666667
0 0.6411057692307692 0.49366987179487176 0.0375 0.04375
0 0.1703125 0.6045138888888889 0.0421875 0.05416666666666667
0 0.2239955357142857 0.8139880952380952 0.040625 0.05625
0 0.56796875 0.2947916666666667 0.0390625 0.04791666666666667
0 0.06194196428571429 0.9316964285714285 0.03906250000000001 0.052083333333333336
0 0.4059375 0.9104166666666667 0.040625 0.05416666666666667
0 0.2875 0.9427083333333334 0.0375 0.041666666666666664
0 0.405078125 0.9751041666666667 0.03984375 0.049791666666666616
0 0.9739955357142858 0.4479166666666667 0.0296875 0.04583333333333333
0 0.043671875000000006 0.6861458333333333 0.05625 0.06458333333333334
2 0.105859375 0.6654513888888889 0.028125 0.035416666666666666
1 0.8640625 0.7760416666666666 0.1 0.10625
2 0.965625 0.35208333333333336 0.028125 0.03333333333333333
