0 0.32421875 0.4 0.0328125 0.0375
0 0.068359375 0.5067708333333333 0.03125 0.03958333333333333
0 0.5702083333333333 0.15993055555555555 0.040625 0.04791666666666667
0 0.9606370192307692 0.6192307692307693 0.0265625 0.041666666666666664
0 0.6482071314102564 0.5577190170940172 0.0265625 0.05000000000000006
0 0.16484375 0.5760416666666667 0.0421875 0.052083333333333336
0 0.33843595297029705 0.872710396039604 0.0359375 0.05
0 0.8183854166666666 0.4066666666666666 0.0328125 0.04583333333333333
0 0.6223958333333333 0.8875 0.046875 0.05416666666666667
0 0.6408653846153846 0.49943910256410257 0.0375 0.04375
0 0.17213541666666668 0.5923611111111111 0.0421875 0.05416666666666667
0 0.22957589285714283 0.8101190476190475 0.040625 0.05625
0 0.5661830357142856 0.3013392857142857 0.0390625 0.04791666666666667
0 0.05970982142857143 0.9334821428571428 0.0390625 0.052083333333333336
0 0.40718750000000004 0.9229166666666667 0.04062500000000004 0.05416666666666667
0 0.2859375 0.9375 0.0375 0.041666666666666664
0 0.404296875 0.9736458333333334 0.04140625 0.05270833333333336
0 0.9690848214285713 0.4395833333333333 0.0296875 0.04583333333333333
0 0.7580729166666667 0.9818576388888889 0.031770833333333304 0.034895833333333334
0 0.04359375 0.6858333333333333 0.05625 0.06458333333333334
2 0.10546875 0.6625 0.028125 0.035416666666666666
1 0.8640625 0.7760416666666666 0.1 0.10625
2 0.965625 0.35208333333333336 0.028125 0.03333333333333333
