0 0.20703125 0.44166666666666665 0.0328125 0.041666666666666664
0 0.05859375 0.4354166666666667 0.0265625 0.0375
0 0.4867598684210527 0.7706140350877193 0.034375 0.04583333333333333
0 0.5234375 0.14895833333333333 0.040625 0.04791666666666667
0 0.9849609375 0.5372395833333333 0.030078125 0.0425347222222222
0 0.11081730769230769 0.3886217948717949 0.03461538461538462 0.04583333333333333
0 0.6817708333333333 0.2375 0.034375 0.05
0 0.6502523291925466 0.5608760351966874 0.0265625 0.05
0 0.40265625 0.3277083333333334 0.0421875 0.052083333333333336
0 0.32766755756578947 0.8878563596491228 0.0359375 0.05
0 0.8100260416666666 0.5303819444444444 0.03437499999999991 0.04999999999999994
0 0.29171874999999997 0.6604166666666667 0.0359375 0.04583333333333333
0 0.49375 0.940625 0.0375 0.04375
0 0.81953125 0.4890625 0.0390625 0.04791666666666667
0 0.701171875 0.3182291666666667 0.0328125 0.041666666666666664
0 0.201171875 0.409375 0.03125 0.03958333333333333
0 0.640625 0.9443750000000001 0.05 0.06041666666666667
0 0.09567307692307692 0.6738782051282051 0.04374999999999999 0.05
0 0.524609375 0.9182291666666667 0.0375 0.05
0 0.3922991071428571 0.8800595238095238 0.04531249999999996 0.05416666666666667
0 0.7845982142857142 0.8940476190476191 0.043749999999999914 0.05416666666666667
0 0.82265625 0.8885416666666667 0.0421875 0.04791666666666667
2 0.073046875 0.6630208333333333 0.0265625 0.035416666666666666
2 0.2892113095238095 0.07569444444444445 0.034375 0.041666666666666664
1 0.8640625 0.7760416666666666 0.1 0.10625
2 0.965625 0.35208333333333336 0.028125 0.03333333333333333
