0 0.36078125 0.4825 0.0328125 0.0375
0 0.08333333333333334 0.48368055555555556 0.03125 0.03958333333333333
0 0.5709375 0.16895833333333332 0.040625 0.04791666666666667
0 0.985625 0.5220833333333333 0.023749999999999893 0.043333333333333356
0 0.6485376602564102 0.5586004273504274 0.0265625 0.05
0 0.13061079545454546 0.45672348484848485 0.0421875 0.052083333333333336
0 0.3332859848484849 0.8777462121212121 0.0359375 0.05
0 0.82484375 0.4345833333333333 0.0328125 0.04583333333333333
0 0.14296875 0.7 0.0359375 0.04583333333333333
0 0.6419921875 0.98828125 0.043359375 0.0234375
0 0.384375 0.946875 0.0375 0.052083333333333336
0 0.7032812500000001 0.4041666666666667 0.0359375 0.04583333333333333
0 0.12250000000000001 0.6208333333333333 0.040625 0.05416666666666667
0 0.09699519230769231 0.6786057692307692 0.040625 0.05625
0 0.12578125 0.81 0.046875 0.06458333333333334
0 0.8830965909090909 0.8861742424242425 0.034375 0.05416666666666667
0 0.66640625 0.16145833333333334 0.0390625 0.04791666666666667
0 0.0296875 0.9474358974358974 0.028125 0.041666666666666664
0 0.023437499999999993 0.6657738095238095 0.03571428571428571 0.0625
2 0.07916666666666668 0.7034722222222223 0.028125 0.035416666666666666
1 0.8640625 0.7760416666666666 0.1 0.10625
2 0.965625 0.35208333333333336 0.028125 0.03333333333333333
