0 0.4138020833333333 0.5673611111111111 0.03281249999999995 0.0375
0 0.1171875 0.5385416666666667 0.03125 0.03958333333333333
0 0.48659855769230764 0.06850961538461539 0.0390625 0.04791666666666667
0 0.8676562499999999 0.5565277777777777 0.0328125 0.05
0 0.6477013221153846 0.5563701923076924 0.0265625 0.05
0 0.23289930555555555 0.7390046296296297 0.0421875 0.052083333333333336
0 0.34194155092592593 0.8651813271604938 0.0359375 0.05
0 0.8141927083333333 0.35868055555555556 0.03281250000000009 0.04583333333333333
0 0.5622395833333333 0.9475694444444444 0.0359375 0.04375
0 0.769625 0.6655416666666666 0.0375 0.04375
0 0.18158482142857144 0.5372023809523809 0.042187500000000024 0.054166666666666606
0 0.19308035714285715 0.5537202380952381 0.04062500000000002 0.05625
0 0.33880208333333334 0.45243055555555556 0.0390625 0.04791666666666667
0 0.089453125 0.4171875 0.0359375 0.052083333333333336
0 0.6271875 0.9875 0.039999999999999945 0.025
0 0.3912860576923077 0.8034455128205128 0.03906249999999996 0.06458333333333334
0 0.8995192307692308 0.5389423076923077 0.046875 0.0625
0 0.7260416666666667 0.6420138888888889 0.0375 0.052083333333333336
0 0.9065848214285713 0.8761904761904762 0.0453125 0.05
0 0.038802083333333334 0.09965277777777778 0.033854166666666664 0.03958333333333333
0 0.053125 0.9302083333333333 0.046875 0.06041666666666667
0 0.18836805555555555 0.8358796296296297 0.04270833333333335 0.06018518518518524
0 0.04296875 0.7145833333333333 0.04375 0.05
0 0.20671875 0.9785416666666666 0.035937500000000025 0.042916666666666714
0 0.05305706521739131 0.6764039855072463 0.05625 0.06458333333333334
2 0.079296875 0.6322916666666667 0.028125 0.035416666666666666
1 0.8640625 0.7760416666666666 0.1 0.10625
2 0.965625 0.35208333333333336 0.028125 0.03333333333333333
