0 0.17005208333333333 0.46944444444444444 0.0328125 0.041666666666666664
0 0.03828125 0.4552083333333333 0.0296875 0.03958333333333333
0 0.3724431818181818 0.5958333333333333 0.034375 0.04583333333333333
0 0.6070684523809524 0.22604166666666667 0.040625 0.04791666666666667
0 0.8901194852941176 0.5284926470588236 0.0328125 0.04375
0 0.30714285714285716 0.5053571428571428 0.034375 0.04583333333333333
0 0.5109375 0.225 0.034375 0.05
0 0.650878299689441 0.5611542443064182 0.0265625 0.05
0 0.29609375 0.12916666666666668 0.0609375 0.06875
0 0.5405133928571428 0.25104166666666666 0.0421875 0.052083333333333336
0 0.33203125 0.8877450980392158 0.0359375 0.05
0 0.8140625 0.5453525641025642 0.034375 0.05
0 0.31484375 0.5 0.0359375 0.04583333333333333
0 0.4434895833333333 0.8243055555555556 0.0375 0.04791666666666667
0 0.36294642857142856 0.7171130952380953 0.034375 0.04375
0 0.70546875 0.5989583333333334 0.0390625 0.04791666666666667
0 0.57578125 0.5645833333333333 0.0328125 0.041666666666666664
0 0.396875 0.3729166666666667 0.03125 0.03958333333333333
0 0.171484375 0.840625 0.0296875 0.04791666666666667
0 0.490625 0.9604166666666667 0.034375 0.05
2 0.07412683823529412 0.6712622549019608 0.0265625 0.035416666666666666
2 0.34140625 0.14270833333333333 0.034375 0.041666666666666664
1 0.8640625 0.7760416666666666 0.1 0.10625
2 0.965625 0.35208333333333336 0.028125 0.03333333333333333
