0 0.26953125 0.45625 0.0328125 0.0375
0 0.03828125 0.4791666666666667 0.03125 0.03958333333333333
0 0.5365624999999999 0.12645833333333334 0.040625 0.04791666666666667
0 0.9092013888888889 0.5106481481481481 0.034375 0.045833333333333275
0 0.6489533253205129 0.5597088675213675 0.0265625 0.05
0 0.22109375 0.478125 0.0421875 0.052083333333333336
0 0.3286698190789474 0.8825109649122808 0.0359375 0.05
0 0.8359375 0.4309027777777778 0.034375 0.05625
0 0.26171875 0.6166666666666667 0.0359375 0.04583333333333333
0 0.640625 0.8645833333333334 0.040625 0.04583333333333333
0 0.4430803571428571 0.9178571428571428 0.0375 0.05476190476190475
0 0.83921875 0.4985416666666667 0.0359375 0.04791666666666667
0 0.1375 0.6192708333333333 0.040625 0.05416666666666667
0 0.16796875 0.9885416666666667 0.0328125 0.022916666666666665
0 0.8796875 0.6927083333333334 0.04375 0.06041666666666667
0 0.893359375 0.8411458333333334 0.040625 0.05625
0 0.21691576086956524 0.7203351449275363 0.04062500000000002 0.05625
0 0.14051339285714287 0.8583333333333333 0.0390625 0.05
0 0.9546875 0.5645833333333333 0.034375 0.05416666666666667
0 0.017732558139534886 0.6724866763565892 0.02996002906976744 0.06507994186046512
2 0.055550986842105264 0.6986293859649123 0.02787828947368421 0.035416666666666666
1 0.8640625 0.7760416666666666 0.1 0.10625
2 0.965625 0.35208333333333336 0.028125 0.03333333333333333
