0 0.33046875 0.4270833333333333 0.0328125 0.0375
0 0.0359375 0.47604166666666664 0.03125 0.03958333333333333
0 0.5714488636363637 0.16770833333333332 0.040625 0.04791666666666667
0 0.9921875 0.5552083333333333 0.015625 0.03958333333333333
0 0.6484475160256411 0.5583600427350427 0.0265625 0.05
0 0.14564732142857142 0.5105654761904762 0.0421875 0.05208333333333327
0 0.33541666666666664 0.8760416666666667 0.0359375 0.05
0 0.8357812499999999 0.42 0.0328125 0.044166666666666646
0 0.10520833333333332 0.6559027777777777 0.0359375 0.04583333333333333
0 0.63984375 0.978125 0.0515625 0.04375
0 0.6627604166666667 0.40930555555555553 0.0359375 0.04583333333333333
0 0.187109375 0.6109375 0.040625 0.05416666666666667
0 0.10484374999999999 0.761875 0.04062499999999999 0.05625
0 0.0779296875 0.7895833333333333 0.046875 0.06458333333333334
0 0.8830357142857143 0.9598214285714286 0.034375 0.05416666666666667
0 0.6456473214285714 0.19360119047619048 0.0390625 0.04791666666666667
0 0.06875 0.9409722222222222 0.0375 0.05
0 0.01328125 0.8098958333333334 0.0265625 0.042708333333333334
0 0.4046875 0.9694444444444446 0.03541666666666665 0.044444444444444405
0 0.027083333333333338 0.6579861111111112 0.04166666666666667 0.0631944444444444
2 0.08657407407407407 0.6951003086419754 0.028125 0.035416666666666666
1 0.8640625 0.7760416666666666 0.1 0.10625
2 0.965625 0.35208333333333336 0.028125 0.03333333333333333
