0 0.5549479166666667 0.42291666666666666 0.0328125 0.0375
0 0.0953125 0.5270833333333333 0.028125 0.035416666666666666
0 0.52265625 0.18020833333333333 0.0390625 0.04791666666666667
0 0.9009014423076923 0.4807692307692308 0.0328125 0.05
0 0.6492318802521009 0.5570903361344538 0.0265625 0.05
0 0.22828125 0.8164583333333333 0.0421875 0.052083333333333336
0 0.3427662037037037 0.8596836419753087 0.0359375 0.05
0 0.8393229166666666 0.3907407407407407 0.0328125 0.04583333333333333
0 0.58515625 0.9260416666666667 0.0359375 0.04375
0 0.886328125 0.7553819444444444 0.0375 0.04375
0 0.07578125 0.475 0.0421875 0.05416666666666667
0 0.13541666666666669 0.7186342592592593 0.040625 0.05625
0 0.25859375 0.6197916666666666 0.0453125 0.05625
0 0.22265625 0.26145833333333335 0.0359375 0.052083333333333336
0 0.42734375 0.6989583333333333 0.0390625 0.06458333333333334
0 0.8243303571428571 0.5910714285714286 0.046875 0.0625
0 0.7032118055555555 0.428587962962963 0.03663194444444447 0.052083333333333336
0 0.72109375 0.875 0.0453125 0.05
0 0.04453125 0.065625 0.034375 0.03958333333333333
0 0.2005859375 0.9015625 0.043359375 0.06041666666666667
0 0.04715909090909091 0.5649621212121212 0.0375 0.05416666666666667
0 0.41015625 0.8375 0.0328125 0.04583333333333333
0 0.10084134615384614 0.9443910256410256 0.03437499999999999 0.04583333333333333
0 0.14453125 0.984375 0.0453125 0.03125
0 0.057650862068965525 0.6881106321839081 0.05625 0.06458333333333334
2 0.07508223684210527 0.6484100877192983 0.028125 0.035416666666666666
1 0.8640625 0.7760416666666666 0.1 0.10625
2 0.965625 0.35208333333333336 0.028125 0.03333333333333333
