0 0.36109375 0.47791666666666666 0.0328125 0.0375
0 0.0890625 0.48020833333333335 0.03125 0.03958333333333333
0 0.5706249999999999 0.16833333333333333 0.040625 0.04791666666666667
0 0.986640625 0.52375 0.022343750000000107 0.04208333333333331
0 0.6485326522435898 0.5585870726495726 0.0265625 0.05
0 0.13245738636363638 0.4576704545454546 0.0421875 0.052083333333333336
0 0.33340435606060603 0.8776515151515151 0.0359375 0.05
0 0.8237500000000001 0.4360416666666667 0.0328125 0.04583333333333333
0 0.14921875 0.6833333333333333 0.0359375 0.04583333333333333
0 0.644140625 0.9869791666666666 0.04453125 0.026041666666666668
0 0.384375 0.951388888888889 0.0375 0.052083333333333336
0 0.70059375 0.40375 0.0359375 0.04583333333333333
0 0.1253125 0.61875 0.040625 0.05416666666666667
0 0.096875 0.6822916666666666 0.040625 0.05625
0 0.1234375 0.8177083333333334 0.046875 0.06458333333333334
0 0.8826704545454545 0.8912878787878787 0.034375 0.05416666666666667
0 0.6684895833333333 0.159375 0.0390625 0.04791666666666667
0 0.03125 0.9475961538461539 0.028125 0.041666666666666664
0 0.02369791666666667 0.6651785714285714 0.03608630952380952 0.0625
2 0.07989583333333333 0.7034027777777777 0.028125 0.035416666666666666
1 0.8640625 0.7760416666666666 0.1 0.10625
2 0.965625 0.35208333333333336 0.028125 0.03333333333333333
