0 0.03359375 0.5302083333333333 0.0359375 0.035416666666666666
0 0.04140625 0.46770833333333334 0.0296875 0.03958333333333333
0 0.5856874999999999 0.6256666666666667 0.034375 0.04583333333333333
0 0.5979166666666667 0.21979166666666666 0.040625 0.04791666666666667
0 0.9457261029411764 0.6586397058823529 0.0328125 0.04375
0 0.5427556818181818 0.5496212121212121 0.034375 0.04583333333333333
0 0.590625 0.31145833333333334 0.034375 0.04375
0 0.6524868982919255 0.5618691770186336 0.0265625 0.05
0 0.35134943181818185 0.15539772727272727 0.0609375 0.06875
0 0.26640625 0.20669642857142856 0.0421875 0.052083333333333336
0 0.45552884615384615 0.7963942307692308 0.0375 0.04791666666666667
0 0.3168957078313253 0.8761044176706828 0.0359375 0.05
0 0.7670673076923077 0.6802350427350426 0.034375 0.05
0 0.33203125 0.6020833333333333 0.0359375 0.04583333333333333
0 0.897265625 0.5182291666666666 0.034375 0.04791666666666667
0 0.012760416666666666 0.9104166666666667 0.0234375 0.05
0 0.60234375 0.865625 0.0421875 0.05625
0 0.1184375 0.810625 0.034375 0.04375
0 0.7178385416666667 0.4668402777777778 0.0328125 0.04375
0 0.4486607142857143 0.965029761904762 0.034375 0.04791666666666667
0 0.61796875 0.9083333333333333 0.0484375 0.058333333333333334
0 0.74609375 0.9833333333333333 0.0390625 0.03333333333333333
2 0.026245777027027028 0.6793637387387387 0.0265625 0.035416666666666666
2 0.6558238636363637 0.05416666666666667 0.034375 0.041666666666666664
2 0.9796875 0.09895833333333333 0.0265625 0.041666666666666664
1 0.8640625 0.7760416666666666 0.1 0.10625
2 0.965625 0.35208333333333336 0.028125 0.03333333333333333
