0 0.14750000000000002 0.36041666666666666 0.0375 0.041666666666666664
0 0.06458333333333334 0.37013888888888885 0.03125000000000001 0.0375
0 0.065625 0.5166666666666667 0.0328125 0.041666666666666664
0 0.31662946428571426 0.4 0.034375 0.04583333333333333
0 0.5475961538461538 0.17604166666666668 0.040625 0.04791666666666667
0 0.51875 0.346875 0.028125 0.0375
0 0.31796875 0.05625 0.0328125 0.041666666666666664
0 0.80234375 0.30104166666666665 0.0375 0.04791666666666667
0 0.9529017857142857 0.6019345238095238 0.028125 0.04375
0 0.7397569444444445 0.31493055555555555 0.034375 0.04583333333333333
0 0.44620535714285714 0.6610119047619047 0.028125 0.03333333333333333
0 0.6593612938596491 0.5611842105263157 0.0265625 0.05
0 0.4245793269230769 0.34294871794871795 0.0546875 0.058333333333333334
0 0.35296875 0.2520833333333333 0.0421875 0.04583333333333333
0 0.3740234375 0.5411458333333333 0.03125 0.04583333333333333
0 0.50703125 0.8104166666666667 0.03125 0.05
0 0.3154031635802469 0.8624228395061729 0.0359375 0.05
0 0.1193359375 0.7674479166666667 0.0359375 0.04791666666666667
0 0.073828125 0.9489583333333333 0.0359375 0.03958333333333333
0 0.2484375 0.5790178571428571 0.0375 0.04791666666666667
0 0.720703125 0.9578125 0.03046875 0.034375
0 0.8576822916666668 0.7616319444444444 0.03580729166666661 0.03125
0 0.8310763888888889 0.7300925925925926 0.028125 0.04583333333333333
0 0.84765625 0.12135416666666667 0.03125 0.03958333333333333
0 0.9640625 0.7541666666666667 0.028125 0.0375
0 0.01484375 0.6260416666666667 0.0296875 0.04791666666666667
0 0.41785714285714287 0.9083333333333333 0.0296875 0.04375
1 0.8640625 0.7760416666666666 0.1 0.10625
2 0.965625 0.35208333333333336 0.028125 0.03333333333333333
