0 0.22265625 0.3638888888888889 0.0328125 0.0375
0 0.07135416666666666 0.5225694444444444 0.03125 0.039583333333333276
0 0.56259765625 0.10325520833333333 0.040625 0.04791666666666667
0 0.8998161764705882 0.5659313725490196 0.034375 0.04583333333333333
0 0.13921875 0.045000000000000005 0.0359375 0.04583333333333333
0 0.6491035657051282 0.5601095085470085 0.0265625 0.05
0 0.17703125 0.49770833333333336 0.0421875 0.052083333333333336
0 0.328515625 0.8833333333333333 0.0359375 0.05
0 0.8319602272727273 0.45142045454545454 0.034375 0.05625
0 0.32466517857142857 0.6508928571428572 0.0359375 0.04583333333333333
0 0.96015625 0.5677083333333334 0.0390625 0.04791666666666667
0 0.63890625 0.9522916666666668 0.040625 0.04583333333333333
0 0.45078125 0.9770833333333333 0.0390625 0.04583333333333333
0 0.8517187500000001 0.568125 0.0359375 0.04791666666666667
0 0.14722222222222223 0.6497685185185186 0.040625 0.05416666666666667
0 0.14656249999999998 0.8654166666666666 0.0375 0.05
0 0.8375 0.78125 0.04375 0.06041666666666667
0 0.8744791666666666 0.7123842592592593 0.040625 0.05625
0 0.20850694444444443 0.8309027777777778 0.03784722222222221 0.04884259259259262
0 0.03203125 0.98125 0.0328125 0.0375
0 0.19140625 0.9572916666666667 0.0359375 0.035416666666666666
0 0.016642441860465117 0.6723049903100775 0.02941497093023256 0.06617005813953487
2 0.04453125 0.690625 0.0265625 0.035416666666666666
1 0.8640625 0.7760416666666666 0.1 0.10625
2 0.965625 0.35208333333333336 0.028125 0.03333333333333333
