0 0.23578125 0.31958333333333333 0.0328125 0.041666666666666664
0 0.02734375 0.4625 0.0296875 0.0375
0 0.5734375 0.20536858974358976 0.040625 0.04791666666666667
0 0.970610119047619 0.6091765873015873 0.028125 0.04375
0 0.07907072368421053 0.19287280701754386 0.0359375 0.04583333333333333
0 0.967578125 0.3572916666666667 0.034375 0.05
0 0.6496773097826087 0.5606204710144927 0.0265625 0.05
0 0.2765625 0.44166666666666665 0.0421875 0.052083333333333336
0 0.3280736019736842 0.8856907894736843 0.0359375 0.05
0 0.8059742647058824 0.5042892156862745 0.034375000000000086 0.05
0 0.29890625000000004 0.6716666666666666 0.0359375 0.04583333333333333
0 0.9060546875 0.43697916666666664 0.0390625 0.04791666666666667
0 0.859375 0.0828125 0.0328125 0.041666666666666664
0 0.14479166666666668 0.08368055555555555 0.03125 0.039583333333333325
0 0.60234375 0.9572916666666667 0.040625 0.04583333333333333
0 0.0346590909090909 0.5278409090909091 0.04119318181818181 0.05
0 0.41328125 0.8729166666666667 0.0453125 0.05416666666666667
0 0.85515625 0.7737916666666667 0.0359375 0.04791666666666667
0 0.09817708333333333 0.753125 0.03281249999999999 0.04583333333333333
0 0.33578125000000003 0.0033333333333333335 0.040312500000000015 0.006666666666666667
0 0.4104166666666667 0.9774305555555555 0.04479166666666665 0.040972222222222264
0 0.6713068181818181 0.9755681818181817 0.038920454545454494 0.03825757575757578
0 0.98828125 0.10267857142857142 0.0234375 0.04285714285714285
2 0.06908482142857143 0.6995535714285714 0.0265625 0.035416666666666666
2 0.2125 0.008333333333333333 0.021875 0.016666666666666666
1 0.8640625 0.7760416666666666 0.1 0.10625
2 0.965625 0.35208333333333336 0.028125 0.03333333333333333
