0 0.1703125 0.5260416666666666 0.028125 0.035416666666666666
0 0.5269965277777777 0.15358796296296298 0.0390625 0.047916666666666684
0 0.8768503289473685 0.5019736842105263 0.0328125 0.05
0 0.6552389705882353 0.5602941176470588 0.0265625 0.05
0 0.25578124999999996 0.7764583333333334 0.0421875 0.052083333333333336
0 0.3549715909090909 0.8663352272727273 0.0359375 0.05
0 0.9087673611111111 0.36967592592592596 0.0328125 0.04583333333333333
0 0.61953125 0.934375 0.0359375 0.04375
0 0.4203125 0.4785635964912281 0.040625 0.05625
0 0.47093749999999995 0.415 0.0390625 0.06458333333333334
0 0.826171875 0.43645833333333334 0.040625 0.06458333333333334
0 0.71953125 0.44020833333333337 0.0421875 0.052083333333333336
0 0.69453125 0.6552083333333333 0.0359375 0.052083333333333336
0 0.3293323863636364 0.8696969696969696 0.0453125 0.05
0 0.254375 0.12333333333333334 0.04375 0.05625
0 0.8462673611111111 0.41377314814814814 0.0359375 0.04375
0 0.2279296875 0.9333333333333333 0.0421875 0.05416666666666667
0 0.62109375 0.7395833333333334 0.0359375 0.04791666666666667
0 0.015625 0.6635416666666667 0.03125 0.04791666666666667
0 0.5944444444444444 0.9100694444444444 0.040625 0.04791666666666667
0 0.1140625 0.4535416666666666 0.0375 0.05625
0 0.065625 0.651854674796748 0.05625 0.06458333333333334
0 0.1515625 0.8208333333333333 0.040625 0.05
0 0.0375 0.8875 0.046875 0.05416666666666667
0 0.04140625 0.6807291666666667 0.05 0.058333333333333334
0 0.041718750000000006 0.7316666666666667 0.040625 0.05
0 0.040625 0.035416666666666666 0.034375 0.05
0 0.9890625 0.1964945652173913 0.021875 0.03958333333333333
2 0.09650735294117647 0.6327818627450981 0.028125 0.035416666666666666
1 0.8640625 0.7760416666666666 0.1 0.10625
2 0.965625 0.35208333333333336 0.028125 0.03333333333333333
