0 0.0703125 0.28125 0.0375 0.041666666666666664
0 0.0609375 0.46041666666666664 0.0375 0.05416666666666667
0 0.04484375 0.5683333333333334 0.03281250000000001 0.041666666666666664
0 0.32596153846153847 0.3665064102564103 0.034375 0.04583333333333333
0 0.4680803571428571 0.18988095238095237 0.040625 0.04791666666666667
0 0.5240234375 0.14036458333333332 0.028125 0.0375
0 0.22265625 0.05 0.0328125 0.041666666666666664
0 0.8098958333333334 0.5017361111111112 0.03750000000000009 0.04791666666666667
0 0.86796875 0.6013020833333333 0.028125 0.04375
0 0.6985294117647058 0.4620098039215686 0.034375 0.04583333333333333
0 0.38923611111111106 0.6255787037037037 0.034374999999999954 0.04375
0 0.6576657677664974 0.5641708967851099 0.0265625 0.05
0 0.3876420454545454 0.3347537878787879 0.04687499999999996 0.06041666666666667
0 0.26067708333333334 0.15590277777777778 0.0421875 0.05208333333333332
0 0.3109375 0.39114583333333336 0.03125 0.04583333333333333
0 0.4515625 0.6635416666666667 0.0375 0.04791666666666667
0 0.31414930555555554 0.8649305555555556 0.0359375 0.05
0 0.06640625 0.809375 0.0359375 0.04791666666666667
0 0.21127232142857144 0.9254464285714286 0.035937500000000025 0.03958333333333333
0 0.39765625 0.7102430555555556 0.0375 0.04791666666666667
0 0.8614224137931036 0.7608836206896552 0.03394396551724146 0.03125
0 0.8328125 0.7548611111111112 0.028125 0.04652777777777774
0 0.7294642857142857 0.33645833333333336 0.03125 0.03958333333333333
0 0.148046875 0.7526041666666666 0.0359375 0.04583333333333333
0 0.5492708333333333 0.7919444444444445 0.04020833333333327 0.04222222222222219
0 0.690625 0.9364583333333333 0.046875 0.04791666666666667
0 0.93671875 0.06041666666666667 0.034375 0.041666666666666664
0 0.03984375 0.946875 0.0515625 0.06875
0 0.0078125 0.9270833333333334 0.015625 0.041666666666666664
1 0.8640625 0.7760416666666666 0.1 0.10625
2 0.965625 0.35208333333333336 0.028125 0.03333333333333333
