0 0.009114583333333332 0.010763888888888889 0.018229166666666664 0.021527777777777778
0 0.1078125 0.46875 0.034375 0.058333333333333334
0 0.05234375 0.5266666666666667 0.0328125 0.041666666666666664
0 0.35673076923076924 0.3763621794871795 0.034375 0.04583333333333333
0 0.5907327586206896 0.27072557471264364 0.040625 0.047916666666666635
0 0.6228515625 0.19114583333333332 0.028125 0.0375
0 0.9200120192307691 0.5784455128205128 0.0328125 0.04375
0 0.611328125 0.6276041666666666 0.034375 0.04583333333333333
0 0.3453125 0.6177083333333333 0.034375 0.04375
0 0.6550483819796955 0.563007614213198 0.0265625 0.05
0 0.41640625 0.4270833333333333 0.05 0.07291666666666667
0 0.22265625 0.2994791666666667 0.0421875 0.052083333333333336
0 0.19419642857142855 0.21636904761904763 0.03124999999999998 0.04583333333333333
0 0.39642857142857146 0.8081845238095239 0.0375 0.04791666666666667
0 0.3174266581632653 0.8694302721088435 0.0359375 0.05
0 0.08203125 0.653125 0.0390625 0.04375
0 0.66875 0.4241898148148148 0.0375 0.04791666666666667
0 0.6921875 0.9119212962962963 0.034375 0.04791666666666667
0 0.7765625 0.7291666666666666 0.034375 0.05
0 0.5487847222222222 0.820949074074074 0.034375 0.04791666666666667
0 0.17453125 0.71625 0.0359375 0.04583333333333333
0 0.7640625 0.9791666666666666 0.03125 0.035416666666666666
0 0.9276041666666666 0.3006944444444445 0.034375 0.041666666666666664
0 0.35625 0.8285714285714286 0.046875 0.058333333333333334
0 0.07526041666666666 0.8756944444444444 0.0328125 0.04583333333333333
0 0.5609375 0.12291666666666666 0.0421875 0.05625
0 0.23515625 0.940625 0.0390625 0.052083333333333336
0 0.50546875 0.978125 0.0375 0.04375
2 0.668359375 0.030729166666666665 0.0296875 0.035416666666666666
2 0.053732638888888885 0.6751157407407408 0.026562499999999996 0.035416666666666666
1 0.8640625 0.7760416666666666 0.1 0.10625
2 0.965625 0.35208333333333336 0.028125 0.03333333333333333
