0 0.183125 0.503125 0.028125 0.035416666666666666
0 0.5193080357142856 0.165625 0.0390625 0.04791666666666667
0 0.8834292763157896 0.5089912280701755 0.0328125 0.05
0 0.6549763655462184 0.5601540616246499 0.0265625 0.05
0 0.21171875 0.778125 0.0421875 0.052083333333333336
0 0.35440340909090906 0.8659564393939394 0.0359375 0.05
0 0.90234375 0.3625 0.0328125 0.04583333333333333
0 0.61234375 0.8660416666666666 0.0359375 0.04375
0 0.4328125 0.5004934210526316 0.040625 0.05625
0 0.48218750000000005 0.39333333333333337 0.0390625 0.06458333333333334
0 0.8332465277777779 0.46770833333333334 0.0421875 0.04791666666666667
0 0.72421875 0.46979166666666666 0.0421875 0.052083333333333336
0 0.73046875 0.684375 0.0359375 0.052083333333333336
0 0.35625 0.8552083333333333 0.0453125 0.05
0 0.24027777777777776 0.11122685185185184 0.04375 0.05625
0 0.82265625 0.44479166666666664 0.0359375 0.04375
0 0.22890625 0.9128787878787878 0.0421875 0.05416666666666667
0 0.60234375 0.7802083333333333 0.0359375 0.04791666666666667
0 0.015625 0.6635416666666667 0.03125 0.04791666666666667
0 0.5946428571428571 0.903720238095238 0.040625 0.04791666666666667
0 0.4635416666666667 0.9835069444444445 0.0515625 0.03298611111111107
0 0.103125 0.46770833333333334 0.0375 0.05625
0 0.065625 0.6551067073170731 0.05625 0.06458333333333334
0 0.171875 0.8479166666666667 0.040625 0.05
0 0.0421875 0.8979166666666667 0.046875 0.05416666666666667
0 0.0359375 0.6895833333333333 0.05 0.058333333333333334
0 0.025468750000000002 0.7183333333333334 0.040625 0.05
0 0.028385416666666663 0.059375 0.034375 0.05
0 0.9890625 0.19605978260869564 0.021875 0.03958333333333333
2 0.0943014705882353 0.6357230392156862 0.02812500000000001 0.035416666666666666
1 0.8640625 0.7760416666666666 0.1 0.10625
2 0.965625 0.35208333333333336 0.028125 0.03333333333333333
