0 0.1578125 0.5239583333333333 0.028125 0.035416666666666666
0 0.5231770833333333 0.1204861111111111 0.0390625 0.04791666666666665
0 0.8881249999999999 0.5185416666666666 0.0328125 0.04999999999999994
0 0.6542870273109244 0.5597864145658263 0.0265625 0.05
0 0.25234375 0.778125 0.0421875 0.052083333333333336
0 0.3529119318181818 0.8649621212121212 0.0359375 0.05
0 0.8739062499999999 0.3745833333333334 0.0328125 0.04583333333333333
0 0.619140625 0.8791666666666667 0.0359375 0.04375
0 0.4525390625 0.574609375 0.040625 0.05625
0 0.4753551136363637 0.4413825757575758 0.0390625 0.06458333333333334
0 0.8856770833333334 0.45798611111111115 0.046875 0.0625
0 0.796875 0.4276041666666667 0.0421875 0.052083333333333336
0 0.78828125 0.6135416666666667 0.0359375 0.052083333333333336
0 0.4283052884615385 0.8546474358974359 0.0453125 0.05
0 0.209375 0.06770833333333333 0.04375 0.05625
0 0.748828125 0.4401041666666667 0.0359375 0.04375
0 0.22689732142857144 0.8711309523809524 0.0421875 0.05416666666666667
0 0.559375 0.859375 0.0359375 0.04791666666666667
0 0.015625 0.6635416666666667 0.03125 0.04791666666666667
0 0.54296875 0.8729166666666667 0.0390625 0.058333333333333334
0 0.3796875 0.9822916666666667 0.034375 0.035416666666666666
0 0.06238839285714286 0.4763392857142857 0.03549107142857143 0.052678571428571415
0 0.065625 0.6636432926829269 0.05625 0.06458333333333334
0 0.20729166666666665 0.8898148148148147 0.04062499999999998 0.05
0 0.04166666666666667 0.9125 0.04201388888888889 0.05370370370370381
0 0.01953125 0.7354166666666667 0.0328125 0.058333333333333334
0 0.9890625 0.19491847826086955 0.021875 0.03958333333333333
2 0.0860625 0.6430416666666667 0.028125 0.035416666666666666
1 0.8640625 0.7760416666666666 0.1 0.10625
2 0.965625 0.35208333333333336 0.028125 0.03333333333333333
