0 0.18828125 0.44375 0.0328125 0.041666666666666664
0 0.04296875 0.465625 0.0265625 0.0375
0 0.4909539473684211 0.7607456140350877 0.034375 0.04583333333333333
0 0.52783203125 0.14661458333333333 0.040625 0.04791666666666667
0 0.984375 0.5333333333333333 0.03125 0.043055555555555534
0 0.11625 0.3951388888888889 0.03437500000000001 0.04583333333333333
0 0.6859375 0.21458333333333332 0.034375 0.05
0 0.6502741653726708 0.5608857401656314 0.0265625 0.05
0 0.40546875 0.3338541666666667 0.0421875 0.052083333333333336
0 0.32765213815789473 0.8879385964912281 0.0359375 0.05
0 0.8057291666666666 0.5298611111111111 0.03437499999999991 0.04999999999999994
0 0.30859375 0.6791666666666667 0.0359375 0.04583333333333333
0 0.4928125 0.9322916666666666 0.0375 0.04375
0 0.81015625 0.48125 0.0390625 0.04791666666666667
0 0.70703125 0.3416666666666667 0.0328125 0.041666666666666664
0 0.21302083333333335 0.4149305555555555 0.03125000000000002 0.03958333333333333
0 0.63984375 0.9302083333333333 0.05 0.06041666666666667
0 0.10108173076923077 0.675801282051282 0.04375 0.05
0 0.5421875 0.8979166666666667 0.0375 0.05
0 0.3996651785714286 0.8827380952380952 0.0453125 0.05416666666666667
0 0.7825892857142858 0.8788690476190476 0.04375000000000009 0.05416666666666667
0 0.8204799107142857 0.8976934523809524 0.039174107142857115 0.04479166666666667
2 0.075 0.6625 0.0265625 0.035416666666666666
2 0.29010416666666666 0.07986111111111112 0.034375 0.041666666666666664
1 0.8640625 0.7760416666666666 0.1 0.10625
2 0.965625 0.35208333333333336 0.028125 0.03333333333333333
