0 0.0546875 0.4479166666666667 0.034375 0.058333333333333334
0 0.04296875 0.5 0.0328125 0.041666666666666664
0 0.3586845930232558 0.3688953488372093 0.034375 0.04583333333333333
0 0.60875 0.188875 0.040625 0.04791666666666667
0 0.619140625 0.030989583333333334 0.028125 0.0359375
0 0.9196514423076924 0.6403044871794872 0.0328125 0.04375
0 0.5047697368421054 0.5951754385964912 0.034375 0.04583333333333333
0 0.47125000000000006 0.46520833333333333 0.034375 0.04375
0 0.6539300444162437 0.5625105752961084 0.0265625 0.05
0 0.4009765625 0.27317708333333335 0.05 0.07291666666666667
0 0.18671875 0.3885416666666667 0.0421875 0.052083333333333336
0 0.14453125 0.06458333333333334 0.03125 0.04583333333333333
0 0.339375 0.745625 0.0375 0.04791666666666667
0 0.31935554718875503 0.8711847389558234 0.0359375 0.05
0 0.7913541666666667 0.22784722222222223 0.03750000000000009 0.04791666666666667
0 0.7639705882352941 0.6845588235294117 0.034375 0.05
0 0.25512152777777775 0.818287037037037 0.0359375 0.04583333333333333
0 0.75390625 0.98125 0.0453125 0.0375
0 0.9103693181818182 0.49356060606060603 0.034375 0.041666666666666664
0 0.525 0.9 0.046875 0.058333333333333334
0 0.03203125 0.8453125 0.0359375 0.04791666666666667
0 0.5106026785714286 0.2787202380952381 0.0421875 0.056249999999999974
0 0.12609375 0.9564583333333334 0.0328125 0.03958333333333333
0 0.025 0.75625 0.034375 0.05416666666666667
2 0.046614583333333334 0.6611805555555555 0.026562500000000006 0.035416666666666666
1 0.8640625 0.7760416666666666 0.1 0.10625
2 0.965625 0.35208333333333336 0.028125 0.03333333333333333
