0 0.353515625 0.4546875 0.0328125 0.0375
0 0.07552083333333334 0.45868055555555554 0.03125 0.03958333333333333
0 0.5535714285714286 0.17946428571428572 0.040625 0.04791666666666667
0 0.9734375 0.49166666666666664 0.034375 0.04583333333333333
0 0.6486678685897436 0.5589476495726495 0.0265625 0.05
0 0.15494791666666669 0.4565972222222222 0.0421875 0.052083333333333336
0 0.3302083333333333 0.8802083333333334 0.0359375 0.05
0 0.80546875 0.43333333333333335 0.0328125 0.04583333333333333
0 0.22008272058823528 0.6832107843137255 0.0359375 0.04583333333333333
0 0.58859375 0.9825 0.0390625 0.028333333333333263
0 0.3828125 0.915625 0.0375 0.052083333333333336
0 0.7688519021739131 0.4203804347826087 0.0359375 0.04637681159420293
0 0.162109375 0.621875 0.040625 0.05416666666666667
0 0.9736607142857142 0.5367559523809524 0.04375 0.06041666666666672
0 0.13671875 0.6095833333333334 0.040625 0.05625
0 0.01328125 0.7364583333333333 0.0265625 0.04375
0 0.13779296875 0.8134114583333333 0.046875 0.06458333333333334
0 0.9247395833333334 0.8027777777777777 0.034375 0.05416666666666667
0 0.595486111111111 0.11053240740740741 0.03819444444444438 0.04791666666666667
0 0.019803779069767442 0.6728318798449612 0.030995639534883723 0.06300872093023256
2 0.061019736842105265 0.7048793859649123 0.028125 0.035416666666666666
1 0.8640625 0.7760416666666666 0.1 0.10625
2 0.965625 0.35208333333333336 0.028125 0.03333333333333333
