0 0.9896484375 0.16953125 0.017578125 0.0265625
0 0.153125 0.521875 0.028125 0.035416666666666666
0 0.5377604166666667 0.10659722222222222 0.0390625 0.04791666666666667
0 0.89921875 0.5227272727272728 0.0328125 0.05000000000000006
0 0.6540244222689076 0.5596463585434174 0.0265625 0.05
0 0.26796875 0.7885416666666667 0.0421875 0.052083333333333336
0 0.35234375 0.8645833333333334 0.0359375 0.05
0 0.88640625 0.3695833333333333 0.0328125 0.04583333333333333
0 0.59640625 0.9293750000000001 0.0359375 0.04375
0 0.4509765625 0.5985677083333333 0.040625 0.05625
0 0.4747869318181818 0.45350378787878787 0.0390625 0.06458333333333334
0 0.8640625 0.45 0.046875 0.0625
0 0.8424479166666666 0.4378472222222222 0.0421875 0.052083333333333336
0 0.7896205357142858 0.5790178571428571 0.03593750000000009 0.052083333333333336
0 0.45140624999999995 0.8358333333333333 0.0453125 0.05
0 0.19166666666666665 0.03576388888888889 0.04062499999999998 0.04791666666666667
0 0.7296006944444444 0.42974537037037036 0.0359375 0.04375
0 0.22555803571428573 0.8872023809523809 0.0421875 0.05416666666666667
0 0.5361979166666667 0.8878472222222222 0.0359375 0.04791666666666667
0 0.015625 0.6635416666666667 0.03125 0.04791666666666667
0 0.52421875 0.8854166666666666 0.0390625 0.058333333333333334
0 0.3515625 0.9700000000000001 0.040625 0.05
0 0.03203125 0.5239583333333333 0.0328125 0.04791666666666667
0 0.065625 0.666895325203252 0.05625 0.06458333333333334
0 0.22620192307692308 0.921474358974359 0.040625 0.05
0 0.0125 0.8892045454545454 0.025 0.052083333333333336
0 0.9890625 0.1944836956521739 0.021875 0.03958333333333333
2 0.08256250000000001 0.650375 0.028125 0.035416666666666666
1 0.8640625 0.7760416666666666 0.1 0.10625
2 0.965625 0.35208333333333336 0.028125 0.03333333333333333
