0 0.1546875 0.528125 0.028125 0.035416666666666666
0 0.52265625 0.153125 0.0390625 0.04791666666666667
0 0.89140625 0.50625 0.0328125 0.05
0 0.6547465861344538 0.560031512605042 0.0265625 0.05
0 0.18203125 0.784375 0.0421875 0.052083333333333336
0 0.35390625 0.865625 0.0359375 0.05
0 0.8858258928571429 0.3619047619047619 0.0328125 0.04583333333333333
0 0.608203125 0.834375 0.0359375 0.04375
0 0.4420758928571429 0.5230654761904762 0.040625 0.05624999999999994
0 0.4802455357142857 0.4084821428571429 0.0390625 0.06458333333333334
0 0.85390625 0.4822916666666667 0.0421875 0.04791666666666667
0 0.74140625 0.42604166666666665 0.0421875 0.052083333333333336
0 0.73671875 0.6385416666666667 0.0359375 0.052083333333333336
0 0.38515625 0.8708333333333333 0.0453125 0.05
0 0.2265625 0.09535984848484849 0.04375 0.05625
0 0.79609375 0.446875 0.0359375 0.04375
0 0.230078125 0.8916666666666667 0.0421875 0.05416666666666667
0 0.58015625 0.811875 0.0359375 0.04791666666666667
0 0.015625 0.6635416666666667 0.03125 0.04791666666666667
0 0.58125 0.8947916666666667 0.040625 0.04791666666666667
0 0.4359375 0.9822916666666667 0.05 0.035416666666666666
0 0.08541666666666667 0.4777777777777778 0.03750000000000001 0.05625
0 0.065625 0.6579522357723577 0.05625 0.06458333333333334
0 0.171875 0.875 0.040625 0.05
0 0.0421875 0.908125 0.046875 0.05416666666666667
0 0.0345703125 0.70234375 0.05 0.058333333333333334
0 0.015625 0.048125 0.03125 0.04791666666666667
0 0.9890625 0.19567934782608695 0.021875 0.03958333333333333
2 0.0921875 0.6302083333333334 0.028125 0.035416666666666666
1 0.8640625 0.7760416666666666 0.1 0.10625
2 0.965625 0.35208333333333336 0.028125 0.03333333333333333
