0 0.04765625 0.46979166666666666 0.034375 0.058333333333333334
0 0.08932291666666667 0.5013888888888889 0.03281250000000001 0.041666666666666664
0 0.36595203488372097 0.37010658914728684 0.034375 0.04583333333333333
0 0.58876953125 0.13776041666666666 0.040625 0.04791666666666667
0 0.88984375 0.6596955128205128 0.0328125 0.04375
0 0.47734375 0.5496527777777778 0.034375 0.045833333333333275
0 0.503125 0.371875 0.034375 0.04375
0 0.6537315605590062 0.5624223602484473 0.0265625 0.05
0 0.3723214285714286 0.22395833333333334 0.05 0.07291666666666667
0 0.13694196428571428 0.4120535714285714 0.0421875 0.052083333333333336
0 0.36658653846153844 0.789823717948718 0.0375 0.04791666666666667
0 0.3190417921686747 0.8718122489959839 0.0359375 0.05
0 0.8548076923076924 0.13421474358974358 0.0375 0.04791666666666667
0 0.73291015625 0.6903645833333333 0.034375 0.05
0 0.211328125 0.7078125 0.0359375 0.04583333333333333
0 0.925390625 0.59375 0.034375 0.041666666666666664
0 0.5875 0.9395833333333333 0.046875 0.058333333333333334
0 0.09453125 0.840625 0.0359375 0.04791666666666667
0 0.4848958333333333 0.3597222222222222 0.0421875 0.05625
0 0.06671875000000001 0.9339583333333333 0.035937500000000004 0.04375
0 0.005625 0.86875 0.01125 0.04583333333333333
2 0.04921875 0.6677083333333333 0.0265625 0.035416666666666666
1 0.8640625 0.7760416666666666 0.1 0.10625
2 0.965625 0.35208333333333336 0.028125 0.03333333333333333
