0 0.57265625 0.3875 0.0328125 0.0375
0 0.1359375 0.5020833333333333 0.028125 0.035416666666666666
0 0.5400841346153846 0.16498397435897436 0.0390625 0.04791666666666667
0 0.9158854166666666 0.4744444444444444 0.0328125 0.05
0 0.6495601365546219 0.557265406162465 0.0265625 0.05000000000000006
0 0.2109375 0.8270833333333333 0.0421875 0.052083333333333336
0 0.34291087962962963 0.8587191358024691 0.0359375 0.05
0 0.8443359375 0.39088541666666665 0.0328125 0.04583333333333333
0 0.5606770833333333 0.8947916666666667 0.0359375 0.04375
0 0.898046875 0.7744791666666667 0.0375 0.04375
0 0.062239583333333334 0.4097222222222222 0.0421875 0.05416666666666667
0 0.14583333333333331 0.752199074074074 0.040625 0.05625
0 0.24477163461538462 0.6454326923076923 0.0453125 0.05625
0 0.21839488636363638 0.2046401515151515 0.0359375 0.052083333333333336
0 0.429296875 0.6859375 0.0390625 0.06458333333333334
0 0.8017578125 0.61171875 0.046875 0.0625
0 0.7395833333333333 0.4322916666666667 0.0375 0.052083333333333336
0 0.68484375 0.8533333333333334 0.0453125 0.05
0 0.06662946428571428 0.05461309523809523 0.03816964285714285 0.04434523809523809
0 0.246875 0.9194444444444444 0.0453125 0.05
0 0.01875 0.56875 0.0375 0.05416666666666667
0 0.42937499999999995 0.7991666666666667 0.036249999999999984 0.044166666666666646
0 0.084765625 0.9697916666666667 0.03359375 0.04375
0 0.118125 0.9658333333333334 0.03749999999999999 0.058333333333333334
0 0.05738146551724138 0.6873922413793103 0.05625 0.06458333333333334
2 0.07631578947368421 0.6506030701754386 0.028125 0.035416666666666666
1 0.8640625 0.7760416666666666 0.1 0.10625
2 0.965625 0.35208333333333336 0.028125 0.03333333333333333
