0 0.7982812499999999 0.19666666666666668 0.0328125 0.0375
0 0.14609375 0.5229166666666667 0.028125 0.035416666666666666
0 0.54169921875 0.10234375 0.0390625 0.04791666666666667
0 0.9395596590909092 0.4952651515151515 0.0328125 0.05
0 0.6520220588235295 0.558578431372549 0.0265625 0.05
0 0.24583333333333335 0.8322916666666667 0.0421875 0.052083333333333336
0 0.34801136363636365 0.8616950757575758 0.0359375 0.05
0 0.8751116071428571 0.3830357142857143 0.0328125 0.04583333333333333
0 0.58671875 0.9096354166666667 0.0359375 0.04375
0 0.8625 0.9510416666666667 0.046875 0.052083333333333336
0 0.02109375 0.5118055555555556 0.0421875 0.054166666666666724
0 0.33345588235294116 0.7577818627450981 0.040625 0.05625
0 0.09244791666666667 0.8378472222222223 0.04531250000000001 0.05625
0 0.44984375 0.561875 0.0390625 0.06458333333333334
0 0.8109375 0.4395833333333333 0.046875 0.0625
0 0.7127604166666667 0.4128472222222222 0.0421875 0.052083333333333336
0 0.9638020833333334 0.41099537037037037 0.0359375 0.052083333333333336
0 0.55859375 0.6708333333333333 0.0453125 0.05
0 0.013504464285714285 0.03601190476190476 0.02700892857142857 0.04702380952380953
0 0.22421875 0.03453525641025641 0.046274038461538505 0.05528846153846154
0 0.5737926136363637 0.5483901515151516 0.0359375 0.04375000000000006
0 0.22578125 0.9070833333333332 0.0421875 0.05416666666666667
0 0.6306919642857143 0.8745535714285714 0.0359375 0.04791666666666667
0 0.03836805555555556 0.861111111111111 0.04930555555555556 0.05416666666666667
0 0.03560267857142857 0.7025297619047619 0.0390625 0.05625
0 0.5767187500000001 0.9770833333333333 0.047812499999999945 0.04333333333333324
0 0.065625 0.8958333333333334 0.040625 0.05
0 0.06143465909090908 0.6863320707070707 0.05625 0.06458333333333334
0 0.9890625 0.19116847826086955 0.021875 0.03958333333333333
2 0.06907327586206896 0.6578663793103449 0.028125 0.035416666666666666
1 0.8640625 0.7760416666666666 0.1 0.10625
2 0.965625 0.35208333333333336 0.028125 0.03333333333333333
