0 0.057421875 0.50625 0.0328125 0.041666666666666664
0 0.5176846590909091 0.40009469696969696 0.034375 0.04583333333333333
0 0.494921875 0.24856770833333333 0.040625 0.04791666666666667
0 0.9105674342105263 0.5663925438596491 0.0328125 0.04375
0 0.5234375 0.27291666666666664 0.034375 0.04583333333333333
0 0.5527777777777778 0.2767361111111111 0.034375 0.04375000000000003
0 0.653025524068323 0.562108566252588 0.0265625 0.05
0 0.4359375 0.2275297619047619 0.05 0.07291666666666667
0 0.12265625 0.215625 0.0421875 0.052083333333333336
0 0.34878472222222223 0.7762731481481481 0.0375 0.04791666666666667
0 0.31782442269076305 0.8742469879518072 0.0359375 0.05
0 0.7689732142857143 0.6940476190476191 0.034375 0.05
0 0.28359375 0.6770833333333334 0.0359375 0.04583333333333333
0 0.871875 0.711111111111111 0.034375 0.041666666666666664
0 0.06529017857142858 0.8855654761904762 0.0359375 0.04791666666666667
0 0.42046875000000006 0.6514583333333334 0.042187500000000044 0.05625
0 0.728125 0.20104166666666667 0.0328125 0.04375
0 0.5776041666666667 0.9052083333333333 0.034375 0.04791666666666667
0 0.67859375 0.9008333333333333 0.0484375 0.058333333333333334
0 0.551171875 0.984375 0.02734375 0.03125
0 0.034375 0.009375 0.028125 0.01875
2 0.037997159090909095 0.6776199494949495 0.0265625 0.035416666666666666
1 0.8640625 0.7760416666666666 0.1 0.10625
2 0.965625 0.35208333333333336 0.028125 0.03333333333333333
