0 0.103125 0.24166666666666667 0.021875 0.029166666666666667
0 0.071875 0.5284821428571429 0.034375 0.03958333333333333
0 0.144140625 0.3419270833333333 0.034375 0.04583333333333333
0 0.69921875 0.5739583333333333 0.0296875 0.04375
0 0.19393351510067114 0.7317813199105145 0.0328125 0.04583333333333333
0 0.2976920871559633 0.6864965596330276 0.0375 0.05416666666666667
0 0.44561820652173917 0.5096920289855073 0.0328125 0.041666666666666664
0 0.3989583333333333 0.7767361111111111 0.034374999999999954 0.03958333333333333
0 0.5271006944444444 0.8636342592592592 0.0359375 0.04791666666666667
0 0.4532912234042553 0.7619902482269504 0.04375 0.052083333333333336
0 0.7636432926829269 0.8972815040650406 0.0375 0.04375
0 0.715625 0.8270833333333333 0.034375 0.058333333333333334
0 0.8752878289473685 0.8890350877192983 0.0390625 0.05416666666666667
2 0.809375 0.5987835081585081 0.03125 0.04583333333333333
0 0.9734375 0.798582175925926 0.046875 0.052083333333333336
0 0.925 0.7416666666666667 0.040625 0.05
0 0.917673141891892 0.9326858108108108 0.0390625 0.03958333333333333
0 0.5973513719512196 0.43696646341463413 0.0390625 0.06041666666666667
0 0.21646412037037038 0.5752314814814814 0.0421875 0.058333333333333334
0 0.5786057692307692 0.815625 0.0390625 0.058333333333333334
0 0.4828563084112149 0.7410582165109034 0.0421875 0.04583333333333333
0 0.42125 0.561875 0.043750000000000046 0.0625
0 0.4454712906504065 0.4764481707317073 0.0328125 0.04375
0 0.420332532051282 0.3372863247863248 0.042187499999999954 0.058333333333333334
0 0.31229039634146344 0.3559705284552846 0.0328125 0.04375
0 0.3301741803278689 0.290556693989071 0.03125 0.04375
0 0.4017135989010989 0.252117673992674 0.0375 0.047916666666666635
0 0.4596396857923497 0.26145833333333335 0.028125 0.03958333333333333
0 0.3529587765957447 0.018195921985815603 0.037167553191489365 0.03222517730496454
0 0.70265625 0.26958333333333334 0.0390625 0.05
0 0.5820963541666667 0.2697482638888889 0.0265625 0.0458333333333333
0 0.5796875 0.30677724897349756 0.0375 0.05416666666666667
0 0.2255859375 0.8838541666666667 0.0484375 0.04791666666666667
0 0.9077160904255319 0.18945478723404255 0.0453125 0.04791666666666667
0 0.7859041765402843 0.15131319115323855 0.04218749999999991 0.04583333333333333
0 0.9053415697674418 0.06862887596899224 0.0390625 0.04375
0 0.332578125 0.7555208333333333 0.034375 0.04583333333333333
0 0.51953125 0.03125 0.0390625 0.04583333333333333
0 0.9533171106557378 0.9775899362477231 0.041794740437158494 0.042725409836065494
0 0.6484975961538462 0.1298878205128205 0.0328125 0.04374999999999998
0 0.1403125 0.070625 0.0421875 0.05625
0 0.039240056818181816 0.9555397727272726 0.03728693181818182 0.05464015151515144
0 0.34234375 0.014166666666666666 0.03718750000000002 0.028333333333333332
