0 0.103125 0.24166666666666667 0.021875 0.029166666666666667
0 0.07248086734693877 0.5515093537414966 0.034375 0.03958333333333333
0 0.14478165064102563 0.34064503205128205 0.034375 0.04583333333333333
0 0.8712890625 0.6510416666666666 0.0296875 0.04375
0 0.19253237612612611 0.73125 0.0328125 0.04583333333333333
0 0.3051485655737705 0.6814549180327868 0.0375 0.05416666666666667
0 0.4243303571428571 0.4497767857142857 0.0328125 0.041666666666666664
0 0.4207446808510638 0.7614583333333333 0.034375 0.03958333333333333
0 0.5378004807692307 0.8553044871794871 0.0359375 0.04791666666666667
0 0.45676020408163265 0.6876062925170068 0.04375 0.052083333333333336
0 0.7569120762711864 0.8988170903954803 0.0375 0.04375
0 0.715625 0.8270833333333333 0.034375 0.058333333333333334
2 0.8137946428571429 0.589047619047619 0.03125 0.04583333333333333
0 0.9838048986486487 0.7951295045045046 0.02614020270270263 0.047240990990990994
0 0.925 0.7416666666666667 0.040625 0.05
0 0.9191901408450704 0.9263204225352113 0.0390625 0.03958333333333333
0 0.5989643895348837 0.43384205426356587 0.0390625 0.06041666666666667
0 0.09382102272727273 0.6689393939393938 0.0421875 0.058333333333333334
0 0.5392755681818182 0.7628787878787879 0.0390625 0.058333333333333334
0 0.485660046728972 0.7354507398753894 0.0421875 0.04583333333333333
0 0.41875 0.5583333333333333 0.04375 0.0625
0 0.45044880319148933 0.460261524822695 0.0328125 0.04375
0 0.41866319444444444 0.3284722222222222 0.0421875 0.058333333333333334
0 0.31171875 0.3572614734299517 0.0328125 0.04375
0 0.32727272727272727 0.29327651515151515 0.03125 0.04375
0 0.40215315934065937 0.24918727106227104 0.0375 0.047916666666666635
0 0.4612476145038168 0.26063136132315523 0.028125 0.03958333333333333
0 0.3523914007092198 0.01630466903073286 0.03603280141843972 0.028442671394799057
0 0.7173677884615385 0.27131410256410254 0.0390625 0.05
0 0.5893168604651163 0.2662063953488372 0.0265625 0.04583333333333333
0 0.5796875 0.305582773422919 0.0375 0.05416666666666667
0 0.9051628989361703 0.18605053191489362 0.0453125 0.04791666666666667
0 0.7866624703791469 0.15106042654028434 0.0421875 0.04583333333333333
0 0.9100943688118812 0.05881806930693069 0.0390625 0.04375
0 0.11550925925925926 0.8315586419753086 0.034375 0.04583333333333333
0 0.51953125 0.03125 0.0390625 0.04583333333333333
0 0.9516777663934427 0.9703039617486339 0.04070184426229506 0.051468579234972604
0 0.10896139705882353 0.07591911764705882 0.0421875 0.056249999999999994
0 0.15875822368421053 0.9818530701754385 0.043174342105263164 0.03629385964912283
0 0.2399116847826087 0.22065217391304348 0.0359375 0.05416666666666667
0 0.22413194444444445 0.06319444444444446 0.040625 0.05000000000000001
0 0.9125 0.9666666666666667 0.03125 0.041666666666666664
0 0.9140269886363637 0.9863636363636364 0.034446022727272665 0.02727272727272722
