0 0.103125 0.24166666666666667 0.021875 0.029166666666666667
0 0.1087890625 0.5682291666666667 0.034375 0.03958333333333333
0 0.1416131422924901 0.3203474967061924 0.034375 0.04583333333333333
0 0.193244226022567 0.730433121767748 0.0328125 0.04583333333333333
0 0.32386363636363635 0.665530303030303 0.0375 0.05416666666666667
0 0.4469419642857143 0.24392857142857144 0.0328125 0.041666666666666664
0 0.45366709183673465 0.7279124149659865 0.034375 0.03958333333333333
0 0.678125 0.98125 0.0328125 0.0375
0 0.4381875 0.5452083333333333 0.04375 0.052083333333333336
0 0.7815193965517242 0.8598060344827586 0.03750000000000009 0.04375
0 0.715625 0.8270833333333333 0.034375 0.058333333333333334
2 0.8063937883435583 0.5732361963190183 0.03125000000000009 0.04583333333333333
0 0.925 0.7416666666666667 0.040625 0.05
0 0.9262117346938776 0.9052579365079365 0.0390625 0.03958333333333333
0 0.60234375 0.43096935261707986 0.0390625 0.06041666666666667
0 0.6040625000000001 0.5207499999999999 0.046875 0.054166666666666606
0 0.50419921875 0.7149088541666667 0.0421875 0.04583333333333333
0 0.41298828125 0.5486979166666667 0.04375 0.0625
0 0.4386017628205129 0.478525641025641 0.0328125 0.04375
0 0.4275126689189189 0.3016891891891892 0.0421875 0.058333333333333334
0 0.31353268678160917 0.3494971264367816 0.0328125 0.04375
0 0.317469262295082 0.2904200819672131 0.03125 0.04375
0 0.4033116467576792 0.24171288395904436 0.03750000000000005 0.04791666666666667
0 0.46516262755102045 0.25826955782312927 0.028125 0.03958333333333333
0 0.3498183139534884 0.006649709302325581 0.02283793604651163 0.013299418604651163
0 0.7437575849514564 0.29269822006472496 0.0390625 0.05
0 0.6058293269230769 0.24669871794871798 0.028581730769230696 0.045833333333333365
0 0.5796875 0.30261524822695035 0.0375 0.05416666666666667
0 0.9091959635416667 0.18608217592592594 0.0453125 0.04791666666666667
0 0.7885463566350712 0.1504324644549763 0.042187500000000086 0.04583333333333333
0 0.9298624067164178 0.03011504975124378 0.0390625 0.04375
0 0.51953125 0.03125 0.0390625 0.04583333333333333
0 0.9284375 0.9767361111111111 0.03645833333333339 0.04652777777777774
0 0.15050551470588236 0.16378676470588235 0.0421875 0.05625
0 0.44588068181818186 0.8611742424242425 0.046875 0.05
0 0.234375 0.15416666666666667 0.040625 0.05
0 0.06494140625 0.32981770833333335 0.04375 0.05416666666666667
0 0.99296875 0.321875 0.0140625 0.04791666666666667
0 0.24518229166666666 0.013715277777777778 0.03203125 0.026736111111111113
0 0.9898897058823529 0.3245098039215686 0.020220588235294202 0.05196078431372554
0 0.5111430921052632 0.822313596491228 0.0453125 0.052083333333333336
0 0.9111787683823529 0.984375 0.0359375 0.03125
0 0.369775390625 0.15169270833333334 0.0375 0.04791666666666667
0 0.8528846153846154 0.9384615384615385 0.03125 0.04375
0 0.4203125 0.9770833333333333 0.034375 0.04583333333333333
0 0.1259672619047619 0.4686011904761905 0.034375 0.03958333333333333
0 0.9705729166666666 0.9260416666666667 0.025 0.035416666666666666
