0 0.103125 0.24166666666666667 0.021875 0.029166666666666667
0 0.07196344339622641 0.5255306603773584 0.034375 0.039583333333333276
0 0.14350961538461537 0.34318910256410257 0.034375 0.04583333333333333
0 0.541796875 0.47890625 0.0296875 0.04375
0 0.0435546875 0.368359375 0.028125 0.041666666666666664
0 0.19261220637583892 0.7329558165548099 0.03281249999999998 0.04583333333333333
0 0.29046731651376145 0.6919151376146789 0.0375 0.05416666666666667
0 0.446875 0.5966666666666666 0.0328125 0.041666666666666664
0 0.3783135775862069 0.7799568965517241 0.034375 0.03958333333333333
0 0.5160065406976744 0.876687661498708 0.0359375 0.04791666666666667
0 0.45435606060606065 0.8346275252525253 0.04375 0.052083333333333336
0 0.7640625 0.8999727312390925 0.0375 0.04375
0 0.7141304347826087 0.8260869565217391 0.034375 0.058333333333333334
0 0.9505208333333333 0.7160416666666667 0.03499999999999996 0.04708333333333338
2 0.809375 0.6070439976689976 0.03125 0.04583333333333333
0 0.9734375 0.8022280092592593 0.046875 0.052083333333333336
0 0.925 0.7416666666666667 0.040625 0.05
0 0.9172638383575883 0.9332315488565488 0.0390625 0.03958333333333333
0 0.5954306402439025 0.4401676829268293 0.0390625 0.06041666666666667
0 0.35134943181818185 0.4961174242424242 0.0421875 0.058333333333333334
0 0.631875 0.7683333333333333 0.0390625 0.058333333333333334
0 0.48046875 0.7463619402985074 0.0421875 0.04583333333333333
0 0.45111607142857146 0.5608134920634921 0.04375 0.0625
0 0.443660996835443 0.4870824542897328 0.0328125 0.04375
0 0.4262348790322581 0.36370967741935484 0.0421875 0.058333333333333334
0 0.31328125 0.3572916666666667 0.0328125 0.04375
0 0.32989583333333333 0.2947916666666667 0.03125 0.04375
0 0.4007998511904762 0.2551587301587302 0.0375 0.04791666666666667
0 0.4559453616352201 0.2612093815513627 0.028125 0.03958333333333333
0 0.3535172872340425 0.020057624113475177 0.038284574468085086 0.03594858156028369
0 0.6962094907407408 0.2491512345679012 0.0390625 0.04999999999999997
0 0.5729073660714286 0.27291666666666664 0.0265625 0.04583333333333333
0 0.5796875 0.30795306084359836 0.0375 0.05416666666666667
0 0.4055989583333333 0.7140625 0.04843749999999995 0.04791666666666667
0 0.9067422326589595 0.19259995183044318 0.0453125 0.04791666666666667
0 0.7851577310426541 0.15156200631911532 0.0421875 0.04583333333333333
0 0.9004569575471699 0.0745872641509434 0.0390625 0.043750000000000004
0 0.5219866071428572 0.640625 0.034375 0.04583333333333333
0 0.51953125 0.03125 0.0390625 0.04583333333333333
0 0.9463304924242426 0.9835753367003367 0.034611742424242385 0.03284932659932664
0 0.9815504807692307 0.13493589743589746 0.03545673076923084 0.051602564102564114
0 0.17921875 0.018541666666666668 0.03343750000000001 0.037083333333333336
