0 0.103125 0.24166666666666667 0.021875 0.029166666666666667
0 0.066796875 0.5229166666666667 0.034375 0.03958333333333333
0 0.1432041266025641 0.3438000801282051 0.034375 0.04583333333333333
0 0.45875000000000005 0.43354166666666666 0.0296875 0.04375
0 0.09977678571428572 0.45267857142857143 0.028125 0.041666666666666664
0 0.19197252516778524 0.7335244220730798 0.03281250000000002 0.04583333333333333
0 0.2869696100917431 0.6945384174311927 0.0375 0.05416666666666667
0 0.42610452586206893 0.630603448275862 0.0328125 0.041666666666666664
0 0.3736049107142857 0.7842261904761905 0.034375 0.03958333333333333
0 0.5093568313953488 0.8835836563307493 0.0359375 0.04791666666666667
0 0.4515625 0.872775900900901 0.04375 0.052083333333333336
0 0.7640625 0.9006380890052357 0.0375 0.04375
0 0.7130944293478261 0.8253962862318841 0.034375 0.058333333333333334
0 0.9732319078947368 0.815296052631579 0.0390625 0.04375
2 0.809375 0.6110431235431235 0.03125 0.04583333333333333
0 0.9732363197424891 0.8025885193133048 0.046875 0.052083333333333336
0 0.925 0.7416666666666667 0.040625 0.05
0 0.9170656834719335 0.9334957553707554 0.0390625 0.03958333333333333
0 0.5945007621951219 0.44171747967479674 0.0390625 0.06041666666666667
0 0.39651041666666664 0.47333333333333333 0.0421875 0.058333333333333334
0 0.6346354166666667 0.7381944444444444 0.0390625 0.058333333333333334
0 0.47934170081967215 0.7479166666666667 0.0421875 0.04583333333333333
0 0.45102678571428567 0.5627380952380953 0.04375 0.06249999999999994
0 0.4424545094936708 0.490835970464135 0.0328125 0.04375
0 0.44026988636363634 0.3931818181818182 0.0421875 0.058333333333333334
0 0.31328125 0.3572916666666667 0.0328125 0.04375
0 0.32503125 0.298875 0.03125 0.04375
0 0.40023251488095235 0.256671626984127 0.0375 0.0479166666666667
0 0.4499508647798742 0.2604101153039832 0.028125 0.039583333333333304
0 0.49527138157894746 0.015734649122807018 0.028207236842105222 0.031469298245614036
0 0.3537876773049645 0.020958924349881794 0.038825354609929086 0.03775118203309692
0 0.69609375 0.23828828828828827 0.0390625 0.05
0 0.5678571428571428 0.27299107142857143 0.0265625 0.0458333333333333
0 0.5796875 0.3085223030981709 0.0375 0.05416666666666667
0 0.5118389423076923 0.6294070512820513 0.0484375 0.04791666666666667
0 0.99609375 0.125 0.0078125 0.03333333333333333
0 0.9053648843930636 0.1940691233140655 0.0453125 0.04791666666666667
0 0.7847963566350711 0.1516824644549763 0.04218749999999991 0.045833333333333316
0 0.8942792338709677 0.07765456989247312 0.0390625 0.04375
0 0.6223011363636364 0.6148674242424242 0.034375 0.04583333333333333
0 0.51953125 0.03125 0.0390625 0.04583333333333333
0 0.9417001856435643 0.9865820957095709 0.02807858910891099 0.02683580858085814
