0 0.103125 0.24166666666666667 0.021875 0.029166666666666667
0 0.0708431603773585 0.518808962264151 0.034375 0.03958333333333333
0 0.14341446314102563 0.34337940705128206 0.034375 0.04583333333333333
0 0.5160773026315789 0.4650767543859649 0.0296875 0.04375
0 0.0625 0.3868055555555555 0.028125 0.041666666666666664
0 0.19241296140939598 0.733132923191648 0.03281250000000002 0.04583333333333333
0 0.289377866972477 0.6927322247706422 0.0375 0.05416666666666667
0 0.4384300595238095 0.6123015873015873 0.0328125 0.041666666666666664
0 0.3771205357142857 0.7811011904761905 0.034375 0.03958333333333333
0 0.5139353197674419 0.8788355943152454 0.0359375 0.04791666666666667
0 0.45345643939393937 0.8466224747474748 0.04375 0.052083333333333336
0 0.7640625 0.9001799738219896 0.0375 0.04375
0 0.7138077445652173 0.825871829710145 0.034375 0.058333333333333334
0 0.9727678571428571 0.7413690476190475 0.03125 0.05
2 0.809375 0.608289627039627 0.03125 0.04583333333333333
0 0.9734375 0.8027777777777777 0.046875 0.052083333333333336
0 0.925 0.7416666666666667 0.040625 0.05
0 0.9172021179833679 0.9333138426888428 0.0390625 0.03958333333333333
0 0.5951410060975609 0.440650406504065 0.0390625 0.06041666666666667
0 0.3621783088235294 0.502328431372549 0.0421875 0.058333333333333334
0 0.6333096590909091 0.7535037878787879 0.0390625 0.058333333333333334
0 0.48046875 0.746952736318408 0.0421875 0.04583333333333333
0 0.4538030660377358 0.5610062893081761 0.04375 0.06249999999999994
0 0.4432852056962025 0.48825158227848103 0.0328125 0.04375
0 0.429296875 0.3703125 0.0421875 0.058333333333333334
0 0.31328125 0.3572916666666667 0.0328125 0.04375
0 0.32634375000000004 0.295375 0.03125 0.04375
0 0.4006231398809524 0.2556299603174603 0.0375 0.0479166666666667
0 0.45407822327044023 0.26096042976939204 0.028125 0.03958333333333333
0 0.35360150709219856 0.02033835697399527 0.03845301418439715 0.03651004728132388
0 0.69609375 0.24538288288288287 0.0390625 0.04999999999999997
0 0.5713169642857143 0.27291666666666664 0.0265625 0.04583333333333333
0 0.5796875 0.3081303658081374 0.0375 0.05416666666666667
0 0.4377604166666667 0.684375 0.0484375 0.04791666666666667
0 0.9063132225433526 0.1930575626204239 0.0453125 0.04791666666666667
0 0.7850451718009479 0.1515995260663507 0.0421875 0.045833333333333316
0 0.898216391509434 0.07533411949685534 0.0390625 0.04374999999999999
0 0.5569754464285714 0.6307291666666667 0.034375 0.04583333333333333
0 0.51953125 0.03125 0.0390625 0.04583333333333333
0 0.94453125 0.984375 0.0328125 0.03125
0 0.9530539772727273 0.08333333333333333 0.04161931818181817 0.046590909090909086
0 0.18359375 0.011458333333333333 0.0328125 0.022916666666666665
