0 0.103125 0.24166666666666667 0.021875 0.029166666666666667
0 0.13163325471698112 0.47604166666666664 0.034375 0.03958333333333333
0 0.18525528169014085 0.30933098591549296 0.034375 0.04583333333333333
0 0.20924479166666665 0.7327256944444444 0.03281249999999998 0.04583333333333333
0 0.3703947368421053 0.6411732456140352 0.0375 0.059100877192982536
0 0.583129222972973 0.264695945945946 0.0328125 0.0416666666666667
0 0.49378472222222225 0.686412037037037 0.034375 0.03958333333333333
0 0.485546875 0.29201388888888885 0.04375 0.0520833333333333
0 0.8421474358974359 0.8852297008547009 0.0375 0.04375
0 0.715625 0.8270833333333333 0.034375 0.058333333333333334
2 0.8296875 0.5375 0.03125 0.04583333333333333
0 0.925 0.7416666666666667 0.040625 0.05
0 0.95546875 0.88125 0.0390625 0.04583333333333333
0 0.6032366071428571 0.4197916666666667 0.0390625 0.06041666666666667
0 0.5343039772727274 0.7560606060606061 0.04815340909090908 0.05416666666666667
0 0.5361979166666667 0.6680555555555556 0.0421875 0.04583333333333333
0 0.4296875 0.5319799270072992 0.04375 0.0625
0 0.43984375 0.4510416666666667 0.0328125 0.04375
0 0.41962053571428576 0.27785714285714286 0.03790178571428573 0.055476190476190484
0 0.32265625 0.334375 0.0328125 0.04375
0 0.33402777777777776 0.2394675925925926 0.03125 0.04375
0 0.4046875 0.234375 0.0375 0.04791666666666667
0 0.4671875 0.278125 0.028125 0.03958333333333333
0 0.83515625 0.3658653846153846 0.0390625 0.05
0 0.63984375 0.2125 0.0296875 0.04583333333333333
0 0.58125 0.2986674174174174 0.0375 0.05416666666666667
0 0.9082386363636363 0.19086174242424242 0.0453125 0.04791666666666667
0 0.78984375 0.15 0.0421875 0.04583333333333333
0 0.51953125 0.03125 0.0390625 0.04583333333333333
0 0.30109375 0.3827083333333333 0.0421875 0.05625
0 0.33113425925925927 0.1553240740740741 0.040625 0.05
0 0.99453125 0.35 0.0109375 0.04583333333333333
0 0.91328125 0.984375 0.0359375 0.03125
0 0.27083333333333337 0.3420138888888889 0.034375 0.04375
0 0.7431640625 0.58125 0.03125 0.04375
0 0.2501201923076923 0.48629807692307697 0.034375 0.04791666666666667
0 0.8245163690476189 0.886359126984127 0.0328125 0.03958333333333333
0 0.9191964285714287 0.9773809523809525 0.0375 0.035416666666666666
0 0.9044270833333334 0.3611111111111111 0.0359375 0.04583333333333333
0 0.2944791666666667 0.1875 0.03125 0.041666666666666664
