0 0.103125 0.24166666666666667 0.021875 0.029166666666666667
0 0.071875 0.5255059523809523 0.034375 0.03958333333333333
0 0.1440154246794872 0.342177483974359 0.034375 0.04583333333333333
0 0.669921875 0.5462890625 0.0296875 0.04375
0 0.19367135067114094 0.7320143549589858 0.0328125 0.04583333333333333
0 0.29625860091743117 0.6875716743119267 0.0375 0.05416666666666667
0 0.44734375000000004 0.5279166666666666 0.0328125 0.04166666666666661
0 0.3964978448275862 0.7787715517241379 0.034375 0.03958333333333333
0 0.5210243055555556 0.8659490740740741 0.0359375 0.04791666666666667
0 0.4507978723404255 0.7852615248226951 0.04375 0.052083333333333336
0 0.7639608739837398 0.8985518292682927 0.0375 0.04375
0 0.715625 0.8270833333333333 0.034375 0.058333333333333334
0 0.9 0.8625 0.0390625 0.05416666666666667
2 0.809375 0.6004224941724943 0.03125 0.04583333333333333
0 0.9734375 0.7993055555555556 0.046875 0.052083333333333336
0 0.925 0.7416666666666667 0.040625 0.05
0 0.9175919308731808 0.9327940921690921 0.0390625 0.03958333333333333
0 0.5969702743902439 0.4376016260162602 0.0390625 0.06041666666666667
0 0.22518028846153845 0.5653846153846154 0.0421875 0.058333333333333334
0 0.59765625 0.8125 0.0390625 0.058333333333333334
0 0.482308703271028 0.7421534267912773 0.0421875 0.04583333333333333
0 0.42255208333333333 0.5610069444444445 0.04375 0.06250000000000006
0 0.4448361280487805 0.47898882113821134 0.0328125 0.04375
0 0.4190625 0.3466666666666667 0.0421875 0.058333333333333334
0 0.3125285823170732 0.3562881097560976 0.0328125 0.04375
0 0.3308145491803279 0.29183743169398907 0.03125 0.04375
0 0.4016277472527473 0.2526900183150183 0.03750000000000005 0.04791666666666667
0 0.4592127732240437 0.26145833333333335 0.028125 0.03958333333333333
0 0.35306959219858153 0.018565307328605205 0.03738918439716312 0.03296394799054374
0 0.6984895833333333 0.2723611111111111 0.0390625 0.04999999999999997
0 0.58046875 0.2708333333333333 0.0265625 0.04583333333333333
0 0.5796875 0.30701054497946995 0.0375 0.05416666666666667
0 0.2761101973684211 0.8637609649122807 0.0484375 0.04791666666666667
0 0.9082147606382979 0.19011968085106382 0.0453125 0.04791666666666667
0 0.7857560722748815 0.15136255924170616 0.0421875 0.04583333333333335
0 0.9046602470930232 0.06984011627906977 0.0390625 0.04375
0 0.3715625 0.74625 0.034375 0.04583333333333333
0 0.51953125 0.03125 0.0390625 0.04583333333333333
0 0.9536372950819672 0.9790129781420764 0.04200819672131147 0.0410177595628415
0 0.6609375 0.05347222222222222 0.034375 0.05
0 0.14453125 0.04583333333333333 0.0421875 0.05625
0 0.02291666666666666 0.9427083333333334 0.03125 0.05625
