0 0.103125 0.24166666666666667 0.021875 0.029166666666666667
0 0.071875 0.5197916666666667 0.034375 0.03958333333333333
0 0.14377504006410255 0.3426582532051282 0.034375 0.04583333333333333
0 0.61328125 0.5242559523809525 0.0296875 0.04375000000000006
0 0.01015625 0.295 0.0203125 0.0375
0 0.19316799496644296 0.7324617822520507 0.03281250000000002 0.04583333333333333
0 0.29350630733944955 0.6896358944954127 0.0375 0.05416666666666667
0 0.4505408653846154 0.5576923076923077 0.0328125 0.041666666666666664
0 0.3805208333333333 0.7782638888888889 0.034375 0.03958333333333333
0 0.5217841569767442 0.8706960594315246 0.0359375 0.04791666666666667
0 0.4518688725490196 0.8095383986928104 0.04375 0.052083333333333336
0 0.7640625 0.8993946335078534 0.0375 0.04375
0 0.7150305706521739 0.8266870471014492 0.034375 0.058333333333333334
0 0.88828125 0.7760416666666666 0.0390625 0.041666666666666664
2 0.809375 0.6035693473193473 0.03125 0.04583333333333333
0 0.9734375 0.8006944444444444 0.046875 0.052083333333333336
0 0.925 0.7416666666666667 0.040625 0.05
0 0.9174360057172557 0.9330019923769923 0.0390625 0.03958333333333333
0 0.5962385670731707 0.4388211382113821 0.0390625 0.06041666666666667
0 0.28046875 0.5125 0.0421875 0.058333333333333334
0 0.6167812500000001 0.7884166666666667 0.0390625 0.058333333333333334
0 0.4812573014018692 0.744256230529595 0.0421875 0.04583333333333333
0 0.43191406250000003 0.5652604166666666 0.04375 0.0625
0 0.44453125 0.48354166666666665 0.0328125 0.04375
0 0.415625 0.35451388888888885 0.0421875 0.058333333333333334
0 0.3129858993902439 0.3568978658536585 0.0328125 0.04375
0 0.3359987745098039 0.29397467320261433 0.03125 0.04375
0 0.40129278273809527 0.25384424603174605 0.0375 0.04791666666666667
0 0.45839310109289616 0.26145833333333335 0.028125 0.03958333333333333
0 0.3532823581560284 0.019274527186761228 0.037814716312056754 0.03438238770685579
0 0.69765625 0.2651268115942029 0.0390625 0.05000000000000003
0 0.57734375 0.27291666666666664 0.0265625 0.04583333333333333
0 0.5796875 0.3074584733109369 0.0375 0.05416666666666667
0 0.35015625 0.7772222222222223 0.0484375 0.04791666666666667
0 0.9079389450867051 0.19132345857418112 0.0453125 0.04791666666666667
0 0.7854717120853081 0.151457345971564 0.042187500000000086 0.04583333333333333
0 0.9033521075581395 0.07216569767441859 0.0390625 0.04374999999999999
0 0.4398689516129032 0.7092069892473118 0.034375 0.04583333333333333
0 0.51953125 0.03125 0.0390625 0.04583333333333333
0 0.9513494318181817 0.9813446969696968 0.039630681818181836 0.037310606060606114
0 0.69296875 0.016666666666666666 0.0359375 0.03333333333333333
0 0.159375 0.026041666666666668 0.0375 0.04791666666666667
