0 0.103125 0.24166666666666667 0.021875 0.029166666666666667
0 0.13408203125 0.47096354166666665 0.034375 0.03958333333333333
0 0.1875 0.30833333333333335 0.034375 0.04583333333333333
0 0.21352163461538462 0.7383814102564102 0.0328125 0.04583333333333333
0 0.3715460526315789 0.6415570175438596 0.0375 0.055263157894736875
0 0.5849028716216216 0.2682432432432432 0.0328125 0.04166666666666664
0 0.4952430555555556 0.6844675925925926 0.034375 0.03958333333333333
0 0.4896484375 0.2774305555555555 0.04375 0.0520833333333333
0 0.8379407051282051 0.8874732905982906 0.0375 0.04375
0 0.715625 0.8270833333333333 0.034375 0.058333333333333334
2 0.8296875 0.5375 0.03125 0.04583333333333333
0 0.925 0.7416666666666667 0.040625 0.05
0 0.95546875 0.88125 0.0390625 0.04583333333333333
0 0.603597184065934 0.4197916666666667 0.0390625 0.06041666666666667
0 0.5326450892857143 0.7520089285714285 0.0453125 0.05416666666666667
0 0.53828125 0.6645833333333333 0.0421875 0.04583333333333333
0 0.4303385416666667 0.5303819444444444 0.04375 0.06249999999999994
0 0.43984375 0.4510416666666667 0.0328125 0.04375
0 0.42421875 0.2791666666666667 0.0359375 0.05416666666666667
0 0.32265625 0.334375 0.0328125 0.04375
0 0.3325694444444444 0.2346064814814815 0.03125 0.04375
0 0.4046875 0.234375 0.0375 0.04791666666666667
0 0.468125 0.278125 0.028125 0.03958333333333333
0 0.8383613782051282 0.36773504273504276 0.0390625 0.05
0 0.63984375 0.2125 0.0296875 0.04583333333333333
0 0.58125 0.2982732732732733 0.0375 0.05416666666666667
0 0.9084250710227273 0.19073745265151515 0.0453125 0.04791666666666667
0 0.78984375 0.15 0.0421875 0.04583333333333333
0 0.51953125 0.03125 0.0390625 0.04583333333333333
0 0.30688920454545454 0.38390151515151516 0.0421875 0.05625
0 0.3339543269230769 0.1515224358974359 0.040625 0.04999999999999998
0 0.99453125 0.35 0.0109375 0.04583333333333333
0 0.91328125 0.984375 0.0359375 0.03125
0 0.256953125 0.38177083333333334 0.034375 0.04375
0 0.7358870967741935 0.5751008064516129 0.03125 0.04375
0 0.24292279411764706 0.5234681372549019 0.034375 0.04791666666666667
0 0.8301562499999999 0.8852083333333333 0.0328125 0.03958333333333333
0 0.937109375 0.9536458333333333 0.0296875 0.03958333333333333
0 0.87265625 0.2675 0.0359375 0.04583333333333333
0 0.2888980263157895 0.22412280701754386 0.03125 0.041666666666666664
