0 0.103125 0.24166666666666667 0.021875 0.029166666666666667
0 0.071875 0.5201488095238095 0.034375 0.03958333333333333
0 0.1437900641025641 0.34262820512820513 0.034375 0.04583333333333333
0 0.6176011029411764 0.5260416666666666 0.0296875 0.04375
0 0.01015625 0.289375 0.0203125 0.0375
0 0.19319945469798658 0.7324338180462341 0.0328125 0.04583333333333333
0 0.2936783256880734 0.689506880733945 0.0375 0.05416666666666667
0 0.4498197115384615 0.5557692307692308 0.0328125 0.041666666666666664
0 0.38177083333333334 0.7784722222222222 0.034375 0.03958333333333333
0 0.5221111918604652 0.8703569121447028 0.0359375 0.04791666666666667
0 0.4516850490196078 0.8081903594771241 0.04375 0.052083333333333336
0 0.7640625 0.8993619109947644 0.0375 0.04375
0 0.7150815217391304 0.8267210144927536 0.034375 0.058333333333333334
0 0.8865234375 0.7834635416666667 0.0390625 0.041666666666666664
2 0.809375 0.603372668997669 0.03125 0.04583333333333333
0 0.9734375 0.800607638888889 0.046875 0.052083333333333336
0 0.925 0.7416666666666667 0.040625 0.05
0 0.917445751039501 0.9329889986139986 0.0390625 0.03958333333333333
0 0.5962842987804878 0.43874491869918697 0.0390625 0.06041666666666667
0 0.27794471153846156 0.5206730769230768 0.0421875 0.05833333333333327
0 0.61640625 0.7901442307692308 0.0390625 0.058333333333333334
0 0.4813230140186916 0.7441248052959502 0.0421875 0.04583333333333333
0 0.43109374999999994 0.5647916666666667 0.04375 0.0625
0 0.44453125 0.4832638888888889 0.0328125 0.04375
0 0.41484375 0.3541666666666667 0.0421875 0.058333333333333334
0 0.3129573170731707 0.35685975609756093 0.0328125 0.04375
0 0.33553921568627454 0.29385212418300655 0.03125 0.04375
0 0.4013206845238095 0.25376984126984126 0.03749999999999996 0.047916666666666635
0 0.4584443306010929 0.26145833333333335 0.028125 0.03958333333333333
0 0.353269060283688 0.01923020094562648 0.037788120567375884 0.03429373522458629
0 0.69765625 0.26567028985507246 0.0390625 0.05
0 0.5775390625 0.2727864583333333 0.0265625 0.04583333333333333
0 0.5796875 0.3074304777902202 0.0375 0.05416666666666667
0 0.34421875 0.783125 0.0484375 0.04791666666666667
0 0.9080066835260115 0.191251204238921 0.0453125 0.04791666666666667
0 0.7854894845971565 0.15145142180094787 0.042187500000000086 0.04583333333333335
0 0.9034338662790697 0.0720203488372093 0.0390625 0.04375
0 0.4350302419354839 0.7102150537634409 0.034375 0.04583333333333333
0 0.51953125 0.03125 0.0390625 0.04583333333333333
0 0.9516335227272726 0.9812184343434344 0.03991477272727284 0.03756313131313126
0 0.9890625 0.328125 0.021875 0.05416666666666667
0 0.696484375 0.022395833333333334 0.03984375 0.04479166666666667
0 0.159375 0.027083333333333334 0.0375 0.04791666666666667
