0 0.103125 0.24166666666666667 0.021875 0.029166666666666667
0 0.1015625 0.571875 0.034375 0.03958333333333333
0 0.1439043972332016 0.3199110671936759 0.034375 0.04583333333333333
0 0.19359463152327222 0.7302773859896569 0.0328125 0.04583333333333333
0 0.32493912337662334 0.6626623376623377 0.0375 0.05416666666666667
0 0.4544450431034483 0.2149425287356322 0.0328125 0.041666666666666664
0 0.45472146739130437 0.723233695652174 0.034375 0.03958333333333333
0 0.44259259259259254 0.5166280864197531 0.04375 0.05208333333333327
0 0.7832435344827585 0.8301604406130267 0.03749999999999991 0.04375
0 0.715625 0.8270833333333333 0.034375 0.058333333333333334
2 0.8075431034482758 0.5711925287356322 0.03124999999999991 0.04583333333333333
0 0.925 0.7416666666666667 0.040625 0.05
0 0.9270567602040817 0.9026289682539682 0.0390625 0.03958333333333333
0 0.60234375 0.42987431129476583 0.0390625 0.06041666666666667
0 0.6344476744186046 0.5437015503875969 0.046875 0.05416666666666667
0 0.5059244791666667 0.7045572916666667 0.0421875 0.04583333333333333
0 0.41540798611111107 0.5449363425925926 0.043749999999999956 0.0625
0 0.44114091981132075 0.47344732704402515 0.0328125 0.04375
0 0.43203125 0.29583333333333334 0.0421875 0.058333333333333334
0 0.3144845545977012 0.34759339080459767 0.0328125 0.04375
0 0.32052436440677967 0.2811264124293785 0.03125 0.04375000000000003
0 0.40359428327645047 0.24020548919226395 0.03749999999999996 0.04791666666666667
0 0.4664301658163265 0.25939625850340137 0.028125 0.03958333333333333
0 0.35078125 0.007291666666666667 0.021875 0.014583333333333334
0 0.75053125 0.3016666666666667 0.0390625 0.05
0 0.6101222826086956 0.24239130434782608 0.0296875 0.04583333333333333
0 0.5796875 0.30212066069428894 0.0375 0.05416666666666667
0 0.9083333333333334 0.18761574074074075 0.0453125 0.04791666666666667
0 0.7888603376777251 0.15032780410742497 0.0421875 0.04583333333333333
0 0.9343019334532373 0.027180755395683452 0.0390625 0.04375
0 0.51953125 0.03125 0.0390625 0.04583333333333333
0 0.17063802083333332 0.17960069444444443 0.0421875 0.05625
0 0.5057291666666667 0.8607638888888889 0.046875 0.05
0 0.25526315789473686 0.18585526315789475 0.040625 0.05
0 0.034375 0.39125000000000004 0.04375 0.05416666666666667
0 0.9942708333333332 0.34780092592592593 0.011458333333333393 0.04606481481481482
0 0.5658380681818181 0.9084280303030303 0.0453125 0.052083333333333336
0 0.9113817401960784 0.984375 0.0359375 0.03125
0 0.34817708333333336 0.2484375 0.0375 0.047569444444444435
0 0.8357730263157895 0.9065241228070176 0.03125 0.04375
0 0.18872767857142855 0.4373511904761905 0.034374999999999975 0.03958333333333333
0 0.989084201388889 0.911400462962963 0.021831597222222145 0.03530092592592595
0 0.97578125 0.9166666666666666 0.03125 0.0375
