0 0.103125 0.24166666666666667 0.021875 0.029166666666666667
0 0.0640625 0.538296568627451 0.034375 0.03958333333333333
0 0.14283854166666668 0.34453125 0.034375 0.04583333333333333
0 0.3702524038461538 0.3544070512820513 0.0296875 0.04375
0 0.14375 0.5794871794871794 0.028125 0.041666666666666664
0 0.19120700503355703 0.734204884414616 0.03281249999999998 0.04583333333333333
0 0.28278383027522935 0.697677752293578 0.0375 0.05416666666666667
0 0.41429869186046514 0.6577519379844962 0.03281250000000004 0.041666666666666664
0 0.3716796875 0.7793526785714285 0.034375 0.03958333333333333
0 0.50859375 0.8946354166666667 0.0359375 0.04791666666666667
0 0.44535714285714284 0.9088392857142857 0.04375 0.052083333333333336
0 0.7669226694915254 0.8997704802259887 0.0375 0.04375
0 0.7135602678571429 0.8259424603174603 0.034375 0.058333333333333334
0 0.8763764880952382 0.8881448412698413 0.0390625 0.04375
2 0.8096265889830508 0.6152542372881357 0.03125 0.04583333333333333
0 0.9727467811158798 0.8012830829756795 0.046875 0.052083333333333336
0 0.925 0.7416666666666667 0.040625 0.05
0 0.9168285472972973 0.933811936936937 0.0390625 0.03958333333333333
0 0.84921875 0.05625 0.0328125 0.041666666666666664
0 0.5933879573170732 0.4435721544715447 0.0390625 0.06041666666666667
0 0.45904017857142854 0.49375 0.0421875 0.051190476190476154
0 0.6203933189655173 0.6929597701149426 0.0390625 0.058333333333333334
0 0.47421875 0.7501453488372093 0.0421875 0.04583333333333333
0 0.42645833333333333 0.5645833333333333 0.04375 0.0625
0 0.44101068037974683 0.49532788326300986 0.0328125 0.04375
0 0.42867353723404256 0.4008421985815603 0.0421875 0.058333333333333334
0 0.31328125 0.3572916666666667 0.0328125 0.04375
0 0.315625 0.30775462962962963 0.03125 0.04375
0 0.39873595505617976 0.2589770599250937 0.0375 0.0479166666666667
0 0.4427771226415095 0.25945361635220127 0.028125 0.039583333333333366
0 0.45622519841269843 0.041220238095238095 0.034375 0.04791666666666667
0 0.35411125886524825 0.022037529550827425 0.03947251773049647 0.039908392434988185
0 0.6946106991525424 0.23442796610169492 0.0390625 0.05
0 0.562594696969697 0.2761994949494949 0.0265625 0.0458333333333333
0 0.5796875 0.3092035274356103 0.0375 0.05416666666666667
0 0.6290451388888889 0.5369675925925926 0.0484375 0.047916666666666725
0 0.9808388157894736 0.1630482456140351 0.03585526315789469 0.041228070175438614
0 0.9037165823699421 0.1958273121387283 0.0453125 0.04791666666666667
0 0.7843638921800947 0.15182661927330174 0.04218749999999991 0.04583333333333333
0 0.8887547348484848 0.0819760101010101 0.0390625 0.043750000000000004
0 0.7460069444444445 0.5728587962962963 0.034375 0.04583333333333333
0 0.51953125 0.03125 0.0390625 0.04583333333333333
0 0.929842202970297 0.9895936468646865 0.026949257425742522 0.020812706270627028
