0 0.103125 0.24166666666666667 0.021875 0.029166666666666667
0 0.09736842105263158 0.5443530701754385 0.03437499999999999 0.03958333333333333
0 0.14783843873517785 0.31916172595520426 0.034375 0.04583333333333333
0 0.19419627115655852 0.730009990597085 0.0328125 0.04583333333333333
0 0.33092105263157895 0.6571271929824561 0.0375 0.05416666666666667
0 0.49921875 0.16510416666666666 0.0328125 0.041666666666666664
0 0.46149364406779664 0.7212747175141243 0.034375 0.03958333333333333
0 0.4439867424242424 0.48500631313131315 0.04375 0.052083333333333336
0 0.8022418478260869 0.8292119565217392 0.0375 0.04375
0 0.715625 0.8270833333333333 0.034375 0.058333333333333334
2 0.8099946120689655 0.5679238505747127 0.03125 0.04583333333333333
0 0.925 0.7416666666666667 0.040625 0.05
0 0.9285076530612244 0.8981150793650793 0.0390625 0.03958333333333333
0 0.60234375 0.42799414600550967 0.0390625 0.06041666666666667
0 0.6770432692307693 0.6011217948717948 0.046875 0.05416666666666667
0 0.5139547413793103 0.7011853448275862 0.0421875 0.04583333333333333
0 0.4162109375 0.54765625 0.04375 0.0625
0 0.44001736111111106 0.465162037037037 0.0328125 0.04375
0 0.42038352272727275 0.29696969696969694 0.042187500000000044 0.058333333333333334
0 0.3169369103773585 0.34501441299790353 0.0328125 0.04375
0 0.3260957792207792 0.27614989177489174 0.03125 0.04375
0 0.40407956484641633 0.23761732081911263 0.03749999999999996 0.04791666666666667
0 0.4686065051020408 0.2613307823129252 0.028125 0.039583333333333366
0 0.35244140625 0.008203125 0.0201171875 0.01640625
0 0.7594566231343284 0.3173507462686567 0.0390625 0.05
0 0.61328125 0.23742559523809523 0.0296875 0.04583333333333333
0 0.5805064006024097 0.2988077309236948 0.0375 0.05416666666666667
0 0.9068522135416666 0.1902488425925926 0.0453125 0.04791666666666667
0 0.7893994372037915 0.15014810426540284 0.0421875 0.04583333333333335
0 0.9373707284172662 0.02308902877697842 0.0390625 0.04375
0 0.51953125 0.03125 0.0390625 0.04583333333333333
0 0.19215029761904762 0.24330357142857142 0.0421875 0.056249999999999974
0 0.5966032608695653 0.8780797101449275 0.046875 0.05
0 0.29640625 0.21989583333333332 0.040625 0.05
0 0.99453125 0.35 0.0109375 0.04583333333333333
0 0.7232077205882353 0.7893995098039216 0.0453125 0.052083333333333336
0 0.9117302389705882 0.984375 0.0359375 0.03125
0 0.29097222222222224 0.3722222222222222 0.0375 0.04583333333333333
0 0.8292067307692308 0.8670673076923077 0.03125 0.04375
0 0.2967708333333333 0.36645833333333333 0.034375 0.03958333333333333
