0 0.103125 0.24166666666666667 0.021875 0.029166666666666667
0 0.10896739130434782 0.5334390096618358 0.034375 0.039583333333333394
0 0.16792279411764705 0.31875 0.034375 0.04583333333333333
0 0.19526732193229904 0.7295339680300894 0.03281250000000002 0.04583333333333333
0 0.34476902173913043 0.6492300724637681 0.0375 0.05416666666666667
0 0.55234375 0.17708333333333334 0.0328125 0.041666666666666664
0 0.4711348684210527 0.7113852339181287 0.034375 0.03958333333333333
0 0.44717060810810805 0.439893018018018 0.04375 0.052083333333333336
0 0.8229658018867925 0.8528105345911949 0.0375 0.04375
0 0.715625 0.8270833333333333 0.034375 0.058333333333333334
2 0.8190234375 0.5559895833333334 0.03125 0.04583333333333333
0 0.925 0.7416666666666667 0.040625 0.05
0 0.9357672275641026 0.894130608974359 0.0390625 0.04507211538461533
0 0.60234375 0.42464703856749314 0.0390625 0.06041666666666667
0 0.663525390625 0.7303385416666667 0.03662109375 0.05416666666666667
0 0.5186964897260273 0.6916666666666667 0.0421875 0.04583333333333333
0 0.42222039473684214 0.5381359649122807 0.04375 0.0625
0 0.44140625 0.4470816115702479 0.0328125 0.04375
0 0.4365920608108108 0.2932432432432432 0.0421875 0.058333333333333307
0 0.32025390625 0.34078125 0.0328125 0.04375
0 0.3288392857142857 0.2687797619047619 0.03125 0.04374999999999997
0 0.4046875 0.234375 0.0375 0.04791666666666667
0 0.46723602484472054 0.26751423395445134 0.028125 0.039583333333333304
0 0.7735491071428571 0.3218377976190476 0.0390625 0.05
0 0.6251618806306307 0.22882882882882882 0.0296875 0.04583333333333333
0 0.58125 0.29859264184397166 0.0375 0.05416666666666667
0 0.9056906960227273 0.1925603693181818 0.0453125 0.04791666666666667
0 0.78984375 0.15 0.0421875 0.04583333333333333
0 0.9534711234177216 0.018473101265822786 0.03736155063291147 0.03694620253164557
0 0.51953125 0.03125 0.0390625 0.04583333333333333
0 0.2671354166666667 0.2565972222222222 0.0421875 0.056249999999999974
0 0.3166360294117647 0.19166666666666668 0.040625 0.05
0 0.99453125 0.35 0.0109375 0.04583333333333333
0 0.8650390625 0.8953125 0.0453125 0.052083333333333336
0 0.9123506433823529 0.984375 0.0359375 0.03125
0 0.12250000000000001 0.16666666666666666 0.0375 0.04583333333333333
0 0.803485576923077 0.7744391025641025 0.03125000000000009 0.04375
0 0.448046875 0.28958333333333336 0.034375 0.04791666666666667
0 0.6888980263157894 0.20317982456140352 0.028125 0.041666666666666664
0 0.9197991071428572 0.9272321428571428 0.0328125 0.03958333333333333
0 0.22421875 0.9443749999999999 0.029062500000000036 0.03291666666666669
