0 0.103125 0.24166666666666667 0.021875 0.029166666666666667
0 0.11413043478260869 0.5277022946859904 0.034375 0.03958333333333333
0 0.1734375 0.31875 0.034375 0.04583333333333333
0 0.19551855606488014 0.7294223084156088 0.03281250000000002 0.04583333333333333
0 0.3482110507246377 0.6475090579710144 0.0375 0.05416666666666667
0 0.5696428571428571 0.17760416666666667 0.0328125 0.041666666666666664
0 0.4746394230769231 0.7063301282051282 0.034375 0.03958333333333333
0 0.4514830508474576 0.4257944915254237 0.04375 0.052083333333333336
0 0.8350754310344828 0.8518318965517241 0.0375 0.04375
0 0.715625 0.8270833333333333 0.034375 0.058333333333333334
2 0.8216210937499999 0.553515625 0.03125 0.04583333333333333
0 0.925 0.7416666666666667 0.040625 0.05
0 0.9383380681818181 0.891590909090909 0.0390625 0.04583333333333333
0 0.60234375 0.423861914600551 0.0390625 0.06041666666666667
0 0.6494140625 0.7569444444444444 0.03815104166666661 0.05416666666666667
0 0.519140625 0.6897135416666667 0.0421875 0.04583333333333333
0 0.4247203947368421 0.5389692982456141 0.04375 0.06250000000000006
0 0.44140625 0.4490444214876033 0.0328125 0.04375
0 0.435546875 0.28802083333333334 0.0421875 0.058333333333333334
0 0.320625 0.33979166666666666 0.0328125 0.04375
0 0.33275602409638555 0.26670431726907634 0.03125 0.04375000000000003
0 0.4046875 0.234375 0.0375 0.04791666666666667
0 0.4668138586956522 0.26970108695652173 0.028125 0.03958333333333333
0 0.7816774764150944 0.33573113207547167 0.03906250000000009 0.05
0 0.6279778079710144 0.22666062801932366 0.0296875 0.04583333333333333
0 0.58125 0.299855939716312 0.0375 0.05416666666666667
0 0.9060280539772727 0.19233546401515153 0.0453125 0.04791666666666667
0 0.78984375 0.15 0.0421875 0.04583333333333333
0 0.9570568647540985 0.015488387978142077 0.03588627049180335 0.030976775956284154
0 0.51953125 0.03125 0.0390625 0.04583333333333333
0 0.2887219551282051 0.2592681623931624 0.0421875 0.05625000000000003
0 0.3129934210526316 0.19353070175438597 0.040625 0.05
0 0.99453125 0.35 0.0109375 0.04583333333333333
0 0.8802083333333334 0.9601851851851853 0.0453125 0.052083333333333336
0 0.9124961703431372 0.984375 0.0359375 0.03125
0 0.1265625 0.09226190476190475 0.0375 0.04583333333333333
0 0.7921875 0.7583333333333333 0.03125 0.04375
0 0.4638392857142857 0.36354166666666665 0.034375 0.04791666666666667
0 0.670138888888889 0.3335648148148148 0.028125 0.041666666666666664
0 0.92109375 0.9017361111111111 0.0328125 0.03958333333333333
0 0.15112847222222223 0.936574074074074 0.0296875 0.03333333333333333
