0 0.103125 0.24166666666666667 0.021875 0.029166666666666667
0 0.06538461538461539 0.5338942307692308 0.034375 0.03958333333333333
0 0.1430889423076923 0.34403044871794874 0.034375 0.04583333333333333
0 0.4310369318181818 0.4065340909090909 0.0296875 0.04375
0 0.1171875 0.4867559523809524 0.028125 0.041666666666666664
0 0.19173133389261743 0.7337388143176734 0.03281249999999998 0.04583333333333333
0 0.2856508027522936 0.6955275229357798 0.0375 0.05416666666666667
0 0.4212080792682927 0.6393800813008129 0.0328125 0.041666666666666664
0 0.3760279605263158 0.780921052631579 0.034375 0.03958333333333333
0 0.50859375 0.8868441358024691 0.0359375 0.04791666666666667
0 0.4515625 0.8831362612612613 0.04375 0.052083333333333336
0 0.7640625 0.9008889616055846 0.0375 0.04375
0 0.7127038043478261 0.8251358695652175 0.034375 0.058333333333333334
0 0.9545758928571428 0.8555059523809524 0.0390625 0.04375
2 0.809375 0.6125509906759906 0.03125 0.04583333333333333
0 0.9730820815450644 0.802177217453505 0.046875 0.052083333333333336
0 0.925 0.7416666666666667 0.040625 0.05
0 0.9169909693347194 0.9335953742203742 0.0390625 0.03958333333333333
0 0.5941501524390244 0.4423018292682927 0.0390625 0.06041666666666667
0 0.42421875 0.4421875 0.0421875 0.058333333333333334
0 0.6370028409090909 0.7208333333333333 0.0390625 0.058333333333333334
0 0.47698514344262294 0.7479166666666667 0.0421875 0.04583333333333333
0 0.44794642857142863 0.5641071428571428 0.04375 0.06249999999999994
0 0.4419996044303797 0.4922512306610408 0.0328125 0.04375
0 0.4425390625 0.40057291666666667 0.0421875 0.058333333333333334
0 0.31328125 0.3572916666666667 0.0328125 0.04375
0 0.31984375 0.2966666666666667 0.03125 0.04375
0 0.40001860119047616 0.2572420634920635 0.0375 0.04791666666666667
0 0.44769064465408803 0.26010875262054506 0.028125 0.039583333333333304
0 0.4872271825396825 0.026339285714285714 0.034375 0.04791666666666667
0 0.3538896276595745 0.021298758865248228 0.039029255319148914 0.03843085106382979
0 0.6959348516949152 0.23531073446327685 0.0390625 0.05
0 0.5665736607142857 0.27384672619047623 0.0265625 0.045833333333333365
0 0.5796875 0.30873693542366554 0.0375 0.05416666666666667
0 0.54921875 0.600679347826087 0.0484375 0.04791666666666667
0 0.9917410714285715 0.12068452380952381 0.01651785714285712 0.03720238095238096
0 0.9048455563583815 0.1946230732177264 0.0453125 0.04791666666666667
0 0.7846601007109004 0.1517278830963665 0.0421875 0.04583333333333333
0 0.8925403225806452 0.0792002688172043 0.0390625 0.04375
0 0.6591071428571429 0.5967261904761905 0.034375 0.04583333333333333
0 0.51953125 0.03125 0.0390625 0.04583333333333333
0 0.9767755681818182 0.04337121212121212 0.03792613636363633 0.040530303030303035
0 0.9379641089108912 0.9875309405940593 0.02772277227722757 0.0249381188118812
