0 0.103125 0.24166666666666667 0.021875 0.029166666666666667
0 0.10067434210526316 0.5414144736842105 0.034375 0.03958333333333333
0 0.1515858208955224 0.31822139303482583 0.034375 0.04583333333333333
0 0.19463923660084625 0.7298131170662906 0.0328125 0.04583333333333333
0 0.33631524725274725 0.6535485347985348 0.0375 0.05416666666666667
0 0.5296440972222223 0.16128472222222223 0.0328125 0.041666666666666664
0 0.46314903846153843 0.7183173076923077 0.034375 0.03958333333333333
0 0.446875 0.46979166666666666 0.04375 0.052083333333333336
0 0.8095052083333334 0.8409722222222222 0.03750000000000009 0.04375
0 0.715625 0.8270833333333333 0.034375 0.058333333333333334
2 0.8129700203252032 0.5639566395663956 0.03124999999999991 0.04583333333333333
0 0.925 0.7416666666666667 0.040625 0.05
0 0.9310096153846154 0.8960336538461537 0.0390625 0.04126602564102567
0 0.60234375 0.4266098484848485 0.0390625 0.06041666666666667
0 0.671875 0.6576388888888889 0.046875 0.05416666666666667
0 0.5184671336206896 0.6951688218390805 0.0421875 0.04583333333333333
0 0.417308859223301 0.5455097087378641 0.043750000000000046 0.0625
0 0.4416108630952381 0.4598214285714286 0.0328125 0.04375
0 0.4356770833333333 0.2986111111111111 0.0421875 0.058333333333333334
0 0.3189121462264151 0.34325864779874216 0.0328125 0.04375
0 0.3278453947368421 0.278344298245614 0.03125 0.04375
0 0.4044368600682594 0.23571174630261663 0.0375 0.04791666666666667
0 0.46815799689440996 0.2638263457556936 0.028125 0.039583333333333366
0 0.34955357142857146 0.007291666666666667 0.01875 0.014583333333333334
0 0.7620511968085106 0.3145833333333333 0.0390625 0.05
0 0.6178267045454546 0.23390151515151514 0.0296875 0.04583333333333333
0 0.5811370481927711 0.296285140562249 0.0375 0.05416666666666667
0 0.90576171875 0.1921875 0.0453125 0.04791666666666667
0 0.7897963566350711 0.15001579778830962 0.0421875 0.04583333333333333
0 0.9430366847826088 0.021875 0.0390625 0.04375
0 0.51953125 0.03125 0.0390625 0.04583333333333333
0 0.20789930555555552 0.2677083333333333 0.042187499999999975 0.05625
0 0.623125 0.928125 0.0359375 0.04375
0 0.30950520833333334 0.2052951388888889 0.040625 0.05
0 0.99453125 0.35 0.0109375 0.04583333333333333
0 0.8195963541666667 0.7302083333333333 0.04531249999999991 0.052083333333333336
0 0.911986825980392 0.984375 0.0359375 0.03125
0 0.18377976190476192 0.3014880952380953 0.0375 0.04583333333333333
0 0.8127878289473685 0.8292214912280702 0.03125000000000009 0.04375
0 0.37703804347826086 0.3603713768115942 0.034375 0.04791666666666667
0 0.6792067307692308 0.06891025641025642 0.030528846153846167 0.035256410256410256
0 0.9423930921052632 0.9717105263157895 0.025904605263157875 0.03245614035087717
