0 0.103125 0.24166666666666667 0.021875 0.029166666666666667
0 0.12264300847457628 0.4887535310734463 0.034375 0.03958333333333333
0 0.1775 0.31333333333333335 0.034375 0.04583333333333333
0 0.20187499999999997 0.7321527777777778 0.03281249999999998 0.04583333333333333
0 0.3578125 0.64375 0.0375 0.05416666666666667
0 0.5941236413043478 0.24737318840579714 0.0328125 0.0416666666666667
0 0.4861347087378641 0.693921925566343 0.034375 0.03958333333333333
0 0.4765625 0.3385416666666667 0.04375 0.052083333333333336
0 0.8315911091549296 0.8725938967136151 0.0375 0.04375
0 0.715625 0.8270833333333333 0.034375 0.058333333333333334
2 0.8296875 0.5375 0.03125 0.04583333333333333
0 0.925 0.7416666666666667 0.040625 0.05
0 0.9506879664179104 0.8837997512437811 0.0390625 0.04583333333333333
0 0.60234375 0.42041150137741046 0.0390625 0.06041666666666667
0 0.5707720588235294 0.7767156862745098 0.053125 0.05416666666666667
0 0.5292505296610169 0.6772245762711864 0.0421875 0.04583333333333333
0 0.4296875 0.5357208029197081 0.04375 0.06250000000000006
0 0.4401447821100917 0.45144304281345565 0.0328125 0.04375
0 0.40390625 0.28055555555555556 0.0421875 0.058333333333333307
0 0.322255859375 0.3354427083333333 0.0328125 0.04375
0 0.33182565789473684 0.24808114035087717 0.03125 0.04374999999999997
0 0.4046875 0.234375 0.0375 0.04791666666666667
0 0.465625 0.2772266819571865 0.028125 0.03958333333333333
0 0.8133316532258064 0.35833333333333334 0.0390625 0.05
0 0.63671875 0.2154320987654321 0.0296875 0.04583333333333333
0 0.58125 0.3002064564564565 0.0375 0.05416666666666667
0 0.9075106534090909 0.1913470643939394 0.0453125 0.04791666666666667
0 0.78984375 0.15 0.0421875 0.04583333333333333
0 0.51953125 0.03125 0.0390625 0.04583333333333333
0 0.26864809782608695 0.3435235507246377 0.0421875 0.05625
0 0.3217037671232877 0.17625570776255708 0.040625 0.05
0 0.99453125 0.35 0.0109375 0.04583333333333333
0 0.9131357230392156 0.984375 0.0359375 0.03125
0 0.2790625 0.1684027777777778 0.034375 0.04375
0 0.7606657608695653 0.6265851449275363 0.03125 0.04375
0 0.32864583333333336 0.39826388888888886 0.034375 0.04791666666666667
0 0.6796164772727272 0.8305871212121212 0.028125 0.041666666666666664
0 0.8641335227272726 0.869665404040404 0.0328125 0.03958333333333333
0 0.31037946428571433 0.027455357142857142 0.02991071428571428 0.038541666666666675
