0 0.103125 0.24166666666666667 0.021875 0.029166666666666667
0 0.05538504464285714 0.5338913690476191 0.034374999999999996 0.039583333333333394
0 0.14256810897435895 0.3450721153846154 0.034375 0.04583333333333333
0 0.30126201923076923 0.3180288461538462 0.0296875 0.04375
0 0.22176339285714283 0.6568452380952381 0.0234375 0.0375
0 0.19064072986577182 0.7347082401193139 0.03281250000000002 0.04583333333333333
0 0.2796875 0.7 0.0375 0.05416666666666667
0 0.4012314618644067 0.6793079096045197 0.03281249999999995 0.041666666666666664
0 0.36459263392857144 0.7802083333333333 0.034375 0.03958333333333333
0 0.5102829391891892 0.8853885135135136 0.0359375 0.04791666666666667
0 0.6431250000000001 0.990625 0.0375 0.01875
0 0.4388671875 0.9333333333333333 0.04375 0.052083333333333336
0 0.764875 0.90025 0.0375 0.04375
0 0.7150669642857144 0.827281746031746 0.034375 0.058333333333333334
0 0.83046875 0.8017361111111111 0.0390625 0.04375
2 0.8103416313559322 0.6171610169491526 0.03125 0.04583333333333333
0 0.9723846566523605 0.8003174177396281 0.046875 0.052083333333333336
0 0.925 0.7416666666666667 0.040625 0.05
0 0.9166531314968814 0.9340458246708248 0.0390625 0.03958333333333333
0 0.7688616071428571 0.19464285714285715 0.0328125 0.041666666666666664
0 0.5925647865853658 0.4449441056910569 0.0390625 0.06041666666666667
0 0.482421875 0.56015625 0.0421875 0.05
0 0.58984375 0.6625 0.0390625 0.058333333333333334
0 0.47276988636363637 0.7540151515151515 0.0421875 0.04583333333333333
0 0.4235770089285714 0.5664806547619048 0.04375 0.0625
0 0.4399426424050633 0.49865066807313646 0.0328125 0.04375
0 0.42734375 0.39763888888888893 0.0421875 0.058333333333333334
0 0.31328125 0.3612090455840456 0.0328125 0.04375
0 0.32625000000000004 0.30919642857142854 0.03125 0.04375
0 0.397313904494382 0.26087312734082396 0.03749999999999996 0.047916666666666635
0 0.4391469594594595 0.24991554054054052 0.028125 0.03958333333333333
0 0.43661151960784317 0.06472630718954249 0.034375 0.04791666666666667
0 0.3543506205673759 0.022835401891252955 0.03995124113475179 0.041504137115839244
0 0.6931806144067797 0.23347457627118645 0.0390625 0.05
0 0.5567578125 0.27934895833333334 0.0265625 0.04583333333333333
0 0.5796875 0.30970744680851064 0.0375 0.05416666666666667
0 0.7184895833333333 0.4510416666666667 0.0484375 0.04791666666666667
0 0.96171875 0.19791666666666666 0.0375 0.041666666666666664
0 0.9024972904624278 0.19712789017341042 0.0453125 0.04791666666666667
0 0.7840439869668246 0.15193325434439178 0.0421875 0.045833333333333316
0 0.8846638257575756 0.08470328282828282 0.0390625 0.04375
0 0.8364583333333334 0.5270833333333333 0.034375 0.04583333333333333
0 0.51953125 0.03125 0.0390625 0.04583333333333333
0 0.9253972457627118 0.9916490112994351 0.0257944915254237 0.01670197740112999
