0 0.103125 0.24166666666666667 0.021875 0.029166666666666667
0 0.0724170918367347 0.5516794217687074 0.034375 0.03958333333333333
0 0.14477163461538461 0.3406650641025641 0.034375 0.04583333333333333
0 0.8684375 0.65 0.0296875 0.04375
0 0.1925886824324324 0.73125 0.03281249999999998 0.04583333333333333
0 0.3049948770491803 0.681386612021858 0.0375 0.05416666666666667
0 0.425 0.4505208333333333 0.0328125 0.041666666666666664
0 0.42041223404255323 0.7614583333333333 0.034375 0.03958333333333333
0 0.5375600961538461 0.8555608974358974 0.0359375 0.04791666666666667
0 0.4568239795918367 0.6890518707482993 0.04375 0.052083333333333336
0 0.7573358050847457 0.8983933615819208 0.0375 0.04375
0 0.715625 0.8270833333333333 0.034375 0.058333333333333334
2 0.8138303571428571 0.5891190476190477 0.03124999999999991 0.04583333333333333
0 0.9837063626126126 0.7951107357357358 0.026337274774774856 0.047278528528528575
0 0.925 0.7416666666666667 0.040625 0.05
0 0.9191241197183098 0.9266431924882629 0.0390625 0.03958333333333333
0 0.5989401647286822 0.433890503875969 0.0390625 0.06041666666666667
0 0.09524147727272728 0.6664772727272728 0.0421875 0.058333333333333334
0 0.539938446969697 0.7631313131313131 0.0390625 0.058333333333333334
0 0.485616238317757 0.7355383566978193 0.0421875 0.04583333333333333
0 0.41875 0.5583333333333333 0.04375 0.0625
0 0.45031582446808505 0.46061613475177304 0.0328125 0.04375
0 0.4182002314814815 0.32893518518518516 0.0421875 0.058333333333333334
0 0.31171875 0.35720108695652175 0.0328125 0.04375
0 0.3273082386363636 0.2929924242424242 0.03125 0.04375
0 0.40214629120879125 0.24923305860805864 0.03750000000000005 0.0479166666666667
0 0.46123568702290074 0.2606631679389313 0.028125 0.03958333333333333
0 0.35240026595744683 0.01633421985815603 0.0360505319148936 0.028501773049645393
0 0.7171274038461538 0.27067307692307696 0.0390625 0.05000000000000003
0 0.5892078488372092 0.2662548449612403 0.0265625 0.0458333333333333
0 0.5796875 0.30560143710339677 0.0375 0.05416666666666667
0 0.9052027925531915 0.18610372340425532 0.0453125 0.04791666666666667
0 0.7866506220379147 0.15106437598736175 0.0421875 0.045833333333333316
0 0.9100015470297029 0.05902433993399339 0.0390625 0.04374999999999999
0 0.118984375 0.8310416666666666 0.034375 0.04583333333333333
0 0.51953125 0.03125 0.0390625 0.04583333333333333
0 0.951703381147541 0.970417805100182 0.04071892076502746 0.051331967213114754
0 0.11034007352941178 0.07493872549019608 0.04218750000000001 0.05625
0 0.15670230263157894 0.9810855263157895 0.0433388157894737 0.037828947368421004
0 0.23556385869565216 0.22391304347826088 0.0359375 0.05416666666666667
0 0.22447916666666665 0.0625 0.040625 0.05
0 0.9145833333333334 0.961111111111111 0.03125 0.041666666666666664
