0 0.103125 0.24166666666666667 0.021875 0.029166666666666667
0 0.1257370283018868 0.47604166666666664 0.034375 0.03958333333333333
0 0.17997359154929576 0.3116784037558685 0.034375 0.04583333333333333
0 0.2084375 0.7292361111111112 0.0328125 0.04583333333333333
0 0.3666466346153846 0.6412259615384616 0.0375 0.06258012820512822
0 0.5851888020833333 0.2621527777777778 0.0328125 0.0416666666666667
0 0.4894396551724138 0.6909841954022988 0.034375 0.03958333333333333
0 0.4801682692307693 0.31666666666666665 0.04375 0.052083333333333336
0 0.83125 0.882046568627451 0.0375 0.04375
0 0.715625 0.8270833333333333 0.034375 0.058333333333333334
2 0.8296875 0.5375 0.03125 0.04583333333333333
0 0.925 0.7416666666666667 0.040625 0.05
0 0.9531366604477611 0.8824937810945274 0.0390625 0.04583333333333333
0 0.602549793956044 0.4197916666666667 0.0390625 0.06041666666666667
0 0.5418087121212121 0.7726641414141414 0.053125 0.05416666666666667
0 0.53203125 0.675 0.0421875 0.04583333333333333
0 0.4296875 0.5338047445255474 0.04375 0.06249999999999994
0 0.43984375 0.4510416666666667 0.0328125 0.04375
0 0.41140625000000003 0.275 0.0421875 0.058333333333333334
0 0.32265625 0.334375 0.0328125 0.04375
0 0.3321428571428572 0.24211309523809524 0.03125 0.04375
0 0.4046875 0.234375 0.0375 0.04791666666666667
0 0.465625 0.27802943425076454 0.028125 0.039583333333333366
0 0.826953125 0.3574652777777778 0.0390625 0.05
0 0.638186553030303 0.21360479797979798 0.0296875 0.04583333333333333
0 0.58125 0.2994181681681682 0.0375 0.05416666666666667
0 0.9078835227272727 0.19109848484848485 0.0453125 0.04791666666666667
0 0.78984375 0.15 0.0421875 0.04583333333333333
0 0.51953125 0.03125 0.0390625 0.04583333333333333
0 0.2910665760869565 0.3748641304347826 0.0421875 0.05625
0 0.32632978723404255 0.16790780141843972 0.040625 0.05
0 0.99453125 0.35 0.0109375 0.04583333333333333
0 0.91328125 0.984375 0.0359375 0.03125
0 0.28125 0.259077380952381 0.034375 0.04375
0 0.7409646739130434 0.6222373188405796 0.03125 0.04375
0 0.27215073529411765 0.4255514705882353 0.034375 0.04791666666666667
0 0.7125 0.9543269230769231 0.028125 0.041666666666666664
0 0.8361979166666667 0.8710262345679013 0.0328125 0.03958333333333333
0 0.9643973214285714 0.47663690476190473 0.0296875 0.04791666666666667
0 0.296875 0.10572916666666667 0.03125 0.041666666666666664
