0 0.103125 0.24166666666666667 0.021875 0.029166666666666667
0 0.12317266949152543 0.4886122881355932 0.034375 0.03958333333333333
0 0.17758928571428573 0.3132142857142857 0.034375 0.04583333333333333
0 0.20249999999999999 0.731875 0.0328125 0.04583333333333333
0 0.35865384615384616 0.6435096153846154 0.0375 0.05496794871794878
0 0.59384765625 0.24895833333333334 0.0328125 0.041666666666666664
0 0.4863167475728155 0.6937601132686084 0.034375 0.03958333333333333
0 0.47734375 0.33645833333333336 0.04375 0.052083333333333336
0 0.8315470950704226 0.8727699530516432 0.0375 0.04375
0 0.715625 0.8270833333333333 0.034375 0.058333333333333334
2 0.8296875 0.5375 0.03125 0.04583333333333333
0 0.925 0.7416666666666667 0.040625 0.05
0 0.9509211753731343 0.8836753731343284 0.0390625 0.04583333333333333
0 0.60234375 0.4203288567493113 0.0390625 0.06041666666666667
0 0.5709375 0.7770833333333333 0.053125 0.05416666666666667
0 0.5295153601694915 0.6770127118644068 0.0421875 0.04583333333333333
0 0.4296875 0.5355383211678831 0.04375 0.0625
0 0.44008744266055044 0.4513665902140673 0.0328125 0.04375
0 0.40390625 0.279320987654321 0.0421875 0.058333333333333334
0 0.32229492187500003 0.33533854166666666 0.0328125 0.04375
0 0.3317434210526316 0.24731359649122808 0.03125 0.04375
0 0.4046875 0.234375 0.0375 0.04791666666666667
0 0.465625 0.2773031345565749 0.028125 0.03958333333333333
0 0.814742943548387 0.35833333333333334 0.03906249999999991 0.05
0 0.63671875 0.21512345679012343 0.0296875 0.04583333333333333
0 0.58125 0.30013138138138135 0.0375 0.05416666666666667
0 0.9075461647727273 0.19132339015151514 0.0453125 0.04791666666666667
0 0.78984375 0.15 0.0421875 0.04583333333333333
0 0.51953125 0.03125 0.0390625 0.04583333333333333
0 0.27163722826086956 0.3446105072463768 0.0421875 0.05625
0 0.32230308219178083 0.17602739726027397 0.040625 0.05
0 0.99453125 0.35 0.0109375 0.04583333333333333
0 0.9131510416666666 0.984375 0.0359375 0.03125
0 0.27984375 0.176875 0.034375 0.04375
0 0.7582201086956522 0.6273097826086957 0.03125 0.04375
0 0.3254050925925926 0.400733024691358 0.034375 0.04791666666666667
0 0.6810369318181818 0.843844696969697 0.028125 0.041666666666666664
0 0.8612926136363637 0.8691603535353535 0.0328125 0.03958333333333333
0 0.309375 0.032852564102564104 0.03125 0.041666666666666664
