0 0.103125 0.24166666666666667 0.021875 0.029166666666666667
0 0.13192806603773585 0.47604166666666664 0.034375 0.03958333333333333
0 0.1855193661971831 0.3092136150234742 0.034375 0.04583333333333333
0 0.209375 0.7328125 0.0328125 0.04583333333333333
0 0.3705043859649123 0.6412097953216375 0.0375 0.058735380116959134
0 0.5832981418918919 0.2650337837837838 0.0328125 0.0416666666666667
0 0.49392361111111105 0.686226851851852 0.034375 0.03958333333333333
0 0.4859375 0.290625 0.04375 0.052083333333333336
0 0.8417467948717949 0.8854433760683761 0.0375 0.04375
0 0.715625 0.8270833333333333 0.034375 0.058333333333333334
2 0.8296875 0.5375 0.03125 0.04583333333333333
0 0.925 0.7416666666666667 0.040625 0.05
0 0.95546875 0.88125 0.0390625 0.04583333333333333
0 0.6032709478021978 0.4197916666666667 0.0390625 0.06041666666666667
0 0.5344460227272727 0.7550505050505051 0.04767992424242422 0.05416666666666667
0 0.53640625 0.6677083333333333 0.0421875 0.04583333333333333
0 0.4296875 0.5318886861313868 0.04375 0.0625
0 0.43984375 0.4510416666666667 0.0328125 0.04375
0 0.4198883928571428 0.27809523809523806 0.03754464285714283 0.05523809523809522
0 0.32265625 0.334375 0.0328125 0.04375
0 0.3338888888888889 0.23900462962962965 0.03125 0.04375
0 0.4046875 0.234375 0.0375 0.04791666666666667
0 0.46727678571428577 0.278125 0.028125 0.03958333333333333
0 0.8353165064102563 0.36672008547008544 0.0390625 0.05
0 0.63984375 0.2125 0.0296875 0.04583333333333333
0 0.58125 0.2986298798798799 0.0375 0.05416666666666667
0 0.9082563920454545 0.1908499053030303 0.0453125 0.04791666666666667
0 0.78984375 0.15 0.0421875 0.04583333333333333
0 0.51953125 0.03125 0.0390625 0.04583333333333333
0 0.3019270833333333 0.383125 0.0421875 0.05625
0 0.3315972222222222 0.1548611111111111 0.040625 0.04999999999999998
0 0.99453125 0.35 0.0109375 0.04583333333333333
0 0.91328125 0.984375 0.0359375 0.03125
0 0.26953125 0.3458333333333333 0.034375 0.04375
0 0.7432942708333333 0.5791666666666667 0.03125 0.04375
0 0.24771634615384616 0.4895032051282051 0.034375 0.04791666666666667
0 0.8251116071428571 0.8861607142857142 0.0328125 0.03958333333333333
0 0.9200892857142857 0.9769345238095238 0.0375 0.035416666666666666
0 0.9002604166666666 0.34930555555555554 0.0359375 0.04583333333333333
0 0.2946875 0.19166666666666668 0.03125 0.041666666666666664
