0 0.103125 0.24166666666666667 0.021875 0.029166666666666667
0 0.10047697368421053 0.5415899122807019 0.03437500000000001 0.039583333333333394
0 0.1512126865671642 0.31834577114427864 0.034375 0.04583333333333333
0 0.19461279090267986 0.7298248707099201 0.03281250000000002 0.04583333333333333
0 0.33597184065934066 0.653731684981685 0.0375 0.05416666666666667
0 0.5273871527777778 0.16059027777777776 0.0328125 0.041666666666666664
0 0.4629567307692308 0.7184455128205128 0.034375 0.03958333333333333
0 0.446875 0.47145833333333337 0.04375 0.052083333333333336
0 0.809375 0.840625 0.0375 0.04375
0 0.715625 0.8270833333333333 0.034375 0.058333333333333334
2 0.8127159552845529 0.5642953929539296 0.03125 0.04583333333333333
0 0.925 0.7416666666666667 0.040625 0.05
0 0.9308092948717949 0.896113782051282 0.0390625 0.041105769230769224
0 0.60234375 0.42669249311294766 0.0390625 0.06041666666666667
0 0.6736607142857143 0.6568452380952381 0.046875 0.05416666666666667
0 0.5181977370689654 0.6955280172413794 0.0421875 0.04583333333333333
0 0.41712682038834953 0.545995145631068 0.043750000000000046 0.06250000000000006
0 0.4415364583333333 0.46041666666666664 0.0328125 0.04375
0 0.4360558712121212 0.2983585858585859 0.0421875 0.058333333333333334
0 0.3187942216981132 0.34336346960167713 0.0328125 0.04375
0 0.32791118421052634 0.27878289473684215 0.03125 0.04375000000000003
0 0.4044155290102389 0.2358255119453925 0.0375 0.04791666666666667
0 0.4681968167701863 0.26367106625258796 0.028125 0.039583333333333304
0 0.35 0.007291666666666667 0.01875 0.014583333333333334
0 0.7618517287234042 0.3145833333333333 0.0390625 0.05
0 0.6173721590909091 0.2340530303030303 0.0296875 0.04583333333333333
0 0.5810993975903614 0.2964357429718875 0.0375 0.05416666666666667
0 0.9058268229166666 0.19207175925925926 0.0453125 0.04791666666666667
0 0.7897726599526067 0.15002369668246446 0.0421875 0.045833333333333316
0 0.9425611413043479 0.021875 0.0390625 0.04375
0 0.51953125 0.03125 0.0390625 0.04583333333333333
0 0.2072048611111111 0.2677083333333333 0.0421875 0.05625
0 0.6196875000000001 0.9239583333333333 0.0359375 0.04375
0 0.31002604166666664 0.2056423611111111 0.040625 0.05
0 0.99453125 0.35 0.0109375 0.04583333333333333
0 0.8125781249999999 0.7327083333333333 0.04531249999999991 0.052083333333333336
0 0.9119715073529411 0.984375 0.0359375 0.03125
0 0.1888392857142857 0.3086309523809524 0.0375 0.04583333333333333
0 0.8149259868421053 0.8314144736842105 0.03125000000000009 0.04375
0 0.3713315217391304 0.3650815217391304 0.034375 0.04791666666666667
0 0.6722355769230769 0.06185897435897436 0.03100961538461533 0.03397435897435897
0 0.9433799342105263 0.9725877192982456 0.025246710526315753 0.03157894736842112
