0 0.103125 0.24166666666666667 0.021875 0.029166666666666667
0 0.06593750000000001 0.5297916666666667 0.034375 0.03958333333333333
0 0.14314903846153845 0.3439102564102564 0.034375 0.04583333333333333
0 0.44470486111111107 0.42280092592592594 0.0296875 0.04375
0 0.11573660714285713 0.4674107142857143 0.028125 0.041666666666666664
0 0.19185717281879194 0.7336269574944071 0.03281249999999998 0.04583333333333333
0 0.286338876146789 0.6950114678899083 0.0375 0.05416666666666667
0 0.42395198170731707 0.6345020325203252 0.0328125 0.041666666666666664
0 0.3745476973684211 0.7828947368421052 0.034375 0.03958333333333333
0 0.50859375 0.8849922839506174 0.0359375 0.04791666666666667
0 0.4515625 0.8777308558558559 0.04375 0.052083333333333336
0 0.7640625 0.9007580715532286 0.0375 0.04375
0 0.7129076086956522 0.8252717391304347 0.034375 0.058333333333333334
0 0.9654447115384615 0.8350160256410256 0.0390625 0.04375
2 0.809375 0.6117642773892774 0.03125 0.04583333333333333
0 0.9731625536480687 0.8023918097281831 0.046875 0.052083333333333336
0 0.925 0.7416666666666667 0.040625 0.05
0 0.9170299506237006 0.9335433991683992 0.0390625 0.03958333333333333
0 0.5943330792682927 0.4419969512195122 0.0390625 0.06041666666666667
0 0.41828125 0.455 0.0421875 0.058333333333333334
0 0.6344460227272728 0.7333333333333333 0.0390625 0.058333333333333334
0 0.4782146516393443 0.7479166666666667 0.0421875 0.04583333333333333
0 0.44955357142857144 0.5633928571428571 0.04375 0.06250000000000006
0 0.4422369462025316 0.4915128340365682 0.0328125 0.04375
0 0.4427734375 0.39947916666666666 0.0421875 0.058333333333333334
0 0.31328125 0.3572916666666667 0.0328125 0.04375
0 0.32265625 0.29791666666666666 0.03125 0.04375
0 0.4001302083333333 0.2569444444444445 0.03749999999999996 0.0479166666666667
0 0.44886988993710697 0.2602659853249476 0.028125 0.039583333333333366
0 0.49300986842105254 0.021765350877192984 0.032730263157894776 0.04353070175438597
0 0.35383643617021276 0.02112145390070922 0.03892287234042553 0.03807624113475177
0 0.69609375 0.23643018018018017 0.0390625 0.05
0 0.5672433035714286 0.2734002976190476 0.0265625 0.04583333333333333
0 0.5796875 0.3086249533407988 0.0375 0.05416666666666667
0 0.53046875 0.6158967391304347 0.0484375 0.04791666666666667
0 0.9957589285714284 0.11889880952380952 0.008482142857142883 0.03363095238095237
0 0.9051165101156069 0.19433405587668592 0.0453125 0.04791666666666667
0 0.7847311907582938 0.15170418641390207 0.0421875 0.04583333333333335
0 0.8934475806451612 0.07839381720430108 0.0390625 0.043750000000000004
0 0.6382142857142857 0.6038690476190476 0.034375 0.04583333333333333
0 0.51953125 0.03125 0.0390625 0.04583333333333333
0 0.99765625 0.058333333333333334 0.0046875 0.0375
0 0.9399133663366337 0.9870358910891089 0.027908415841584145 0.025928217821782222
