0 0.103125 0.24166666666666667 0.021875 0.029166666666666667
0 0.10320723684210527 0.5391630116959064 0.034375 0.039583333333333276
0 0.15513059701492538 0.3170398009950249 0.034375 0.04583333333333333
0 0.19489047073342736 0.72970145745181 0.0328125 0.04583333333333333
0 0.3396059782608696 0.6518115942028986 0.0375 0.05416666666666667
0 0.540204326923077 0.16947115384615383 0.0328125 0.041666666666666664
0 0.4659574468085107 0.7168661347517731 0.034375 0.03958333333333333
0 0.4466145833333333 0.4597222222222222 0.04375 0.052083333333333336
0 0.8107421875 0.8442708333333333 0.0375 0.04375
0 0.715625 0.8270833333333333 0.034375 0.058333333333333334
2 0.8153836382113822 0.5607384823848238 0.03125 0.04583333333333333
0 0.925 0.7416666666666667 0.040625 0.05
0 0.9329126602564102 0.8952724358974359 0.0390625 0.04278846153846156
0 0.60234375 0.4258247245179064 0.0390625 0.06041666666666667
0 0.6728365384615385 0.6873397435897436 0.046875 0.05416666666666667
0 0.521026400862069 0.6917564655172413 0.0421875 0.04583333333333333
0 0.4190382281553398 0.5408980582524272 0.04375 0.0625
0 0.4423177083333333 0.45416666666666666 0.0328125 0.04375
0 0.43984375 0.29583333333333334 0.0421875 0.058333333333333334
0 0.319697265625 0.34226562499999996 0.0328125 0.04375
0 0.3272203947368421 0.27417763157894737 0.03125 0.04375
0 0.40463950511945396 0.23463097269624575 0.03750000000000005 0.04791666666666667
0 0.46778920807453417 0.2653015010351967 0.028125 0.03958333333333333
0 0.7639461436170213 0.3145833333333333 0.0390625 0.05
0 0.6211500563063063 0.23203828828828826 0.0296875 0.04583333333333333
0 0.58125 0.296697695035461 0.0375 0.05416666666666667
0 0.90546875 0.19270833333333334 0.0453125 0.04791666666666667
0 0.78984375 0.15 0.0421875 0.04583333333333333
0 0.9475543478260869 0.021875 0.0390625 0.04375
0 0.51953125 0.03125 0.0390625 0.04583333333333333
0 0.23115234375 0.25703125 0.0421875 0.05625
0 0.65546875 0.9732638888888888 0.03563988095238102 0.042162698412698416
0 0.308544921875 0.19694010416666666 0.040625 0.05
0 0.99453125 0.35 0.0109375 0.04583333333333333
0 0.88046875 0.7419270833333333 0.0453125 0.052083333333333336
0 0.9121323529411764 0.984375 0.0359375 0.03125
0 0.14888392857142857 0.2550595238095238 0.0375 0.0458333333333333
0 0.806875 0.8092083333333334 0.03125 0.04375
0 0.41868990384615384 0.30681089743589746 0.034375 0.04791666666666667
0 0.7099759615384615 0.1157051282051282 0.028125 0.04166666666666665
0 0.9354166666666666 0.9569444444444444 0.0265625 0.03333333333333333
