0 0.103125 0.24166666666666667 0.021875 0.029166666666666667
0 0.06964285714285715 0.5165178571428571 0.034375 0.039583333333333394
0 0.14333934294871795 0.3435296474358974 0.034375 0.04583333333333333
0 0.49765625 0.453125 0.0296875 0.04375
0 0.07672697368421053 0.4074561403508772 0.028125 0.041666666666666664
0 0.19225566275167788 0.7332727442207307 0.03281250000000002 0.04583333333333333
0 0.28851777522935784 0.6933772935779816 0.0375 0.05416666666666667
0 0.42950148809523814 0.6242063492063491 0.0328125 0.041666666666666664
0 0.3758649553571428 0.7822172619047619 0.034375 0.03958333333333333
0 0.5123001453488372 0.8805313307493541 0.0359375 0.04791666666666667
0 0.45274621212121213 0.8560921717171718 0.04375 0.052083333333333336
0 0.7640625 0.9003435863874345 0.0375 0.04375
0 0.7135529891304347 0.8257019927536232 0.034375 0.058333333333333334
0 0.9830729166666667 0.7677083333333333 0.03385416666666661 0.04791666666666667
2 0.809375 0.6092730186480186 0.03125 0.04583333333333333
0 0.9734173819742489 0.8030713519313305 0.046875 0.052083333333333336
0 0.925 0.7416666666666667 0.040625 0.05
0 0.9171533913721414 0.9333788115038115 0.0390625 0.03958333333333333
0 0.5949123475609757 0.44103150406504066 0.0390625 0.06041666666666667
0 0.37078125 0.4901666666666667 0.0421875 0.058333333333333334
0 0.6335115131578948 0.743859649122807 0.0390625 0.058333333333333334
0 0.48046875 0.7474191542288557 0.0421875 0.04583333333333333
0 0.4529186320754717 0.5615959119496856 0.04375 0.06250000000000006
0 0.4429885284810126 0.4891745780590717 0.0328125 0.04375
0 0.432958984375 0.3771484375 0.0421875 0.058333333333333334
0 0.31328125 0.3572916666666667 0.0328125 0.04375
0 0.325875 0.29662499999999997 0.03125 0.04375
0 0.40048363095238093 0.2560019841269841 0.0375 0.04791666666666667
0 0.4526041666666667 0.26076388888888885 0.028125 0.039583333333333304
0 0.35366799645390073 0.02055998817966903 0.0385859929078014 0.036953309692671396
0 0.69609375 0.24284909909909913 0.0390625 0.05000000000000003
0 0.5700613839285714 0.27291666666666664 0.0265625 0.04583333333333333
0 0.5796875 0.30827034341172077 0.0375 0.05416666666666667
0 0.4631510416666667 0.6609375 0.0484375 0.04791666666666667
0 0.9059745303468208 0.19341883429672446 0.0453125 0.04791666666666667
0 0.7849563092417062 0.15162914691943127 0.042187500000000086 0.04583333333333333
0 0.8964475235849056 0.07592374213836478 0.0390625 0.043750000000000004
0 0.5828125 0.63125 0.034375 0.04583333333333333
0 0.51953125 0.03125 0.0390625 0.04583333333333333
0 0.9436298076923076 0.985176282051282 0.03100961538461533 0.02964743589743589
0 0.9186383928571429 0.03854166666666667 0.0421875 0.04583333333333333
