0 0.103125 0.24166666666666667 0.021875 0.029166666666666667
0 0.071875 0.5221726190476191 0.034375 0.039583333333333394
0 0.14387520032051282 0.3424579326923077 0.034375 0.04583333333333333
0 0.6378551136363637 0.5266098484848485 0.0296875 0.04374999999999994
0 0.00859375 0.26927083333333335 0.0171875 0.036458333333333336
0 0.19337772651006713 0.7322753542132736 0.03281250000000002 0.04583333333333333
0 0.29465309633027525 0.6887758027522936 0.0375 0.05416666666666667
0 0.447265625 0.5453125 0.0328125 0.041666666666666664
0 0.38885416666666667 0.7796527777777779 0.034375 0.03958333333333333
0 0.5190848214285715 0.8686011904761906 0.0359375 0.04791666666666667
0 0.4508928571428571 0.8010416666666667 0.04375 0.052083333333333336
0 0.7640625 0.8991764834205933 0.0375 0.04375
0 0.7153702445652174 0.8269134963768116 0.034375 0.058333333333333334
0 0.8895148026315789 0.8135964912280701 0.0390625 0.045614035087719294
2 0.809375 0.6022581585081586 0.03125 0.04583333333333333
0 0.9734375 0.8001157407407408 0.046875 0.052083333333333336
0 0.925 0.7416666666666667 0.040625 0.05
0 0.9175009745322246 0.9329153672903673 0.0390625 0.03958333333333333
0 0.5965434451219512 0.4383130081300813 0.0390625 0.06041666666666667
0 0.260250946969697 0.5514520202020202 0.0421875 0.058333333333333334
0 0.61640625 0.7996794871794872 0.0390625 0.058333333333333334
0 0.4816953855140187 0.743380062305296 0.0421875 0.04583333333333333
0 0.4264453125 0.5621354166666667 0.04375 0.0625
0 0.44453125 0.4816898148148148 0.0328125 0.04375
0 0.41643749999999996 0.35133333333333333 0.042187499999999954 0.058333333333333334
0 0.3127953506097561 0.3566438008130081 0.0328125 0.04375
0 0.33293504901960785 0.2931576797385621 0.03125 0.04375
0 0.40147879464285713 0.2533482142857143 0.03749999999999996 0.04791666666666667
0 0.458734631147541 0.26145833333333335 0.028125 0.03958333333333333
0 0.3531937056737589 0.018979018912529552 0.037637411347517746 0.03379137115839244
0 0.69765625 0.26875 0.0390625 0.05
0 0.5786458333333333 0.2720486111111111 0.0265625 0.045833333333333365
0 0.5796875 0.30727183650615897 0.0375 0.05416666666666667
0 0.307421875 0.8223958333333333 0.0484375 0.04791666666666667
0 0.908390534682081 0.19084176300578035 0.0453125 0.04791666666666667
0 0.7855901954976303 0.15141785150078987 0.0421875 0.045833333333333316
0 0.9038971656976743 0.0711967054263566 0.0390625 0.043750000000000004
0 0.40875000000000006 0.7185416666666666 0.034375000000000044 0.04583333333333333
0 0.51953125 0.03125 0.0390625 0.04583333333333333
0 0.9532433712121211 0.9805029461279461 0.041524621212121283 0.03899410774410773
0 0.6881696428571429 0.015476190476190477 0.03571428571428568 0.030952380952380953
0 0.15885416666666669 0.042013888888888885 0.040625 0.052083333333333336
