0 0.103125 0.24166666666666667 0.021875 0.029166666666666667
0 0.055678353658536586 0.5296493902439025 0.034375 0.039583333333333394
0 0.14239783653846155 0.34541266025641026 0.034375 0.04583333333333333
0 0.2519791666666667 0.30541666666666667 0.0296875 0.04375
0 0.20234375 0.6942708333333333 0.0234375 0.0375
0 0.19028418624161075 0.7350251677852349 0.0328125 0.04583333333333333
0 0.2754934210526316 0.7 0.0375 0.05416666666666667
0 0.3940280720338983 0.6937146892655367 0.03281249999999995 0.041666666666666664
0 0.3619485294117647 0.7805759803921569 0.034375 0.03958333333333333
0 0.5012746710526316 0.8826206140350876 0.0359375 0.04791666666666667
0 0.5731770833333333 0.9654513888888889 0.0421875 0.04375
0 0.43616071428571435 0.9561011904761905 0.04375 0.052083333333333336
0 0.7633223684210526 0.9010416666666666 0.0375 0.04375
0 0.716015625 0.828125 0.034375 0.058333333333333334
0 0.86484375 0.771875 0.0390625 0.04375
2 0.8107918432203389 0.618361581920904 0.03124999999999991 0.04583333333333333
0 0.972156652360515 0.7997094062947067 0.046875 0.052083333333333336
0 0.925 0.7416666666666667 0.040625 0.05
0 0.9165426845114345 0.9341930873180874 0.0390625 0.03958333333333333
0 0.68421875 0.25416666666666665 0.0328125 0.041666666666666664
0 0.592046493902439 0.44580792682926834 0.0390625 0.06041666666666667
0 0.523046875 0.5723958333333333 0.0421875 0.05
0 0.56796875 0.65625 0.0390625 0.058333333333333334
0 0.4713210227272727 0.7559469696969697 0.0421875 0.04583333333333333
0 0.42606431159420294 0.5675422705314009 0.04375 0.0625
0 0.4385673415492958 0.502362089201878 0.0328125 0.04375
0 0.4279978197674419 0.40469961240310076 0.0421875 0.058333333333333334
0 0.31328125 0.36423611111111115 0.0328125 0.04375
0 0.29578125 0.10784722222222222 0.0296875 0.04375
0 0.32298177083333335 0.3026909722222222 0.03125 0.04375
0 0.3964185393258427 0.2620669475655431 0.03750000000000005 0.0479166666666667
0 0.43600000000000005 0.24512499999999998 0.028125 0.03958333333333333
0 0.42571022727272734 0.07698863636363636 0.029829545454545414 0.04337121212121212
0 0.35450132978723403 0.02333776595744681 0.040252659574468067 0.04250886524822695
0 0.69296875 0.2301470588235294 0.0390625 0.05
0 0.5554296875 0.280234375 0.0265625 0.0458333333333333
0 0.5796875 0.31002472937663306 0.0375 0.05416666666666667
0 0.7799479166666666 0.38958333333333334 0.04843749999999991 0.04791666666666667
0 0.9714638157894736 0.2218201754385965 0.0375 0.041666666666666664
0 0.9017295881502891 0.1979467726396917 0.0453125 0.04791666666666667
0 0.7838425651658767 0.15200039494470774 0.04218749999999991 0.04583333333333333
0 0.8820880681818182 0.08642045454545455 0.0390625 0.043750000000000004
0 0.8982862903225806 0.4996639784946237 0.034375 0.04583333333333333
0 0.51953125 0.03125 0.0390625 0.04583333333333333
