0 0.103125 0.24166666666666667 0.021875 0.029166666666666667
0 0.12059659090909092 0.5525568181818182 0.034375 0.039583333333333394
0 0.14973958333333331 0.32881944444444444 0.034375 0.04583333333333333
0 0.19253019217207332 0.7307504701457451 0.03281249999999998 0.04583333333333333
0 0.3182926829268293 0.6747459349593495 0.0375 0.05416666666666667
0 0.43796875 0.30569444444444444 0.0328125 0.041666666666666664
0 0.44875 0.7385416666666667 0.034375 0.03958333333333333
0 0.62890625 0.971875 0.0359375 0.04791666666666667
0 0.43964120370370374 0.604128086419753 0.04375 0.052083333333333336
0 0.7703265765765765 0.8672766516516517 0.0375 0.04375
0 0.715625 0.8270833333333333 0.034375 0.058333333333333334
2 0.8094996165644173 0.5801380368098159 0.03125000000000009 0.04583333333333333
0 0.9934244791666668 0.7842013888888889 0.013151041666666608 0.04375
0 0.925 0.7416666666666667 0.040625 0.05
0 0.9244897959183673 0.9106150793650793 0.0390625 0.03958333333333333
0 0.6016826923076923 0.4314102564102564 0.0390625 0.06041666666666667
0 0.06345486111111112 0.9587962962962963 0.04114583333333334 0.05601851851851857
0 0.5325863486842105 0.5558114035087719 0.039268092105263185 0.05416666666666667
0 0.4930908203125 0.7258463541666667 0.0421875 0.04583333333333333
0 0.41376284246575346 0.5598173515981735 0.04375 0.06249999999999994
0 0.43671875 0.4865753745318352 0.0328125 0.04375
0 0.4258731617647059 0.30502450980392154 0.0421875 0.058333333333333334
0 0.31171875 0.3532380490956072 0.0328125 0.04375
0 0.32119932432432435 0.29678115615615613 0.03125 0.04375
0 0.4028743131868132 0.24437957875457877 0.0375 0.0479166666666667
0 0.4625 0.25729166666666664 0.028125 0.03958333333333333
0 0.35127840909090907 0.008238636363636363 0.03380681818181817 0.016477272727272726
0 0.73640625 0.2920238095238095 0.0390625 0.05
0 0.598266006097561 0.2565548780487805 0.0265625 0.045833333333333365
0 0.5796875 0.30362308697275103 0.0375 0.05416666666666667
0 0.90859375 0.184375 0.0453125 0.04791666666666667
0 0.7879065462085307 0.15064573459715638 0.04218749999999991 0.045833333333333316
0 0.9206548455056179 0.042544475655430715 0.0390625 0.04375
0 0.51953125 0.03125 0.0390625 0.04583333333333333
0 0.948735119047619 0.953968253968254 0.040625 0.052083333333333336
0 0.116015625 0.12083333333333333 0.0421875 0.05625
0 0.364296875 0.8983333333333333 0.046875 0.05
0 0.2328125 0.1296487603305785 0.040625 0.05
0 0.1471590909090909 0.25246212121212125 0.04375 0.05416666666666667
0 0.97865625 0.2779583333333333 0.0359375 0.056249999999999974
0 0.12802734375 0.36432291666666666 0.0359375 0.05625
0 0.9780729166666667 0.27666666666666667 0.034375 0.06250000000000003
0 0.41046875 0.8810416666666666 0.0453125 0.052083333333333336
0 0.9107651654411765 0.984375 0.0359375 0.03125
0 0.8768382352941175 0.9717524509803922 0.03125 0.04375
