0 0.103125 0.24166666666666667 0.021875 0.029166666666666667
0 0.11100543478260869 0.5311745169082125 0.034375 0.039583333333333276
0 0.17136948529411763 0.31875 0.034375 0.04583333333333333
0 0.19536649330042316 0.7294898918664786 0.03281250000000002 0.04583333333333333
0 0.3461277173913043 0.6485507246376812 0.0375 0.05416666666666667
0 0.5594460227272727 0.17613636363636365 0.0328125 0.041666666666666664
0 0.4723684210526316 0.7091922514619884 0.034375 0.03958333333333333
0 0.4484375 0.4322916666666667 0.04375 0.052083333333333336
0 0.8276400862068967 0.8526580459770116 0.0375 0.04375
0 0.715625 0.8270833333333333 0.034375 0.058333333333333334
2 0.8200488281249999 0.5550130208333334 0.03125 0.04583333333333333
0 0.925 0.7416666666666667 0.040625 0.05
0 0.9365184294871796 0.8938301282051282 0.0390625 0.045673076923076886
0 0.60234375 0.42433712121212125 0.0390625 0.06041666666666667
0 0.6587646484375 0.7449869791666667 0.037353515625 0.05416666666666667
0 0.5180543664383561 0.6916666666666667 0.0421875 0.04583333333333333
0 0.42320723684210526 0.5384649122807018 0.04375 0.06250000000000006
0 0.44140625 0.4478564049586777 0.0328125 0.04375
0 0.4359586148648648 0.2907094594594595 0.0421875 0.058333333333333334
0 0.32040039062500003 0.340390625 0.0328125 0.04375
0 0.33084821428571426 0.26788690476190474 0.03125 0.04375
0 0.4046875 0.234375 0.0375 0.04791666666666667
0 0.4670742753623188 0.2683121980676329 0.028125 0.039583333333333366
0 0.7768973214285715 0.32462797619047623 0.0390625 0.05
0 0.6262176238738739 0.22798423423423425 0.0296875 0.04583333333333333
0 0.58125 0.2990913120567376 0.0375 0.05416666666666667
0 0.9058238636363637 0.1924715909090909 0.0453125 0.04791666666666667
0 0.78984375 0.15 0.0421875 0.04583333333333333
0 0.9549545094936708 0.01728639240506329 0.03676819620253173 0.03457278481012658
0 0.51953125 0.03125 0.0390625 0.04583333333333333
0 0.2758213141025641 0.25803952991452994 0.0421875 0.05625
0 0.31583059210526315 0.19226973684210524 0.040625 0.05
0 0.99453125 0.35 0.0109375 0.04583333333333333
0 0.8716145833333334 0.929513888888889 0.0453125 0.052083333333333336
0 0.9124080882352942 0.984375 0.0359375 0.03125
0 0.11841517857142858 0.12961309523809522 0.03750000000000001 0.045833333333333316
0 0.7982812499999999 0.7689583333333334 0.03125 0.04375
0 0.446875 0.31614583333333335 0.034375 0.04791666666666667
0 0.6730769230769231 0.2512820512820513 0.028125 0.041666666666666664
0 0.9203776041666666 0.9091145833333333 0.0328125 0.03958333333333333
0 0.189453125 0.9333333333333333 0.0296875 0.03333333333333333
