0 0.103125 0.24166666666666667 0.021875 0.029166666666666667
0 0.071875 0.5207440476190476 0.034375 0.03958333333333333
0 0.14381510416666668 0.342578125 0.034375 0.04583333333333333
0 0.6235753676470588 0.5260416666666666 0.0296875 0.04375
0 0.01015625 0.2840277777777778 0.0203125 0.037500000000000026
0 0.1932518875838926 0.7323872110365399 0.0328125 0.04583333333333333
0 0.2939650229357798 0.6892918577981652 0.0375 0.05416666666666667
0 0.4486177884615385 0.5525641025641026 0.0328125 0.041666666666666664
0 0.3838541666666667 0.7788194444444444 0.034375000000000044 0.03958333333333333
0 0.52265625 0.8697916666666666 0.0359375 0.04791666666666667
0 0.4514285714285714 0.8060416666666667 0.04375 0.052083333333333336
0 0.7640625 0.8993073734729493 0.0375 0.04375
0 0.7151664402173913 0.8267776268115942 0.034375 0.058333333333333334
0 0.88359375 0.7958333333333333 0.0390625 0.041666666666666664
2 0.809375 0.6030448717948718 0.03125 0.04583333333333333
0 0.9734375 0.8004629629629629 0.046875 0.052083333333333336
0 0.925 0.7416666666666667 0.040625 0.05
0 0.9174619932432432 0.9329673423423424 0.0390625 0.03958333333333333
0 0.596360518292683 0.43861788617886177 0.0390625 0.06041666666666667
0 0.2737379807692307 0.5342948717948718 0.0421875 0.058333333333333334
0 0.61640625 0.792948717948718 0.0390625 0.058333333333333334
0 0.481432535046729 0.7439057632398753 0.0421875 0.04583333333333333
0 0.42972656249999996 0.5640104166666667 0.04375 0.06250000000000006
0 0.44453125 0.48280092592592594 0.0328125 0.04375
0 0.41531250000000003 0.35333333333333333 0.0421875 0.058333333333333334
0 0.31290967987804874 0.35679623983739833 0.0328125 0.04375
0 0.3347732843137255 0.2936478758169934 0.03125 0.04375
0 0.4013671875 0.25364583333333335 0.0375 0.04791666666666667
0 0.45852971311475405 0.26145833333333335 0.028125 0.03958333333333333
0 0.3532468971631205 0.01915632387706856 0.03774379432624113 0.03414598108747045
0 0.69765625 0.26657608695652174 0.0390625 0.05
0 0.5778645833333333 0.2725694444444445 0.0265625 0.045833333333333365
0 0.5796875 0.30738381858902575 0.0375 0.05416666666666667
0 0.33171875 0.7956249999999999 0.0484375 0.04791666666666667
0 0.9081195809248556 0.1911307803468208 0.0453125 0.04791666666666667
0 0.7855191054502371 0.15144154818325437 0.042187500000000086 0.04583333333333335
0 0.9035701308139534 0.0717781007751938 0.0390625 0.04374999999999999
0 0.4269657258064516 0.7118951612903225 0.034375 0.04583333333333333
0 0.51953125 0.03125 0.0390625 0.04583333333333333
0 0.9521070075757574 0.9810079966329966 0.04038825757575761 0.03798400673400669
0 0.7019965277777778 0.024537037037037038 0.04149305555555553 0.049074074074074076
0 0.159375 0.028819444444444443 0.0375 0.04791666666666667
