0 0.103125 0.24166666666666667 0.021875 0.029166666666666667
0 0.06901676829268293 0.5500762195121952 0.034375 0.039583333333333394
0 0.1446113782051282 0.34098557692307696 0.034375 0.04583333333333333
0 0.819140625 0.6302083333333334 0.0296875 0.04375
0 0.19348958333333335 0.73125 0.03281250000000002 0.04583333333333333
0 0.30308199541284403 0.682454128440367 0.0375 0.05416666666666667
0 0.43262392241379305 0.4591235632183908 0.0328125 0.041666666666666664
0 0.4161556603773585 0.7640526729559749 0.034375 0.03958333333333333
0 0.5337139423076923 0.8596634615384615 0.0359375 0.04791666666666667
0 0.4578926282051282 0.7119391025641025 0.04375 0.052083333333333336
0 0.7621710526315789 0.8931469298245615 0.0375 0.04375
0 0.715625 0.8270833333333333 0.034375 0.058333333333333334
2 0.8127527573529412 0.5913296568627451 0.03124999999999991 0.04583333333333333
0 0.9821297860360361 0.7948104354354354 0.029490427927927953 0.04787912912912908
0 0.925 0.7416666666666667 0.040625 0.05
0 0.9180677816901408 0.9318075117370892 0.0390625 0.03958333333333333
0 0.5985525678294573 0.4346656976744186 0.0390625 0.06041666666666667
0 0.11953125 0.6279761904761905 0.0421875 0.058333333333333334
0 0.5505445075757576 0.7694444444444444 0.0390625 0.058333333333333334
0 0.48491530373831776 0.7369402258566978 0.0421875 0.04583333333333333
0 0.41919221698113207 0.5595125786163523 0.043749999999999956 0.06250000000000006
0 0.448188164893617 0.4662898936170213 0.0328125 0.04375
0 0.4212863869863014 0.33182077625570777 0.0421875 0.058333333333333334
0 0.31171875 0.3562349033816425 0.0328125 0.04375
0 0.32787642045454546 0.2884469696969697 0.03125 0.04375000000000003
0 0.40203640109890115 0.24996565934065937 0.03750000000000005 0.0479166666666667
0 0.46104484732824424 0.2611720737913486 0.028125 0.039583333333333366
0 0.35254210992907803 0.016807033096926712 0.03633421985815603 0.029447399527186762
0 0.71328125 0.2604166666666667 0.0390625 0.05
0 0.5874636627906977 0.2670300387596899 0.0265625 0.0458333333333333
0 0.5796875 0.3059000559910414 0.0375 0.05416666666666667
0 0.0625 0.950595238095238 0.0484375 0.04791666666666667
0 0.905841090425532 0.18695478723404255 0.0453125 0.04791666666666667
0 0.7864610485781991 0.15112756714060033 0.042187500000000086 0.04583333333333333
0 0.9085163985148516 0.0623246699669967 0.0390625 0.04375
0 0.1734375 0.8210648148148147 0.034375 0.04583333333333333
0 0.51953125 0.03125 0.0390625 0.04583333333333333
0 0.9521132172131146 0.9722392987249544 0.04099214480874327 0.04914617486338801
0 0.11301185344827587 0.06713362068965517 0.0421875 0.05625
0 0.1212890625 0.9752604166666666 0.040234375 0.049479166666666664
0 0.16920230263157893 0.2763157894736842 0.0359375 0.054166666666666634
0 0.21235795454545453 0.03371212121212121 0.040625 0.05
0 0.9336805555555555 0.8541666666666666 0.03125 0.041666666666666664
