0 0.103125 0.24166666666666667 0.021875 0.029166666666666667
0 0.09695723684210526 0.5577302631578948 0.034375 0.03958333333333333
0 0.14580657114624507 0.31954874835309616 0.034375 0.04583333333333333
0 0.19388553420310295 0.730148095909732 0.03281249999999998 0.04583333333333333
0 0.3283135775862069 0.6610272988505748 0.0375 0.05416666666666667
0 0.4674479166666667 0.18255208333333334 0.0328125 0.041666666666666664
0 0.46101973684210523 0.7234649122807018 0.034375 0.03958333333333333
0 0.446240234375 0.4984375 0.04375 0.052083333333333336
0 0.7927262931034482 0.8291068007662835 0.03749999999999991 0.04375
0 0.715625 0.8270833333333333 0.034375 0.058333333333333334
2 0.8087284482758621 0.5696120689655172 0.03125 0.04583333333333333
0 0.925 0.7416666666666667 0.040625 0.05
0 0.9277582908163267 0.9004464285714285 0.0390625 0.03958333333333333
0 0.60234375 0.4289652203856749 0.0390625 0.06041666666666667
0 0.6574074074074074 0.5736111111111111 0.046875 0.05416666666666667
0 0.5083610372340426 0.6988031914893617 0.0421875 0.04583333333333333
0 0.41712890625 0.5439843750000001 0.043749999999999956 0.0625
0 0.44220224056603774 0.4687696540880503 0.0328125 0.04375
0 0.4042668269230769 0.2931089743589743 0.0421875 0.058333333333333307
0 0.31555129716981134 0.34624606918239 0.0328125 0.04375
0 0.3236702127659575 0.2757313829787234 0.03125 0.04374999999999997
0 0.4038289249146757 0.23895406712172923 0.03749999999999996 0.04791666666666667
0 0.4674824617346939 0.26033163265306125 0.028125 0.039583333333333366
0 0.35158066860465115 0.007824612403100775 0.02107558139534884 0.01564922480620155
0 0.7572644589552239 0.31296641791044777 0.0390625 0.05
0 0.6123641304347827 0.2403985507246377 0.0296875 0.04583333333333333
0 0.5800640060240964 0.3005773092369478 0.0375 0.05416666666666667
0 0.9076171875 0.1888888888888889 0.0453125 0.04791666666666667
0 0.7891210011848342 0.15024091627172195 0.042187500000000086 0.04583333333333333
0 0.9357857464028777 0.0252023381294964 0.0390625 0.04375
0 0.51953125 0.03125 0.0390625 0.04583333333333333
0 0.17526041666666667 0.2079861111111111 0.0421875 0.05625
0 0.5515625 0.8604166666666667 0.046875 0.05
0 0.27159926470588236 0.20318627450980392 0.040625 0.05
0 0.99453125 0.35 0.0109375 0.04583333333333333
0 0.6467633928571429 0.8524305555555556 0.0453125 0.052083333333333336
0 0.9115502450980392 0.984375 0.0359375 0.03125
0 0.34579326923076925 0.3333333333333333 0.0375 0.04583333333333333
0 0.829861111111111 0.8887731481481481 0.03125 0.04375
0 0.23854166666666665 0.4024305555555555 0.034375 0.03958333333333333
0 0.99375 0.9416666666666667 0.0125 0.03333333333333333
