0 0.103125 0.24166666666666667 0.021875 0.029166666666666667
0 0.10176630434782608 0.544429347826087 0.03437499999999999 0.03958333333333333
0 0.14800433168316832 0.33360148514851484 0.034375 0.04583333333333333
0 0.1922260666431594 0.7308856370474847 0.03281250000000002 0.04583333333333333
0 0.3174161585365854 0.6782520325203252 0.0375 0.05416666666666667
0 0.4277513586956522 0.3328804347826087 0.0328125 0.041666666666666664
0 0.44457908163265303 0.7467899659863946 0.034375 0.03958333333333333
0 0.60703125 0.946875 0.0359375 0.04791666666666667
0 0.4532169117647059 0.6206495098039216 0.04375 0.052083333333333336
0 0.767088963963964 0.8707301051051051 0.0375 0.04375
0 0.715625 0.8270833333333333 0.034375 0.058333333333333334
2 0.8108224693251534 0.5830777096114519 0.03125000000000009 0.04583333333333333
0 0.9909722222222221 0.7927083333333333 0.018055555555555537 0.04560185185185191
0 0.925 0.7416666666666667 0.040625 0.05
0 0.9237038352272726 0.9107717803030303 0.0390625 0.03958333333333333
0 0.6009915865384615 0.43048878205128205 0.0390625 0.06041666666666667
0 0.06796875 0.9125 0.0421875 0.058333333333333334
0 0.506875 0.5936458333333334 0.0390625 0.05510416666666664
0 0.48925233644859817 0.728266160436137 0.0421875 0.04583333333333333
0 0.41525735294117644 0.5588235294117647 0.04375 0.0625
0 0.43671875 0.4914262820512821 0.0328125 0.04375
0 0.43166555851063826 0.3110372340425532 0.0421875 0.058333333333333334
0 0.31171875 0.35398094315245476 0.0328125 0.04375
0 0.3231418918918919 0.29505442942942944 0.03125 0.04375
0 0.40271634615384616 0.24543269230769232 0.0375 0.0479166666666667
0 0.4622256679389313 0.25802321882951657 0.028125 0.03958333333333333
0 0.3516644503546099 0.013881501182033098 0.03457890070921987 0.02359633569739953
0 0.72921875 0.279702380952381 0.0390625 0.05000000000000003
0 0.5965129573170731 0.25967140921409215 0.0265625 0.045833333333333365
0 0.5796875 0.3040523516237402 0.0375 0.05416666666666667
0 0.9071269132653061 0.184375 0.0453125 0.04791666666666667
0 0.7876340343601896 0.1507365718799368 0.0421875 0.045833333333333316
0 0.9186121323529411 0.047242647058823535 0.0390625 0.043750000000000004
0 0.51953125 0.03125 0.0390625 0.04583333333333333
0 0.949875992063492 0.953207671957672 0.040625 0.052083333333333336
0 0.09631696428571428 0.10877976190476189 0.0421875 0.05624999999999999
0 0.3184979838709677 0.9230510752688172 0.046875 0.05
0 0.23364955357142855 0.13236607142857143 0.040625 0.05000000000000002
0 0.17392578125 0.21783854166666666 0.04375 0.05416666666666667
0 0.977808277027027 0.24969031531531533 0.0359375 0.05625
0 0.05307904411764706 0.4603553921568627 0.0359375 0.05625
0 0.9790922619047618 0.2612103174603175 0.034375 0.0625
0 0.3828125 0.9805989583333333 0.03671875 0.038802083333333334
0 0.9105890012254901 0.984375 0.0359375 0.03125
0 0.6332812499999999 0.9941666666666666 0.034062500000000016 0.011666666666666714
0 0.8925271739130436 0.978125 0.03125 0.04375
