0 0.103125 0.24166666666666667 0.021875 0.029166666666666667
0 0.071875 0.5283630952380952 0.034375 0.03958333333333333
0 0.1441356169871795 0.3419370993589743 0.034375 0.04583333333333333
0 0.698046875 0.5728515625 0.0296875 0.04375
0 0.19392302852348994 0.7317906413124534 0.03281250000000002 0.04583333333333333
0 0.297634747706422 0.6865395642201835 0.0375 0.05416666666666667
0 0.4463654891304348 0.5102355072463768 0.0328125 0.041666666666666664
0 0.39892578125 0.7768229166666667 0.034375 0.03958333333333333
0 0.5268576388888888 0.8637268518518518 0.0359375 0.04791666666666667
0 0.45319148936170217 0.7629210992907801 0.04375 0.052083333333333336
0 0.7636559959349594 0.8973323170731707 0.0375 0.04375
0 0.715625 0.8270833333333333 0.034375 0.058333333333333334
0 0.8766858552631579 0.8881578947368421 0.0390625 0.05416666666666667
2 0.809375 0.5988490675990675 0.03125 0.04583333333333333
0 0.9734375 0.798611111111111 0.046875 0.052083333333333336
0 0.925 0.7416666666666667 0.040625 0.05
0 0.9176698934511436 0.9326901420651421 0.0390625 0.03958333333333333
0 0.5973361280487806 0.43699186991869915 0.0390625 0.06041666666666667
0 0.21796875 0.575 0.0421875 0.058333333333333334
0 0.5786658653846154 0.8166666666666667 0.0390625 0.058333333333333334
0 0.48283440420560747 0.7411020249221184 0.0421875 0.04583333333333333
0 0.4213020833333333 0.5618402777777778 0.04375 0.0625
0 0.44544588414634145 0.4765497967479675 0.0328125 0.04375
0 0.420292467948718 0.33771367521367524 0.042187500000000044 0.058333333333333334
0 0.3122999237804878 0.3559832317073171 0.0328125 0.04375
0 0.3301997950819672 0.2906079234972678 0.03125 0.04375
0 0.4017101648351648 0.25214056776556776 0.0375 0.04791666666666667
0 0.4596226092896175 0.26145833333333335 0.028125 0.03958333333333333
0 0.35296320921985813 0.018210697399527187 0.03717641843971631 0.03225472813238771
0 0.7024895833333333 0.26969444444444446 0.0390625 0.05000000000000003
0 0.58203125 0.26979166666666665 0.0265625 0.04583333333333333
0 0.5796875 0.30678658081373644 0.0375 0.05416666666666667
0 0.22721354166666666 0.882638888888889 0.0484375 0.04791666666666667
0 0.9077360372340426 0.18948138297872338 0.0453125 0.04791666666666667
0 0.7858982523696681 0.15131516587677724 0.04218749999999991 0.04583333333333333
0 0.905314316860465 0.06867732558139535 0.0390625 0.04375
0 0.334375 0.7541666666666667 0.034375 0.04583333333333333
0 0.51953125 0.03125 0.0390625 0.04583333333333333
0 0.953329918032787 0.9776468579234973 0.041803278688524695 0.04265710382513663
0 0.6483774038461538 0.1263621794871795 0.0328125 0.04375000000000002
0 0.13984375 0.06979166666666667 0.0421875 0.05625
0 0.038494318181818185 0.9553977272727273 0.03693181818181818 0.05473484848484856
0 0.342265625 0.013333333333333334 0.03734375000000001 0.02666666666666667
