ckyw7vqeb000j3867v1k4y9wh 0 0.4999289772727272 0.7322916666666667 0.0328125 0.035416666666666666
ckywzs7c60003386lx8xpyitp 0 0.07335778061224489 0.8322208049886621 0.0328125 0.04791666666666667
ckywzsbvn0006386lup64vzl3 0 0.91171875 0.45 0.028125 0.03958333333333333
ckywzsgpn000a386l8p612lq2 0 0.26171875 0.32083333333333336 0.0328125 0.04583333333333333
ckywzsptj000i386l97i7pdnr 0 0.7200207078313252 0.37670682730923694 0.0328125 0.04583333333333333
ckywzstpz000m386ltbep0jdf 0 0.9194437855787477 0.5753498576850096 0.03125 0.03125
ckywzt9s3000u386lg8o365om 0 0.8529336734693878 0.7895195578231292 0.0375 0.04375
ckywztlv70012386lyzjoz3ce 0 0.17853053435114505 0.7124045801526717 0.03165553435114503 0.048727735368956714
ckywzts4n0016386lfrsztf67 0 0.36178125 0.198 0.0359375 0.058333333333333334
ckyx08h70001m386lqjybs9oy 0 0.23359375 0.021666666666666667 0.0296875 0.043333333333333335
ckyx0iks3001q386l8i539om7 0 0.9263786764705882 0.2439950980392157 0.034375 0.041666666666666664
ckyx0lqp5001u386l5v1jzz7x 0 0.99140625 0.7338541666666667 0.0171875 0.0375
