ckyw7vqeb000j3867v1k4y9wh 0 0.49765625 0.731923482635508 0.0328125 0.03615303472898409
ckywzs7c60003386lx8xpyitp 0 0.07136386922503726 0.8309286512667661 0.0328125 0.04791666666666667
ckywzsgpn000a386l8p612lq2 0 0.38471875000000005 0.22158333333333333 0.03281250000000004 0.04583333333333333
ckywzsptj000i386l97i7pdnr 0 0.6806332236842105 0.350109649122807 0.0328125 0.04583333333333333
ckywzstpz000m386ltbep0jdf 0 0.9200790975103734 0.571719398340249 0.03125 0.03125
ckywzt9s3000u386lg8o365om 0 0.8493276014109348 0.7880934009406232 0.0375 0.04375
ckywztlv70012386lyzjoz3ce 0 0.1775193002628121 0.7130735326325011 0.03125 0.04791666666666667
ckywzts4n0016386lfrsztf67 0 0.3715562951263538 0.21640342960288808 0.0359375 0.058333333333333334
ckyx1ev5w002q386lm5txiqgc 0 0.059765625 0.2903645833333333 0.03125 0.0421875
ckyx1i83h002y386laem2t1qn 0 0.184375 0.046875 0.0328125 0.0375
ckyx1lg4h0032386lj2flcs53 0 0.529375 0.05333333333333334 0.034375 0.03333333333333333
