ckyw7vqeb000j3867v1k4y9wh 0 0.49765625 0.7306941739694904 0.0328125 0.03861165206101921
ckywzs7c60003386lx8xpyitp 0 0.07230462928464979 0.8334373447590661 0.0328125 0.04791666666666667
ckywzsgpn000a386l8p612lq2 0 0.31140625 0.29347222222222225 0.0328125 0.04583333333333333
ckywzsptj000i386l97i7pdnr 0 0.7472098214285714 0.36577380952380956 0.0328125 0.04583333333333333
ckywzstpz000m386ltbep0jdf 0 0.9174598029045644 0.5699732019363762 0.03125 0.03125
ckywzt9s3000u386lg8o365om 0 0.8471009700176367 0.7866089800117578 0.0375 0.04375
ckywztlv70012386lyzjoz3ce 0 0.17668979960578185 0.7152855343845818 0.03125 0.04791666666666667
ckywzts4n0016386lfrsztf67 0 0.3992924528301887 0.25625 0.03838443396226414 0.058333333333333334
ckyx1i83h002y386laem2t1qn 0 0.74609375 0.8979166666666667 0.0328125 0.0375
ckyx1mxmx0036386lmlr5h5lp 0 0.30234375 0.075 0.0359375 0.041666666666666664
ckyx1yn65003f386l13ijmq9g 0 0.86484375 0.1560416666666667 0.0359375 0.04375
ckyx3a1gp003n386l1kj2u4ab 0 0.48421875 0.08125 0.0421875 0.04583333333333333
ckyxckuky0008386l8bqhl1ew 0 0.88203125 0.9864583333333333 0.0328125 0.022916666666666665
ckyxcq71x000g386l3gdqcu9b 0 0.01953125 0.019791666666666666 0.0234375 0.03125
ckyxcuyn6000c3867qemlodsx 0 0.021875 0.017708333333333333 0.0234375 0.03125
