ckyw7vqeb000j3867v1k4y9wh 0 0.49765625 0.7315279130152548 0.0328125 0.036944173969490395
ckywzs7c60003386lx8xpyitp 0 0.0716665890461997 0.8317359041231992 0.0328125 0.04791666666666667
ckywzsgpn000a386l8p612lq2 0 0.3689360119047619 0.2590277777777778 0.0328125 0.045833333333333365
ckywzsptj000i386l97i7pdnr 0 0.6810122282608695 0.3685688405797102 0.0328125 0.04583333333333333
ckywzstpz000m386ltbep0jdf 0 0.9192362551867219 0.5711575034578147 0.03125 0.03125
ckywzt9s3000u386lg8o365om 0 0.8486111111111111 0.7876157407407407 0.0375 0.04375
ckywztlv70012386lyzjoz3ce 0 0.1772523817345598 0.7137853153745072 0.03125 0.04791666666666667
ckywzts4n0016386lfrsztf67 0 0.3769649621212121 0.22449494949494947 0.0359375 0.058333333333333334
ckyx1ev5w002q386lm5txiqgc 0 0.02265625 0.14479166666666668 0.025 0.041666666666666664
ckyx1gdws002u386legnuxrf1 0 0.8070833333333333 0.8818055555555555 0.03749999999999991 0.04583333333333333
ckyx1i83h002y386laem2t1qn 0 0.40262784090909093 0.3106060606060606 0.0328125 0.0375
ckyx1mxmx0036386lmlr5h5lp 0 0.4496710526315789 0.07828947368421053 0.034375 0.04166666666666667
ckyxci4dp0003386ls5z7sg8e 0 0.023828125 0.14453125 0.03125 0.05416666666666667
