ckyw7vqeb000j3867v1k4y9wh 0 0.49765625 0.7310410580980201 0.0328125 0.03791788380395976
ckywzs7c60003386lx8xpyitp 0 0.0720391672876304 0.8327294461003478 0.0328125 0.04791666666666667
ckywzsgpn000a386l8p612lq2 0 0.28828125 0.24583333333333332 0.0328125 0.04583333333333333
ckywzsptj000i386l97i7pdnr 0 0.7576099537037038 0.41304012345679014 0.0328125 0.04583333333333333
ckywzstpz000m386ltbep0jdf 0 0.9181989107883817 0.5704659405255879 0.03125 0.03125
ckywzt9s3000u386lg8o365om 0 0.8477292768959435 0.7870278512639624 0.0375 0.04375
ckywztlv70012386lyzjoz3ce 0 0.17692386662286466 0.7146613556723609 0.03125 0.04791666666666667
ckywzts4n0016386lfrsztf67 0 0.3934979838709677 0.24778225806451612 0.03749999999999996 0.058333333333333334
ckyx1gdws002u386legnuxrf1 0 0.94921875 0.9010416666666666 0.0375 0.04583333333333333
ckyx1i83h002y386laem2t1qn 0 0.65234375 0.6520833333333333 0.0328125 0.0375
ckyx1mxmx0036386lmlr5h5lp 0 0.30625 0.04791666666666667 0.034375 0.041666666666666664
ckyx3a1gp003n386l1kj2u4ab 0 0.21985677083333335 0.04678819444444445 0.0390625 0.0375
