ckyw7vqeb000j3867v1k4y9wh 0 0.501524256993007 0.7322916666666667 0.0328125 0.035416666666666666
ckywzs7c60003386lx8xpyitp 0 0.07490965136054421 0.8336002456538172 0.0328125 0.04791666666666667
ckywzsbvn0006386lup64vzl3 0 0.8171875 0.5233630952380952 0.0375 0.04791666666666667
ckywzsgpn000a386l8p612lq2 0 0.44296875 0.27291666666666664 0.0328125 0.04583333333333333
ckywzsjng000e386l0x3csdzp 0 0.84609375 0.7541666666666667 0.0265625 0.0375
ckywzsptj000i386l97i7pdnr 0 0.7071732954545454 0.37443181818181814 0.0328125 0.04583333333333333
ckywzstpz000m386ltbep0jdf 0 0.9190109108159392 0.5770813567362428 0.03125 0.03125
ckywzt9s3000u386lg8o365om 0 0.8550028344671201 0.7902092781557067 0.0375 0.04375
ckywztlv70012386lyzjoz3ce 0 0.1802719465648855 0.7164678753180662 0.033396946564885496 0.05221055979643765
ckywzts4n0016386lfrsztf67 0 0.35686778846153844 0.19144871794871796 0.0359375 0.058333333333333334
ckywzx06s001i386lmpznlxwl 0 0.10134943181818182 0.18285984848484846 0.0265625 0.035416666666666666
ckyx08h70001m386lqjybs9oy 0 0.20362215909090908 0.016761363636363637 0.0296875 0.03125
ckyx0qg3c0022386lb33lduw5 0 0.812890625 0.9557291666666666 0.028125 0.035416666666666666
ckyx0s3a20026386ltknuiv5d 0 0.984765625 0.3125 0.0265625 0.041666666666666664
