ckyw7vqeb000j3867v1k4y9wh 0 0.49765625 0.730751987990912 0.0328125 0.038496024018175964
ckywzs7c60003386lx8xpyitp 0 0.07226038561847989 0.8333193616492797 0.0328125 0.04791666666666667
ckywzsgpn000a386l8p612lq2 0 0.2833705357142857 0.3148809523809524 0.0328125 0.04583333333333333
ckywzsptj000i386l97i7pdnr 0 0.7534489329268292 0.37611788617886177 0.0328125 0.04583333333333333
ckywzstpz000m386ltbep0jdf 0 0.9175829875518673 0.5700553250345782 0.03125 0.03125
ckywzt9s3000u386lg8o365om 0 0.8472056878306878 0.7866787918871252 0.0375 0.04375
ckywztlv70012386lyzjoz3ce 0 0.17672881077529565 0.7151815045992116 0.03125 0.04791666666666667
ckywzts4n0016386lfrsztf67 0 0.39803213443396224 0.25625 0.038104363207547155 0.058333333333333334
ckyx1i83h002y386laem2t1qn 0 0.7385937499999999 0.8470833333333334 0.0328125 0.0375
ckyx1mxmx0036386lmlr5h5lp 0 0.27734375 0.05416666666666667 0.0359375 0.041666666666666664
ckyx1yn65003f386l13ijmq9g 0 0.8526562500000001 0.09618055555555555 0.0359375 0.04375
ckyx3a1gp003n386l1kj2u4ab 0 0.47080078125 0.126171875 0.0421875 0.04583333333333333
ckyxckuky0008386l8bqhl1ew 0 0.8895833333333334 0.9131944444444444 0.03125 0.05
