ckyw7vqeb000j3867v1k4y9wh 0 0.49765625 0.7294983365790327 0.0328125 0.0410033268419344
ckywzs7c60003386lx8xpyitp 0 0.07265625 0.8276627218934911 0.037287352071005905 0.04940828402366861
ckywzsgpn000a386l8p612lq2 0 0.30583639705882354 0.260110294117647 0.0328125 0.047916666666666635
ckywzsptj000i386l97i7pdnr 0 0.7181919642857143 0.3688690476190476 0.0328125 0.04583333333333333
ckywzstpz000m386ltbep0jdf 0 0.9171875 0.5697916666666667 0.03125 0.03125
ckywzt9s3000u386lg8o365om 0 0.846875 0.7864583333333334 0.0375 0.04375
ckywztlv70012386lyzjoz3ce 0 0.17366203248031495 0.7151738845144358 0.03705093503937007 0.05475721784776901
ckywzts4n0016386lfrsztf67 0 0.42179288663663667 0.28540415415415415 0.0359375 0.058333333333333334
ckyx1mxmx0036386lmlr5h5lp 0 0.2767926356589147 0.25775193798449614 0.034375 0.05
ckyx1u33s003a386lwt61jsyk 0 0.58125 0.6885416666666667 0.0375 0.052083333333333336
ckyx1yn65003f386l13ijmq9g 0 0.69359375 0.45541666666666664 0.0390625 0.05
ckyxc80q900033867653k51jj 0 0.7565625 0.9520833333333333 0.034375 0.041666666666666664
