ckyw7vqeb000j3867v1k4y9wh 0 0.49765625 0.7300490912041545 0.0328125 0.039901817591690994
ckywzs7c60003386lx8xpyitp 0 0.07265625 0.8326830621301775 0.03394045857988166 0.04829265285996058
ckywzsgpn000a386l8p612lq2 0 0.32838541666666665 0.26666666666666666 0.0328125 0.04583333333333333
ckywzsptj000i386l97i7pdnr 0 0.7046875 0.3902777777777778 0.0328125 0.04583333333333333
ckywzstpz000m386ltbep0jdf 0 0.9171875 0.5697916666666667 0.03125 0.03125
ckywzt9s3000u386lg8o365om 0 0.846875 0.7864583333333334 0.0375 0.04375
ckywztlv70012386lyzjoz3ce 0 0.1723665730337079 0.7128277153558052 0.03339185393258426 0.04934456928838955
ckywzts4n0016386lfrsztf67 0 0.41075215840840845 0.27294794794794797 0.035937500000000046 0.05833333333333336
ckyx1mxmx0036386lmlr5h5lp 0 0.290625 0.09375 0.034375 0.05
ckyx1u33s003a386lwt61jsyk 0 0.37135416666666665 0.19305555555555556 0.0375 0.05
ckyx1yn65003f386l13ijmq9g 0 0.6981770833333333 0.300462962962963 0.0390625 0.05
