ckyw7vqeb000j3867v1k4y9wh 0 0.49765625 0.7314853132099967 0.0328125 0.037029373580006464
ckywzs7c60003386lx8xpyitp 0 0.07169918964232488 0.8318228390461997 0.0328125 0.04791666666666667
ckywzsgpn000a386l8p612lq2 0 0.34289434523809526 0.24930555555555553 0.0328125 0.0458333333333333
ckywzsptj000i386l97i7pdnr 0 0.6876698369565217 0.3736413043478261 0.0328125 0.04583333333333333
ckywzstpz000m386ltbep0jdf 0 0.9191454875518673 0.5710969917012448 0.03125 0.03125
ckywzt9s3000u386lg8o365om 0 0.848533950617284 0.7875643004115227 0.0375 0.04375
ckywztlv70012386lyzjoz3ce 0 0.17722363666228647 0.7138619689005695 0.03125 0.04791666666666667
ckywzts4n0016386lfrsztf67 0 0.37813191371681415 0.22588495575221237 0.03602046460176993 0.058333333333333334
ckyx1ev5w002q386lm5txiqgc 0 0.06766826923076923 0.14439102564102563 0.028125 0.041666666666666664
ckyx1gdws002u386legnuxrf1 0 0.775 0.8604166666666667 0.0375 0.04583333333333333
ckyx1i83h002y386laem2t1qn 0 0.4270833333333333 0.32864583333333336 0.0328125 0.0375
ckyx1mxmx0036386lmlr5h5lp 0 0.4666015625 0.10260416666666666 0.034375 0.041666666666666664
ckyxci4dp0003386ls5z7sg8e 0 0.0640625 0.14635416666666667 0.0328125 0.04583333333333333
