ckyw7vqeb000j3867v1k4y9wh 0 0.49765625 0.7311932002596558 0.0328125 0.037613599480688126
ckywzs7c60003386lx8xpyitp 0 0.07192273658718332 0.8324189642324887 0.0328125 0.04791666666666667
ckywzsgpn000a386l8p612lq2 0 0.33390624999999996 0.25083333333333335 0.0328125 0.04583333333333333
ckywzsptj000i386l97i7pdnr 0 0.7402901785714285 0.4032142857142857 0.0328125 0.04583333333333333
ckywzstpz000m386ltbep0jdf 0 0.9185230809128632 0.5706820539419087 0.03125 0.03125
ckywzt9s3000u386lg8o365om 0 0.8480048500881834 0.7872115667254556 0.0375 0.04375
ckywztlv70012386lyzjoz3ce 0 0.17702652759526938 0.7143875930792817 0.03125 0.04791666666666667
ckywzts4n0016386lfrsztf67 0 0.39074253318584073 0.2400442477876106 0.03734789823008851 0.058333333333333334
ckyx1ev5w002q386lm5txiqgc 0 0.2053125 0.035625000000000004 0.0328125 0.03874999999999999
ckyx1gdws002u386legnuxrf1 0 0.9234375 0.8901041666666667 0.0375 0.04583333333333333
ckyx1i83h002y386laem2t1qn 0 0.5782812500000001 0.5804166666666667 0.0328125 0.0375
ckyx1mxmx0036386lmlr5h5lp 0 0.39913194444444444 0.07824074074074075 0.034375 0.041666666666666664
ckyxci4dp0003386ls5z7sg8e 0 0.20255681818181817 0.03181818181818182 0.034374999999999975 0.05
