ckyw7vqeb000j3867v1k4y9wh 0 0.49765625 0.7319356540084387 0.0328125 0.03612869198312237
ckywzs7c60003386lx8xpyitp 0 0.07135455476900149 0.8309038127173374 0.0328125 0.04791666666666667
ckywzsgpn000a386l8p612lq2 0 0.39196875000000003 0.22225 0.0328125 0.04583333333333333
ckywzsptj000i386l97i7pdnr 0 0.6809621710526316 0.3503289473684211 0.0328125 0.04583333333333333
ckywzstpz000m386ltbep0jdf 0 0.9201050311203319 0.5717366874135547 0.03125 0.03125
ckywzt9s3000u386lg8o365om 0 0.8493496472663139 0.7881080981775426 0.0375 0.04375
ckywztlv70012386lyzjoz3ce 0 0.17752751314060447 0.7130516316250547 0.03125 0.04791666666666667
ckywzts4n0016386lfrsztf67 0 0.37144347924187726 0.2161627557160048 0.0359375 0.058333333333333334
ckyx1ev5w002q386lm5txiqgc 0 0.04973958333333334 0.29131944444444446 0.03125 0.04375
ckyx1i83h002y386laem2t1qn 0 0.18125 0.03770833333333334 0.0328125 0.0375
ckyx1lg4h0032386lj2flcs53 0 0.528125 0.016666666666666666 0.034375 0.03333333333333333
