ckyw7vqeb000j3867v1k4y9wh 0 0.49765625 0.7316100697825382 0.0328125 0.03677986043492373
ckywzs7c60003386lx8xpyitp 0 0.07160371646795827 0.8315682439145554 0.0328125 0.04791666666666667
ckywzsgpn000a386l8p612lq2 0 0.34765625 0.29270833333333335 0.0328125 0.04583333333333333
ckywzsptj000i386l97i7pdnr 0 0.6742660984848484 0.3620580808080808 0.0328125 0.04583333333333333
ckywzstpz000m386ltbep0jdf 0 0.9194113070539419 0.5712742047026279 0.03125 0.03125
ckywzt9s3000u386lg8o365om 0 0.8487599206349206 0.787714947089947 0.0375 0.04375
ckywztlv70012386lyzjoz3ce 0 0.17730781865965833 0.7136374835742444 0.03125 0.04791666666666667
ckywzts4n0016386lfrsztf67 0 0.375686553030303 0.22279040404040404 0.0359375 0.058333333333333334
ckyx1ev5w002q386lm5txiqgc 0 0.037343749999999995 0.1404166666666667 0.0359375 0.04583333333333335
ckyx1gdws002u386legnuxrf1 0 0.8854166666666666 0.976388888888889 0.03125 0.03333333333333333
ckyx1i83h002y386laem2t1qn 0 0.35824652777777777 0.2592592592592593 0.0328125 0.037500000000000026
ckyx1mxmx0036386lmlr5h5lp 0 0.4171875 0.04791666666666667 0.034375 0.041666666666666664
