ckyw7vqeb000j3867v1k4y9wh 0 0.49765625 0.7299608487504057 0.0328125 0.04007830249918858
ckywzs7c60003386lx8xpyitp 0 0.07265625 0.831878698224852 0.034476701183431956 0.04847140039447737
ckywzsgpn000a386l8p612lq2 0 0.32369791666666664 0.23125 0.0328125 0.04583333333333333
ckywzsptj000i386l97i7pdnr 0 0.7229469476744186 0.40532945736434106 0.0328125 0.04583333333333333
ckywzstpz000m386ltbep0jdf 0 0.9171875 0.5697916666666667 0.03125 0.03125
ckywzt9s3000u386lg8o365om 0 0.846875 0.7864583333333334 0.0375 0.04375
ckywztlv70012386lyzjoz3ce 0 0.172265625 0.7122395833333334 0.034375 0.05
ckywzts4n0016386lfrsztf67 0 0.4125211148648648 0.2749436936936937 0.035937499999999956 0.058333333333333334
ckyx1mxmx0036386lmlr5h5lp 0 0.27065972222222223 0.18958333333333333 0.034375 0.05
ckyx1u33s003a386lwt61jsyk 0 0.4279296875 0.25729166666666664 0.0375 0.05
ckyx1yn65003f386l13ijmq9g 0 0.77421875 0.30465686274509807 0.0390625 0.05
