ckyw7vqeb000j3867v1k4y9wh 0 0.49765625 0.7319113112625771 0.0328125 0.036177377474845805
ckywzs7c60003386lx8xpyitp 0 0.07137318368107302 0.8309534898161947 0.0328125 0.04791666666666667
ckywzsgpn000a386l8p612lq2 0 0.37746875 0.22091666666666668 0.0328125 0.04583333333333333
ckywzsptj000i386l97i7pdnr 0 0.6803042763157895 0.349890350877193 0.0328125 0.04583333333333333
ckywzstpz000m386ltbep0jdf 0 0.9200531639004149 0.5717021092669433 0.03125 0.03125
ckywzt9s3000u386lg8o365om 0 0.8493055555555555 0.7880787037037037 0.0375 0.04375
ckywztlv70012386lyzjoz3ce 0 0.1775110873850197 0.7130954336399474 0.03125 0.04791666666666667
ckywzts4n0016386lfrsztf67 0 0.37166911101083033 0.21664410348977137 0.0359375 0.058333333333333334
ckyx1ev5w002q386lm5txiqgc 0 0.06927083333333334 0.2972222222222222 0.03125 0.041666666666666664
ckyx1i83h002y386laem2t1qn 0 0.1875 0.05604166666666666 0.0328125 0.0375
ckyx1lg4h0032386lj2flcs53 0 0.51796875 0.071875 0.0359375 0.03958333333333333
