ckyw7vqeb000j3867v1k4y9wh 0 0.49765625 0.7314974845829276 0.0328125 0.03700503083414475
ckywzs7c60003386lx8xpyitp 0 0.07168987518628912 0.831798000496771 0.0328125 0.04791666666666667
ckywzsgpn000a386l8p612lq2 0 0.3503348214285714 0.2520833333333333 0.0328125 0.04583333333333333
ckywzsptj000i386l97i7pdnr 0 0.6857676630434782 0.37219202898550724 0.0328125 0.04583333333333333
ckywzstpz000m386ltbep0jdf 0 0.9191714211618256 0.5711142807745504 0.03125 0.03125
ckywzt9s3000u386lg8o365om 0 0.8485559964726631 0.7875789976484421 0.0375 0.04375
ckywztlv70012386lyzjoz3ce 0 0.17723184954007884 0.7138400678931232 0.03125 0.04791666666666667
ckywzts4n0016386lfrsztf67 0 0.3776064712389381 0.22529498525073746 0.03596515486725664 0.058333333333333334
ckyx1ev5w002q386lm5txiqgc 0 0.05372596153846154 0.1424679487179487 0.028125 0.041666666666666664
ckyx1gdws002u386legnuxrf1 0 0.7841666666666667 0.8665277777777778 0.0375 0.04583333333333333
ckyx1i83h002y386laem2t1qn 0 0.4197916666666667 0.3223958333333333 0.0328125 0.0375
ckyx1mxmx0036386lmlr5h5lp 0 0.462109375 0.09479166666666666 0.034375 0.041666666666666664
ckyxci4dp0003386ls5z7sg8e 0 0.05256696428571428 0.14136904761904762 0.03236607142857143 0.04821428571428572
