ckyw7vqeb000j3867v1k4y9wh 0 0.49765625 0.7308371876014281 0.0328125 0.03832562479714383
ckywzs7c60003386lx8xpyitp 0 0.0721951844262295 0.8331454918032787 0.0328125 0.04791666666666667
ckywzsgpn000a386l8p612lq2 0 0.253515625 0.33255208333333336 0.0328125 0.04583333333333333
ckywzsptj000i386l97i7pdnr 0 0.7641196646341464 0.38892276422764227 0.0328125 0.04583333333333333
ckywzstpz000m386ltbep0jdf 0 0.9177645228215768 0.5701763485477179 0.03125 0.03125
ckywzt9s3000u386lg8o365om 0 0.8473600088183421 0.7867816725455614 0.0375 0.04375
ckywztlv70012386lyzjoz3ce 0 0.17678630091984232 0.7150281975470871 0.03125 0.04791666666666667
ckywzts4n0016386lfrsztf67 0 0.3961748231132075 0.25625 0.03769162735849054 0.058333333333333334
ckyx1i83h002y386laem2t1qn 0 0.7370659722222223 0.7902777777777777 0.0328125 0.0375
ckyx1mxmx0036386lmlr5h5lp 0 0.25830078125 0.0453125 0.03125 0.0375
ckyx1yn65003f386l13ijmq9g 0 0.88203125 0.023958333333333335 0.0359375 0.04375
ckyx3a1gp003n386l1kj2u4ab 0 0.40319602272727273 0.1471590909090909 0.03906250000000004 0.03750000000000001
ckyx3bhaq003r386lgbo6ccm4 0 0.9796875 0.9385416666666667 0.021875 0.04375
ckyxckuky0008386l8bqhl1ew 0 0.915625 0.7880208333333333 0.03125 0.05
