ckyw7vqeb000j3867v1k4y9wh 0 0.49765625 0.7310714865303473 0.0328125 0.037857026939305406
ckywzs7c60003386lx8xpyitp 0 0.07201588114754098 0.832667349726776 0.0328125 0.04791666666666667
ckywzsgpn000a386l8p612lq2 0 0.30279017857142854 0.25029761904761905 0.0328125 0.04583333333333333
ckywzsptj000i386l97i7pdnr 0 0.7544270833333333 0.41111111111111115 0.0328125 0.04583333333333333
ckywzstpz000m386ltbep0jdf 0 0.918263744813278 0.570509163208852 0.03125 0.03125
ckywzt9s3000u386lg8o365om 0 0.8477843915343914 0.787064594356261 0.0375 0.04375
ckywztlv70012386lyzjoz3ce 0 0.1769443988173456 0.7146066031537451 0.03125 0.04791666666666667
ckywzts4n0016386lfrsztf67 0 0.3931619623655914 0.2462141577060932 0.0375 0.058333333333333334
ckyx1gdws002u386legnuxrf1 0 0.9174107142857142 0.8788690476190476 0.0375 0.04583333333333333
ckyx1i83h002y386laem2t1qn 0 0.63515625 0.6458333333333334 0.0328125 0.0375
ckyx1mxmx0036386lmlr5h5lp 0 0.3247159090909091 0.05170454545454546 0.034375 0.041666666666666664
ckyx3a1gp003n386l1kj2u4ab 0 0.19576822916666664 0.030295138888888892 0.03906249999999998 0.0375
