ckyw7vqeb000j3867v1k4y9wh 0 0.5008468094405594 0.7322916666666667 0.0328125 0.035416666666666666
ckywzs7c60003386lx8xpyitp 0 0.07425063775510204 0.8330144557823129 0.0328125 0.04791666666666667
ckywzsbvn0006386lup64vzl3 0 0.73984375 0.378125 0.0265625 0.04375
ckywzsgpn000a386l8p612lq2 0 0.3665798611111111 0.2377314814814815 0.0328125 0.04583333333333333
ckywzsjng000e386l0x3csdzp 0 0.9760044642857142 0.9389880952380952 0.0265625 0.0375
ckywzsptj000i386l97i7pdnr 0 0.72546875 0.3936458333333333 0.0328125 0.04583333333333333
ckywzstpz000m386ltbep0jdf 0 0.919194734345351 0.5763460626185958 0.03125 0.03125
ckywzt9s3000u386lg8o365om 0 0.8541241496598639 0.7899163832199547 0.0375 0.04375
ckywztlv70012386lyzjoz3ce 0 0.1795324427480916 0.7147423664122138 0.03265744274809161 0.05073155216284988
ckywzts4n0016386lfrsztf67 0 0.35895432692307694 0.19423076923076923 0.0359375 0.058333333333333334
ckywzx06s001i386lmpznlxwl 0 0.1791015625 0.2109375 0.0265625 0.035416666666666666
ckyx08h70001m386lqjybs9oy 0 0.21796875 0.06041666666666667 0.0296875 0.0375
ckyx0iks3001q386l8i539om7 0 0.7321428571428571 0.13720238095238096 0.034375 0.04166666666666668
