ckyw7vqeb000j3867v1k4y9wh 0 0.49765625 0.7308128448555664 0.0328125 0.038374310288867265
ckywzs7c60003386lx8xpyitp 0 0.07221381333830104 0.8331951689021362 0.0328125 0.04791666666666667
ckywzsgpn000a386l8p612lq2 0 0.261328125 0.34817708333333336 0.0328125 0.04583333333333333
ckywzsptj000i386l97i7pdnr 0 0.7610708841463414 0.38526422764227647 0.0328125 0.04583333333333333
ckywzstpz000m386ltbep0jdf 0 0.9177126556016597 0.5701417704011065 0.03125 0.03125
ckywzt9s3000u386lg8o365om 0 0.8473159171075837 0.7867522780717224 0.0375 0.04375
ckywztlv70012386lyzjoz3ce 0 0.17676987516425754 0.7150719995619799 0.03125 0.04791666666666667
ckywzts4n0016386lfrsztf67 0 0.396705483490566 0.25625 0.03780955188679247 0.058333333333333334
ckyx1i83h002y386laem2t1qn 0 0.738454861111111 0.8097222222222222 0.0328125 0.0375
ckyx1mxmx0036386lmlr5h5lp 0 0.26265625000000004 0.04583333333333332 0.03343750000000001 0.039444444444444435
ckyx1yn65003f386l13ijmq9g 0 0.8725074404761906 0.04221230158730158 0.0359375 0.04375
ckyx3a1gp003n386l1kj2u4ab 0 0.4236505681818182 0.14564393939393938 0.0390625 0.0375
ckyx3bhaq003r386lgbo6ccm4 0 0.975 0.9416666666666667 0.0328125 0.04583333333333333
ckyxckuky0008386l8bqhl1ew 0 0.9228125 0.81625 0.03125 0.05
