ckyw7vqeb000j3867v1k4y9wh 0 0.49765625 0.7295744076598507 0.0328125 0.04085118468029864
ckywzs7c60003386lx8xpyitp 0 0.07265625 0.8283561390532544 0.03682507396449704 0.04925419132149891
ckywzsgpn000a386l8p612lq2 0 0.3354403409090909 0.31429924242424245 0.0328125 0.04791666666666667
ckywzsptj000i386l97i7pdnr 0 0.7274704391891892 0.3765202702702703 0.0328125 0.04583333333333333
ckywzstpz000m386ltbep0jdf 0 0.9171875 0.5697916666666667 0.03125 0.03125
ckywzt9s3000u386lg8o365om 0 0.846875 0.7864583333333334 0.0375 0.04375
ckywztlv70012386lyzjoz3ce 0 0.17389271653543306 0.7143536745406824 0.036589566929133864 0.05393700787401568
ckywzts4n0016386lfrsztf67 0 0.4202679241741742 0.2836836836836837 0.0359375 0.058333333333333334
ckyx1mxmx0036386lmlr5h5lp 0 0.276187015503876 0.2565406976744186 0.034375 0.05
ckyx1u33s003a386lwt61jsyk 0 0.5688920454545454 0.5995265151515151 0.0375 0.052083333333333336
ckyx1yn65003f386l13ijmq9g 0 0.6405133928571429 0.4255952380952381 0.0390625 0.05
ckyxc80q900033867653k51jj 0 0.692578125 0.95625 0.034375 0.041666666666666664
