ckyw7vqeb000j3867v1k4y9wh 0 0.49765625 0.7291879665692956 0.0328125 0.041624066861408696
ckywzs7c60003386lx8xpyitp 0 0.07373798076923077 0.8288461538461539 0.039783653846153844 0.05
ckywzsgpn000a386l8p612lq2 0 0.19765625 0.3227083333333333 0.0328125 0.05375000000000003
ckywzsptj000i386l97i7pdnr 0 0.67484375 0.36208333333333337 0.0328125 0.04583333333333333
ckywzstpz000m386ltbep0jdf 0 0.9171875 0.5697916666666667 0.03125 0.03125
ckywzt9s3000u386lg8o365om 0 0.846875 0.7864583333333334 0.0375 0.04375
ckywztlv70012386lyzjoz3ce 0 0.17272084153543305 0.7185203412073491 0.03893331692913386 0.05810367454068235
ckywzts4n0016386lfrsztf67 0 0.4278211805555555 0.2910300925925926 0.040711805555555536 0.05960648148148149
ckyx1mxmx0036386lmlr5h5lp 0 0.3109375 0.29624999999999996 0.034375 0.05
ckyx1u33s003a386lwt61jsyk 0 0.38984375 0.8739583333333333 0.0375 0.052083333333333336
ckyx1yn65003f386l13ijmq9g 0 0.7837357954545455 0.2768939393939394 0.03906250000000009 0.05
