ckyw7vqeb000j3867v1k4y9wh 0 0.4995902534965035 0.7322916666666667 0.0328125 0.035416666666666666
ckywzs7c60003386lx8xpyitp 0 0.07302827380952381 0.83192791005291 0.0328125 0.04791666666666667
ckywzsbvn0006386lup64vzl3 0 0.9640625 0.5510416666666667 0.028125 0.03958333333333333
ckywzsgpn000a386l8p612lq2 0 0.2593039772727273 0.3721590909090909 0.0328125 0.04583333333333333
ckywzsptj000i386l97i7pdnr 0 0.7180754267068272 0.37489123159303883 0.0328125 0.04583333333333333
ckywzstpz000m386ltbep0jdf 0 0.9195356973434535 0.5749822106261859 0.03125 0.03125
ckywzt9s3000u386lg8o365om 0 0.8524943310657596 0.7893731103552533 0.0375 0.04375
ckywztlv70012386lyzjoz3ce 0 0.1781607824427481 0.7115418256997456 0.031285782442748086 0.04798823155216283
ckywzts4n0016386lfrsztf67 0 0.3628245192307692 0.19939102564102565 0.0359375 0.058333333333333334
ckyx08h70001m386lqjybs9oy 0 0.23359375 0.021236111111111112 0.0296875 0.042472222222222224
ckyx0iks3001q386l8i539om7 0 0.98857421875 0.22682291666666668 0.0220703125 0.03802083333333333
cl4zcaxic002b3y6fqciieelc 0 0.98125 0.28020833333333334 0.025 0.03125
