ckyw7vqeb000j3867v1k4y9wh 0 0.49765625 0.7307702450503084 0.0328125 0.03845950989938333
ckywzs7c60003386lx8xpyitp 0 0.07224641393442624 0.8332821038251367 0.0328125 0.04791666666666667
ckywzsgpn000a386l8p612lq2 0 0.27265625 0.3229166666666667 0.0328125 0.04583333333333333
ckywzsptj000i386l97i7pdnr 0 0.7557355182926829 0.37886178861788616 0.0328125 0.04583333333333333
ckywzstpz000m386ltbep0jdf 0 0.9176218879668049 0.5700812586445366 0.03125 0.03125
ckywzt9s3000u386lg8o365om 0 0.8472387566137567 0.7867008377425044 0.0375 0.04375
ckywztlv70012386lyzjoz3ce 0 0.17674113009198422 0.715148653088042 0.03125 0.04791666666666667
ckywzts4n0016386lfrsztf67 0 0.39763413915094337 0.25625 0.038015919811320756 0.058333333333333334
ckyx1i83h002y386laem2t1qn 0 0.73984375 0.8379166666666666 0.0328125 0.0375
ckyx1mxmx0036386lmlr5h5lp 0 0.271875 0.05 0.0359375 0.041666666666666664
ckyx1yn65003f386l13ijmq9g 0 0.85640625 0.07534722222222222 0.0359375 0.04374999999999999
ckyx3a1gp003n386l1kj2u4ab 0 0.45849609375 0.137890625 0.0421875 0.04583333333333333
ckyxckuky0008386l8bqhl1ew 0 0.8956250000000001 0.8837499999999999 0.03125 0.05
