ckyw7vqeb000j3867v1k4y9wh 0 0.5019176136363637 0.7322916666666667 0.0328125 0.035416666666666666
ckywzs7c60003386lx8xpyitp 0 0.07529230442176871 0.8339403817082388 0.0328125 0.04791666666666667
ckywzsbvn0006386lup64vzl3 0 0.7671875 0.6072916666666667 0.0375 0.04791666666666667
ckywzsgpn000a386l8p612lq2 0 0.4580729166666667 0.3443055555555556 0.0328125 0.04583333333333333
ckywzsjng000e386l0x3csdzp 0 0.753515625 0.6755208333333333 0.0265625 0.0375
ckywzsptj000i386l97i7pdnr 0 0.69453125 0.3729166666666667 0.0328125 0.04583333333333333
ckywzstpz000m386ltbep0jdf 0 0.9189041745730551 0.5775083017077799 0.03125 0.03125
ckywzszcj000q386lvnwjhjts 0 0.19713541666666665 0.03298611111111111 0.03281249999999998 0.035416666666666666
ckywzt9s3000u386lg8o365om 0 0.8555130385487528 0.7903793461829177 0.0375 0.04375
ckywztlv70012386lyzjoz3ce 0 0.18070133587786258 0.7174697837150127 0.03382633587786259 0.053069338422391844
ckywzts4n0016386lfrsztf67 0 0.35565625 0.18983333333333335 0.0359375 0.058333333333333334
ckywzx06s001i386lmpznlxwl 0 0.06306818181818181 0.10255681818181818 0.031249999999999993 0.03125
