ckyw7vqeb000j3867v1k4y9wh 0 0.49828999125874124 0.7322916666666667 0.0328125 0.035416666666666666
ckywzs7c60003386lx8xpyitp 0 0.07176339285714287 0.8308035714285714 0.0328125 0.04791666666666667
ckywzsgpn000a386l8p612lq2 0 0.4234375 0.41625 0.0328125 0.04583333333333333
ckywzsptj000i386l97i7pdnr 0 0.7106080572289157 0.36792168674698794 0.0328125 0.04583333333333333
ckywzstpz000m386ltbep0jdf 0 0.9198885199240987 0.5735709203036053 0.03125 0.03125
ckywzt9s3000u386lg8o365om 0 0.8508078231292517 0.7888109410430839 0.0375 0.04375
ckywztlv70012386lyzjoz3ce 0 0.17788682654402102 0.7120934625492772 0.03125 0.04791666666666667
ckywzts4n0016386lfrsztf67 0 0.36650778429602887 0.2056332731648616 0.0359375 0.058333333333333334
ckyx0mtcc001y386lnmogaytg 0 0.1794921875 0.3260416666666667 0.028125 0.041666666666666664
ckz5ia47400083p67euvc2mi4 0 0.99296875 0.3416666666666667 0.0140625 0.03333333333333333
