ckyw7vqeb000j3867v1k4y9wh 0 0.5000928758741259 0.7322916666666667 0.0328125 0.035416666666666666
ckywzs7c60003386lx8xpyitp 0 0.0735172193877551 0.8323625283446712 0.0328125 0.04791666666666667
ckywzsbvn0006386lup64vzl3 0 0.8875 0.409375 0.028125 0.03958333333333333
ckywzsgpn000a386l8p612lq2 0 0.27421875 0.2791666666666667 0.0328125 0.04583333333333333
ckywzsptj000i386l97i7pdnr 0 0.7209619728915663 0.37758534136546185 0.0328125 0.04583333333333333
ckywzstpz000m386ltbep0jdf 0 0.9193993121442124 0.5755277514231499 0.03125 0.03125
ckywzt9s3000u386lg8o365om 0 0.8531462585034013 0.7895904195011337 0.0375 0.04375
ckywztlv70012386lyzjoz3ce 0 0.17870944656488547 0.7128220419847329 0.0318344465648855 0.04908555979643765
ckywzts4n0016386lfrsztf67 0 0.3612764423076923 0.1973269230769231 0.0359375 0.058333333333333334
ckyx08h70001m386lqjybs9oy 0 0.23359375 0.021875 0.0296875 0.04375
ckyx0iks3001q386l8i539om7 0 0.8841517857142858 0.2369047619047619 0.034375 0.041666666666666664
ckyx0lqp5001u386l5v1jzz7x 0 0.9887276785714286 0.7938988095238095 0.0203125 0.03958333333333333
