ckyw7vqeb000j3867v1k4y9wh 0 0.49765625 0.7293096802986043 0.0328125 0.04138063940279129
ckywzs7c60003386lx8xpyitp 0 0.07265625 0.8259430473372781 0.03843380177514792 0.049790433925049386
ckywzsgpn000a386l8p612lq2 0 0.21704963235294117 0.2471200980392157 0.0328125 0.04791666666666667
ckywzsptj000i386l97i7pdnr 0 0.687646484375 0.36529947916666666 0.0328125 0.04583333333333333
ckywzstpz000m386ltbep0jdf 0 0.9171875 0.5697916666666667 0.03125 0.03125
ckywzt9s3000u386lg8o365om 0 0.846875 0.7864583333333334 0.0375 0.04375
ckywztlv70012386lyzjoz3ce 0 0.17308993602362205 0.7172080052493439 0.038195127952755904 0.05679133858267716
ckywzts4n0016386lfrsztf67 0 0.42557479354354355 0.28967092092092095 0.0359375 0.05833333333333336
ckyx1mxmx0036386lmlr5h5lp 0 0.278125 0.2592013888888889 0.034375 0.04999999999999997
ckyx1u33s003a386lwt61jsyk 0 0.47734375 0.7885416666666667 0.0375 0.052083333333333336
ckyx1yn65003f386l13ijmq9g 0 0.8201562499999999 0.3829166666666667 0.0390625 0.05
ckyxc80q900033867653k51jj 0 0.92265625 0.984375 0.0390625 0.03125
