cl2y6vcnk0003396crlfnynr8 0 0.48343749999999996 0.20395833333333335 0.046875 0.06041666666666667
cl2y6vvt70008396c0ckvnogs 0 0.26953125 0.078125 0.0359375 0.052083333333333336
cl2y6w4lz000d396c9ut3tf7y 0 0.10260416666666668 0.134375 0.03437500000000001 0.04791666666666667
cl2y6ws55000i396ckilwz9ni 0 0.326953125 0.14518229166666666 0.04375 0.052083333333333336
cl2y6x5bp000n396cjm1cw2ku 0 0.19765625 0.1140625 0.0421875 0.058333333333333334
cl2y6xpxp000r396cfihfei9k 0 0.1453125 0.35907293021239706 0.040625 0.05416666666666667
cl2y6y2wp000x396cjmwsx95y 0 0.19175781249999999 0.393671875 0.04375 0.06666666666666667
cl2y6yo4e0014396c3fyhh60p 0 0.45112257281553403 0.6822916666666666 0.046875 0.06875
cl2y6yu2k0018396cf3j7xkar 0 0.6008522727272727 0.7677083333333333 0.04375 0.06041666666666667
cl2y6zf1z001g396cxj1g5ctg 0 0.7245686026936027 0.04665754769921436 0.04375 0.06041666666666666
cl2y6zn5g001k396crexidmbw 0 0.8265625 0.06875 0.040625 0.058333333333333334
cl2y70qpu001w396cr03czee2 0 0.9013804611650486 0.43486043689320386 0.040625 0.06041666666666667
cl2y710l10020396cumqlujzb 0 0.8913857805676855 0.5150109170305677 0.0453125 0.06666666666666667
cl2y7181x0024396c92jo5fle 0 0.95390625 0.5177083333333333 0.0484375 0.06875
cl2y71h0y0028396czyytm4ls 0 0.97265625 0.634375 0.0484375 0.07291666666666667
cl2y71xgv002c396c8i3p7ljc 0 0.8763916015625 0.9294921875 0.0453125 0.0625
cl2y725lh002g396ct8mx38g5 0 0.14273097826086956 0.9708333333333333 0.05 0.058333333333333334
cl2y73m7r002s396cnsyck1uk 2 0.09500811688311687 0.7958333333333333 0.05 0.075
cl2y75jjc002x396cvyzjiqsk 0 0.21171875 0.16458333333333333 0.0453125 0.06666666666666667
cl2y77h1d0032396c2renauon 0 0.93837890625 0.40768229166666664 0.040625 0.058333333333333334
cl2y7hcvy0037396c6ud7pt1p 0 0.3 0.6510416666666666 0.0546875 0.06666666666666667
cl2y7xe87003h396c2n8hv156 0 0.95078125 0.6104166666666667 0.0390625 0.058333333333333334
cl2y96xhq0042396cgnqc44hu 0 0.030078125 0.7479166666666667 0.06015625 0.0875
cl2y9is9a0046396chlhjr8w9 0 0.25625 0.4197916666666667 0.0625 0.07916666666666666
cl2ydfxde004f396clzj0ilmi 0 0.24070723684210527 0.9822368421052633 0.059375 0.03552631578947363
cl2yhyonl0007396c1c75isha 0 0.9796875 0.35208333333333336 0.040625 0.06666666666666667
cl691y4fr000b3b6gl13eulob 1 0.90859375 0.08958333333333333 0.1265625 0.125
cl691zdqu000h3b6gpesz4820 0 0.79921875 0.9052083333333333 0.0484375 0.07291666666666667
cl696ekiz00033b6g0yxnl7s9 1 0.30784781073446327 0.23128531073446326 0.065625 0.07916666666666666
