cl2y6vcnk0003396crlfnynr8 0 0.4642578125 0.15555555555555556 0.046875 0.06041666666666668
cl2y6vvt70008396c0ckvnogs 0 0.26938958333333335 0.07821944444444444 0.0359375 0.052083333333333336
cl2y6w4lz000d396c9ut3tf7y 0 0.18541666666666665 0.11770833333333333 0.034374999999999975 0.04791666666666667
cl2y6ws55000i396ckilwz9ni 0 0.2830357142857143 0.13080357142857144 0.04375 0.05208333333333335
cl2y6x5bp000n396cjm1cw2ku 0 0.18671875 0.12730978260869563 0.0421875 0.05833333333333332
cl2y6xpxp000r396cfihfei9k 0 0.1453125 0.3570031426094495 0.040625 0.05416666666666667
cl2y6y2wp000x396cjmwsx95y 0 0.1829405737704918 0.39001878415300545 0.0421875 0.06666666666666667
cl2y6yo4e0014396c3fyhh60p 0 0.4447265625 0.68515625 0.046875 0.06875
cl2y6yu2k0018396cf3j7xkar 0 0.5880345394736842 0.7585115131578948 0.04375 0.06041666666666667
cl2y6zf1z001g396cxj1g5ctg 0 0.7242336560044893 0.04487116535727646 0.04375 0.06041666666666667
cl2y6zn5g001k396crexidmbw 0 0.8238033026755852 0.06875 0.040625 0.058333333333333334
cl2y70qpu001w396cr03czee2 0 0.8982142857142857 0.4397321428571429 0.040625 0.06041666666666667
cl2y710l10020396cumqlujzb 0 0.8846354166666666 0.5180555555555556 0.0453125 0.06666666666666672
cl2y7181x0024396c92jo5fle 0 0.95390625 0.5177083333333333 0.0484375 0.06875
cl2y71h0y0028396czyytm4ls 0 0.97265625 0.634375 0.0484375 0.07291666666666667
cl2y71xgv002c396c8i3p7ljc 0 0.872332763671875 0.9338216145833333 0.0453125 0.0625
cl2y725lh002g396ct8mx38g5 0 0.1380968555900621 0.9708333333333333 0.05 0.058333333333333334
cl2y73m7r002s396cnsyck1uk 2 0.08354668674698795 0.7934738955823293 0.05 0.075
cl2y75jjc002x396cvyzjiqsk 0 0.21171875 0.16458333333333333 0.0453125 0.06666666666666667
cl2y77h1d0032396c2renauon 0 0.9311755952380952 0.401984126984127 0.040625 0.058333333333333334
cl2y7hcvy0037396c6ud7pt1p 0 0.30658482142857146 0.3854166666666667 0.0546875 0.06666666666666667
cl2y7xe87003h396c2n8hv156 0 0.95078125 0.6104166666666667 0.0390625 0.058333333333333334
cl2y8fjfg003p396c141178j4 0 0.22712053571428573 0.2352678571428571 0.0703125 0.1020833333333333
cl2y94vuu003x396cqcjvxpgf 0 0.6158482142857143 0.8300595238095239 0.046875 0.06666666666666667
cl2y96xhq0042396cgnqc44hu 0 0.3327008928571428 0.7595238095238095 0.0671875 0.0875
cl2y9is9a0046396chlhjr8w9 0 0.39631696428571433 0.1793154761904762 0.05468750000000004 0.06875
cl2yck2ad004b396cui13iuz4 0 0.53359375 0.9802083333333333 0.0546875 0.03958333333333333
cl691y4fr000b3b6gl13eulob 1 0.90859375 0.08958333333333333 0.1265625 0.125
cl691zdqu000h3b6gpesz4820 0 0.7983786962365592 0.9046482974910395 0.0442372311827957 0.06395609318996413
cl696ekiz00033b6g0yxnl7s9 1 0.3015625 0.22389002732240434 0.065625 0.0769467213114754
