cl2y6vcnk0003396crlfnynr8 0 0.43132684426229506 0.0891905737704918 0.046875 0.06041666666666666
cl2y6vvt70008396c0ckvnogs 0 0.2673479166666667 0.07958055555555556 0.0359375 0.052083333333333336
cl2y6w4lz000d396c9ut3tf7y 0 0.21340725806451616 0.12271505376344087 0.034375000000000024 0.04791666666666667
cl2y6ws55000i396ckilwz9ni 0 0.2703125 0.12723214285714285 0.04375 0.052083333333333336
cl2y6x5bp000n396cjm1cw2ku 0 0.17935267857142856 0.13958333333333334 0.042187499999999975 0.058333333333333334
cl2y6xpxp000r396cfihfei9k 0 0.1453125 0.3543481794538362 0.040625 0.05416666666666667
cl2y6y2wp000x396cjmwsx95y 0 0.17347535792951543 0.3964941262848752 0.0421875 0.06666666666666667
cl2y6yo4e0014396c3fyhh60p 0 0.4329483695652174 0.6966938405797102 0.046875 0.06875
cl2y6yu2k0018396cf3j7xkar 0 0.5771613023952096 0.765063622754491 0.04375 0.06041666666666667
cl2y6zf1z001g396cxj1g5ctg 0 0.723804012345679 0.042579732510288064 0.04375 0.06041666666666667
cl2y6zn5g001k396crexidmbw 0 0.8190494011976048 0.075 0.040625 0.058333333333333334
cl2y702oj001o396ckjtscowe 0 0.8308238636363636 0.3664772727272727 0.075 0.1
cl2y70qpu001w396cr03czee2 0 0.8915989349775785 0.44700579222720477 0.040625 0.06041666666666667
cl2y710l10020396cumqlujzb 0 0.8756828248031496 0.5204642388451444 0.0453125 0.06666666666666661
cl2y7181x0024396c92jo5fle 0 0.9540084696261681 0.5182535046728972 0.0484375 0.06875000000000006
cl2y71h0y0028396czyytm4ls 0 0.9729770674904943 0.6322362167300379 0.0484375 0.07291666666666667
cl2y71xgv002c396c8i3p7ljc 0 0.8664313705787782 0.9291666666666667 0.0453125 0.0625
cl2y725lh002g396ct8mx38g5 0 0.1270177165354331 0.9739583333333334 0.05 0.052083333333333336
cl2y72tbg002o396c6g5h89tz 0 0.6139204545454546 0.7665719696969696 0.071875 0.09375
cl2y73m7r002s396cnsyck1uk 2 0.06602515243902439 0.7854166666666667 0.05 0.075
cl2y75jjc002x396cvyzjiqsk 0 0.21171875 0.16458333333333333 0.0453125 0.06666666666666667
cl2y77h1d0032396c2renauon 0 0.9279551630434784 0.40740489130434787 0.040625 0.058333333333333334
cl2y7hcvy0037396c6ud7pt1p 0 0.11158854166666668 0.19722222222222222 0.04401041666666666 0.0611111111111111
cl2y7iooi003c396c6izghkdd 0 0.11765624999999999 0.765 0.06875 0.0875
cl2y7xe87003h396c2n8hv156 0 0.95078125 0.6104166666666667 0.0390625 0.058333333333333334
cl2y8fjfg003p396c141178j4 0 0.02373046875 0.15065104166666668 0.0474609375 0.09296875
cl691y4fr000b3b6gl13eulob 1 0.9074837239583333 0.08904513888888889 0.12434244791666664 0.12392361111111111
cl691zdqu000h3b6gpesz4820 0 0.7950687500000001 0.90415 0.03281250000000009 0.03958333333333333
cl696ekiz00033b6g0yxnl7s9 1 0.29625538793103445 0.2218134236453202 0.065625 0.06875
