cl2y6vcnk0003396crlfnynr8 0 0.4658203125 0.15833333333333333 0.046875 0.06041666666666667
cl2y6vvt70008396c0ckvnogs 0 0.26945625 0.07817500000000001 0.0359375 0.052083333333333336
cl2y6w4lz000d396c9ut3tf7y 0 0.18125 0.11770833333333333 0.034375 0.04791666666666667
cl2y6ws55000i396ckilwz9ni 0 0.2845744680851064 0.12985372340425533 0.04375 0.052083333333333336
cl2y6x5bp000n396cjm1cw2ku 0 0.18671875 0.1262228260869565 0.0421875 0.05833333333333332
cl2y6xpxp000r396cfihfei9k 0 0.1453125 0.3570898352839185 0.040625 0.05416666666666667
cl2y6y2wp000x396cjmwsx95y 0 0.18324795081967213 0.38981386612021857 0.0421875 0.06666666666666667
cl2y6yo4e0014396c3fyhh60p 0 0.4448686079545454 0.6849668560606061 0.046875 0.06875
cl2y6yu2k0018396cf3j7xkar 0 0.5883634868421053 0.7586211622807018 0.04375 0.06041666666666667
cl2y6zf1z001g396cxj1g5ctg 0 0.7242476851851852 0.04494598765432099 0.04375 0.06041666666666667
cl2y6zn5g001k396crexidmbw 0 0.8239287207357859 0.06875 0.040625 0.058333333333333334
cl2y70qpu001w396cr03czee2 0 0.8983571428571429 0.43963690476190476 0.040625 0.06041666666666667
cl2y710l10020396cumqlujzb 0 0.8849270833333334 0.5179444444444444 0.0453125 0.06666666666666667
cl2y7181x0024396c92jo5fle 0 0.95390625 0.5177083333333333 0.0484375 0.06875
cl2y71h0y0028396czyytm4ls 0 0.97265625 0.634375 0.0484375 0.07291666666666667
cl2y71xgv002c396c8i3p7ljc 0 0.872576904296875 0.93408203125 0.0453125 0.0625
cl2y725lh002g396ct8mx38g5 0 0.1382909549689441 0.9708333333333333 0.05 0.058333333333333334
cl2y73m7r002s396cnsyck1uk 2 0.08475150602409638 0.7938755020080321 0.04999999999999999 0.075
cl2y75jjc002x396cvyzjiqsk 0 0.21171875 0.16458333333333333 0.0453125 0.06666666666666667
cl2y77h1d0032396c2renauon 0 0.9313920454545455 0.4022727272727273 0.040625 0.058333333333333334
cl2y7hcvy0037396c6ud7pt1p 0 0.2862926136363636 0.38579545454545455 0.0546875 0.06666666666666667
cl2y7xe87003h396c2n8hv156 0 0.95078125 0.6104166666666667 0.0390625 0.058333333333333334
cl2y8fjfg003p396c141178j4 0 0.23622332317073172 0.21420223577235772 0.0703125 0.10208333333333333
cl2y94vuu003x396cqcjvxpgf 0 0.5941761363636363 0.8225378787878788 0.046875 0.06666666666666667
cl2y96xhq0042396cgnqc44hu 0 0.33302556818181817 0.7651515151515151 0.0671875 0.0875
cl2y9is9a0046396chlhjr8w9 0 0.37606534090909094 0.18797348484848486 0.0546875 0.06875
cl691y4fr000b3b6gl13eulob 1 0.90859375 0.08958333333333333 0.1265625 0.125
cl691zdqu000h3b6gpesz4820 0 0.7984683019713261 0.9047080346475508 0.044685259856630744 0.06491188769414566
cl696ekiz00033b6g0yxnl7s9 1 0.3015625 0.224573087431694 0.065625 0.07831284153005465
