cl2y6vcnk0003396crlfnynr8 0 0.42867005813953485 0.07696220930232558 0.046875 0.06041666666666667
cl2y6vvt70008396c0ckvnogs 0 0.26698125 0.07982500000000001 0.0359375 0.05208333333333334
cl2y6w4lz000d396c9ut3tf7y 0 0.21784274193548386 0.1064516129032258 0.034375 0.04791666666666667
cl2y6ws55000i396ckilwz9ni 0 0.24990808823529412 0.11721813725490196 0.04375 0.052083333333333336
cl2y6x5bp000n396cjm1cw2ku 0 0.17607886904761905 0.13958333333333334 0.0421875 0.058333333333333334
cl2y6xpxp000r396cfihfei9k 0 0.1453125 0.3538713697442566 0.040625 0.05416666666666667
cl2y6y2wp000x396cjmwsx95y 0 0.17165817731277533 0.39810939794419975 0.0421875 0.06666666666666667
cl2y6yo4e0014396c3fyhh60p 0 0.4309037642045454 0.6958570075757575 0.046875 0.06875
cl2y6yu2k0018396cf3j7xkar 0 0.5746912425149701 0.7645147205588823 0.04375 0.06041666666666667
cl2y6z5av001c396ch2uc9u30 0 0.9796875 0.5395833333333333 0.040625 0.05416666666666667
cl2y6zf1z001g396cxj1g5ctg 0 0.7237268518518518 0.04216820987654321 0.04375 0.06041666666666667
cl2y6zn5g001k396crexidmbw 0 0.8178143712574851 0.075 0.04062500000000009 0.058333333333333334
cl2y702oj001o396ckjtscowe 0 0.7931640625 0.3359375 0.075 0.1
cl2y70qpu001w396cr03czee2 0 0.889749159192825 0.44741685351270555 0.040625 0.06041666666666667
cl2y710l10020396cumqlujzb 0 0.8740588090551181 0.520103346456693 0.0453125 0.06666666666666672
cl2y7181x0024396c92jo5fle 0 0.9543297313084113 0.5199669003115265 0.0484375 0.06875
cl2y71h0y0028396czyytm4ls 0 0.9732384743346009 0.630493504435995 0.0484375 0.07291666666666667
cl2y71xgv002c396c8i3p7ljc 0 0.8657681872990354 0.9291666666666667 0.0453125 0.0625
cl2y725lh002g396ct8mx38g5 0 0.12593503937007874 0.9739583333333334 0.05 0.052083333333333336
cl2y72fbh002k396c3n09c56s 0 0.98515625 0.10559752747252746 0.0296875 0.06458333333333331
cl2y72tbg002o396c6g5h89tz 0 0.6744140625 0.6963541666666667 0.071875 0.09375
cl2y73m7r002s396cnsyck1uk 2 0.061761886503067485 0.7853271983640082 0.05 0.075
cl2y75jjc002x396cvyzjiqsk 0 0.21171875 0.16458333333333333 0.0453125 0.06666666666666667
cl2y77h1d0032396c2renauon 0 0.9272078804347826 0.40790307971014494 0.040625 0.058333333333333334
cl2y7hcvy0037396c6ud7pt1p 0 0.1048828125 0.1578125 0.040625 0.058333333333333334
cl2y7iooi003c396c6izghkdd 0 0.13671875 0.8354166666666667 0.06875 0.0875
cl2y7xe87003h396c2n8hv156 0 0.95078125 0.6104166666666667 0.0390625 0.058333333333333334
cl2y8fjfg003p396c141178j4 0 0.01484375 0.08541666666666667 0.0296875 0.07916666666666666
cl691y4fr000b3b6gl13eulob 1 0.905908203125 0.08828125 0.12119140625 0.12239583333333333
cl691zdqu000h3b6gpesz4820 0 0.79396875 0.90525 0.0328125 0.03958333333333333
cl696ekiz00033b6g0yxnl7s9 1 0.29507004310344825 0.22226498357963875 0.065625 0.06875
