ckz3xadsm00073867s2f56arc 0 0.04397321428571428 0.19508928571428572 0.03749999999999999 0.052083333333333336
cl2y6vcnk0003396crlfnynr8 0 0.42718749999999994 0.063125 0.046875 0.06041666666666666
cl2y6vvt70008396c0ckvnogs 0 0.26653125 0.080125 0.0359375 0.052083333333333336
cl2y6w4lz000d396c9ut3tf7y 0 0.2391983695652174 0.0928894927536232 0.034375 0.04791666666666667
cl2y6ws55000i396ckilwz9ni 0 0.2383209745762712 0.1421433615819209 0.04375 0.052083333333333336
cl2y6x5bp000n396cjm1cw2ku 0 0.1693953804347826 0.14103260869565218 0.0421875 0.058333333333333334
cl2y6xpxp000r396cfihfei9k 0 0.1453125 0.3532861941915908 0.040625 0.05416666666666667
cl2y6y2wp000x396cjmwsx95y 0 0.16942800110132158 0.40009177679882524 0.0421875 0.06666666666666667
cl2y6yd760010396csyxzatmo 0 0.026470588235294117 0.48125 0.052941176470588235 0.1
cl2y6yo4e0014396c3fyhh60p 0 0.42850674715909093 0.6945785984848485 0.046875 0.06875
cl2y6yu2k0018396cf3j7xkar 0 0.5716598053892216 0.7638410678642715 0.04375 0.06041666666666667
cl2y6z5av001c396ch2uc9u30 0 0.9616319444444444 0.4094907407407407 0.040625 0.05416666666666667
cl2y6zf1z001g396cxj1g5ctg 0 0.7236321548821548 0.0416631593714927 0.04375 0.06041666666666667
cl2y6zn5g001k396crexidmbw 0 0.8162986526946108 0.075 0.040625 0.058333333333333334
cl2y702oj001o396ckjtscowe 0 0.7367647058823529 0.32426470588235295 0.075 0.1
cl2y70qpu001w396cr03czee2 0 0.8874789798206277 0.44792133781763827 0.040625 0.06041666666666667
cl2y710l10020396cumqlujzb 0 0.8720656988188976 0.5196604330708662 0.0453125 0.06666666666666672
cl2y7181x0024396c92jo5fle 0 0.9547240070093459 0.5220697040498442 0.0484375 0.06874999999999994
cl2y71h0y0028396czyytm4ls 0 0.9735592918250952 0.628354721166033 0.0484375 0.07291666666666667
cl2y71xgv002c396c8i3p7ljc 0 0.8649542805466238 0.9291666666666667 0.0453125 0.0625
cl2y725lh002g396ct8mx38g5 0 0.12460629921259843 0.9739583333333334 0.05 0.052083333333333336
cl2y72fbh002k396c3n09c56s 0 0.98515625 0.1068337912087912 0.0296875 0.06458333333333334
cl2y72tbg002o396c6g5h89tz 0 0.7748161764705882 0.6560661764705883 0.071875 0.09375
cl2y73m7r002s396cnsyck1uk 2 0.056067868098159515 0.7846370143149284 0.05 0.075
cl2y75jjc002x396cvyzjiqsk 0 0.21171875 0.16458333333333333 0.0453125 0.06666666666666667
cl2y77h1d0032396c2renauon 0 0.9171875 0.4191847826086956 0.040625 0.058333333333333334
cl2y7hcvy0037396c6ud7pt1p 0 0.07619485294117648 0.08639705882352941 0.040625 0.058333333333333334
cl2y7iooi003c396c6izghkdd 0 0.14503676470588237 0.9 0.06875 0.0875
cl2y7xe87003h396c2n8hv156 0 0.95078125 0.6104166666666667 0.0390625 0.058333333333333334
cl691y4fr000b3b6gl13eulob 1 0.9039746093750001 0.08734375 0.11732421874999996 0.12052083333333333
cl691zdqu000h3b6gpesz4820 0 0.7926187499999999 0.9066 0.03281249999999991 0.03958333333333333
cl696ekiz00033b6g0yxnl7s9 1 0.29361530172413797 0.22281917077175697 0.065625 0.06875
