cl2znupsg0005396cminm52kf 0 0.14284056263858094 0.051764597191426454 0.0421875 0.05416666666666666
cl2znv05l0009396cqytv20ry 0 0.4500876913265306 0.20790816326530612 0.046875 0.05625
cl2znv977000d396cdb4prn6m 0 0.12321428571428572 0.4479166666666667 0.040625 0.058333333333333334
cl2znvon7000h396ciogihw0p 0 0.08571262406947891 0.8107449338296112 0.04375 0.06041666666666667
cl2znw4nf000m396ckrqij0o0 0 0.08444602272727272 0.10634469696969698 0.0421875 0.06041666666666667
cl2znwce2000r396c6wzup6l1 0 0.110546875 0.3765625 0.0515625 0.06666666666666667
cl2znwmew000v396cg3f6w219 0 0.4455729166666667 0.8791666666666667 0.0546875 0.06666666666666667
cl2zny5y5001c396cjw8l8war 0 0.042091498940677964 0.9591984463276836 0.0453125 0.0625
cl2znycyz001g396cwpsh1fpn 0 0.73203125 0.27291666666666664 0.0421875 0.05416666666666667
cl2zo7z5b001l396cgg30lmke 0 0.07734375 0.4814157196969697 0.0390625 0.058333333333333334
cl2zogjmc001p396clblhoug4 0 0.28359375 0.5125 0.0453125 0.0625
cl2zogo0e001t396cagx04dw7 0 0.525 0.3489583333333333 0.05 0.06041666666666667
cl2zogsca001x396cm1lqtvrw 0 0.77890625 0.475 0.0546875 0.0625
cl2zogw6e0021396c7d7901iy 0 0.9125 0.30997685185185186 0.053125 0.0625
cl2zoh1q10026396ccr8og9at 0 0.8515625 0.28854166666666664 0.046875 0.05625
cl2zoha2s002a396cu2ma50sw 0 0.4890625 0.5083333333333333 0.04375 0.0625
cl2zojo2h002e396c7qt651e5 0 0.546875 0.659375 0.046875 0.05625
cl2zojswm002i396chs5urjya 0 0.7234375 0.7666666666666667 0.05625 0.07083333333333333
cl2zok2ke002m396c0272jqkb 0 0.81796875 0.578125 0.0484375 0.06041666666666667
cl2zolye7002q396c2vl57kh0 0 0.5789407803867404 0.3048112338858195 0.07098584254143647 0.08264272559852669
cl2zoslp4002u396cuf27qdfy 0 0.9510458669354838 0.9579889112903225 0.04375 0.05416666666666667
cl696haqz00073b6gf0un301j 0 0.128125 0.5302083333333333 0.04375 0.03958333333333333
cl696k4y4000b3b6gofhyu663 1 0.38046875 0.840625 0.1515625 0.19791666666666666
cl696kcfx000f3b6gr3k0oqk4 1 0.50859375 0.7895833333333333 0.0953125 0.1625
cl696kim5000j3b6g3waaz3ij 0 0.47734375 0.8979166666666667 0.0421875 0.05
cl696ldsk000n3b6g3cevz2tg 0 0.68828125 0.28020833333333334 0.0296875 0.03125
cl696lj76000r3b6gbse56a1a 0 0.41044245049504957 0.14166666666666666 0.028125000000000046 0.041666666666666664
