cl2y6vcnk0003396crlfnynr8 0 0.42795673076923074 0.07030448717948717 0.046875 0.06041666666666667
cl2y6vvt70008396c0ckvnogs 0 0.26679791666666663 0.07994722222222223 0.0359375 0.05208333333333334
cl2y6w4lz000d396c9ut3tf7y 0 0.22478885135135135 0.09800112612612613 0.034375 0.04791666666666667
cl2y6ws55000i396ckilwz9ni 0 0.24340572033898306 0.1364936440677966 0.04375 0.05208333333333332
cl2y6x5bp000n396cjm1cw2ku 0 0.1744419642857143 0.13958333333333334 0.0421875 0.058333333333333334
cl2y6xpxp000r396cfihfei9k 0 0.1453125 0.3536329648894669 0.040625 0.05416666666666667
cl2y6y2wp000x396cjmwsx95y 0 0.1707495870044053 0.39891703377386195 0.0421875 0.06666666666666667
cl2y6yo4e0014396c3fyhh60p 0 0.4299272017045454 0.6953361742424242 0.046875 0.06875
cl2y6yu2k0018396cf3j7xkar 0 0.5734562125748502 0.7642402694610779 0.04375 0.06041666666666667
cl2y6zf1z001g396cxj1g5ctg 0 0.7236882716049383 0.04196244855967078 0.04375 0.06041666666666667
cl2y6zn5g001k396crexidmbw 0 0.8171968562874252 0.075 0.040625 0.058333333333333334
cl2y702oj001o396ckjtscowe 0 0.7680803571428572 0.34285714285714286 0.075 0.1
cl2y70qpu001w396cr03czee2 0 0.8888242713004484 0.4476223841554559 0.040625 0.06041666666666667
cl2y710l10020396cumqlujzb 0 0.8732468011811024 0.5199229002624671 0.0453125 0.06666666666666661
cl2y7181x0024396c92jo5fle 0 0.9544903621495328 0.5208235981308411 0.0484375 0.06875
cl2y71h0y0028396czyytm4ls 0 0.973369177756654 0.6296221482889733 0.0484375 0.07291666666666667
cl2y71xgv002c396c8i3p7ljc 0 0.865436595659164 0.9291666666666667 0.0453125 0.0625
cl2y725lh002g396ct8mx38g5 0 0.12539370078740159 0.9739583333333334 0.05 0.052083333333333336
cl2y72fbh002k396c3n09c56s 0 0.98515625 0.10610119047619047 0.0296875 0.06458333333333334
cl2y72tbg002o396c6g5h89tz 0 0.7138392857142857 0.6733630952380952 0.071875 0.09375
cl2y73m7r002s396cnsyck1uk 2 0.05944210122699387 0.7850460122699386 0.05 0.075
cl2y75jjc002x396cvyzjiqsk 0 0.21171875 0.16458333333333333 0.0453125 0.06666666666666667
cl2y77h1d0032396c2renauon 0 0.9268342391304347 0.4081521739130435 0.040625 0.058333333333333334
cl2y7hcvy0037396c6ud7pt1p 0 0.06629464285714286 0.13273809523809524 0.04062500000000001 0.05833333333333332
cl2y7iooi003c396c6izghkdd 0 0.14241071428571428 0.8696428571428572 0.06875 0.0875
cl2y7xe87003h396c2n8hv156 0 0.95078125 0.6104166666666667 0.0390625 0.058333333333333334
cl691y4fr000b3b6gl13eulob 1 0.9051204427083335 0.08789930555555556 0.11961588541666668 0.12163194444444446
cl691zdqu000h3b6gpesz4820 0 0.7934187500000001 0.9057999999999999 0.0328125 0.03958333333333333
cl696ekiz00033b6g0yxnl7s9 1 0.2944773706896552 0.22249076354679803 0.065625 0.06875
