cl2y6vcnk0003396crlfnynr8 0 0.4549479166666667 0.14440586419753085 0.046875 0.06041666666666665
cl2y6vvt70008396c0ckvnogs 0 0.2690895833333333 0.07841944444444444 0.0359375 0.05208333333333334
cl2y6w4lz000d396c9ut3tf7y 0 0.203125 0.115625 0.034375 0.04791666666666667
cl2y6ws55000i396ckilwz9ni 0 0.275 0.134375 0.04375 0.052083333333333336
cl2y6x5bp000n396cjm1cw2ku 0 0.18653645833333332 0.13157407407407407 0.042187499999999975 0.05833333333333332
cl2y6xpxp000r396cfihfei9k 0 0.1453125 0.356613025574339 0.040625 0.05416666666666667
cl2y6y2wp000x396cjmwsx95y 0 0.18155737704918035 0.3909409153005464 0.0421875 0.06666666666666667
cl2y6yo4e0014396c3fyhh60p 0 0.4440873579545454 0.6860085227272728 0.046875 0.06875
cl2y6yu2k0018396cf3j7xkar 0 0.5865542763157895 0.7580180921052632 0.04375 0.06041666666666667
cl2y6zf1z001g396cxj1g5ctg 0 0.724170524691358 0.04453446502057613 0.04375 0.06041666666666667
cl2y6zn5g001k396crexidmbw 0 0.8232389214046822 0.06875 0.040625 0.058333333333333334
cl2y70qpu001w396cr03czee2 0 0.8975714285714286 0.4401607142857143 0.040625 0.06041666666666667
cl2y710l10020396cumqlujzb 0 0.8833229166666667 0.5185555555555557 0.0453125 0.06666666666666672
cl2y7181x0024396c92jo5fle 0 0.95390625 0.5177083333333333 0.0484375 0.06875
cl2y71h0y0028396czyytm4ls 0 0.97265625 0.634375 0.0484375 0.07291666666666667
cl2y71xgv002c396c8i3p7ljc 0 0.871234130859375 0.9326497395833333 0.0453125 0.0625
cl2y725lh002g396ct8mx38g5 0 0.13722340838509317 0.9708333333333333 0.05 0.058333333333333334
cl2y73m7r002s396cnsyck1uk 2 0.078125 0.7916666666666666 0.05 0.075
cl2y75jjc002x396cvyzjiqsk 0 0.21171875 0.16458333333333333 0.0453125 0.06666666666666667
cl2y77h1d0032396c2renauon 0 0.9302015692640693 0.4006854256854257 0.040625 0.058333333333333334
cl2y7hcvy0037396c6ud7pt1p 0 0.29537259615384615 0.328525641025641 0.0546875 0.06666666666666667
cl2y7iooi003c396c6izghkdd 0 0.034375 0.41875 0.06875 0.0875
cl2y7xe87003h396c2n8hv156 0 0.95078125 0.6104166666666667 0.0390625 0.058333333333333334
cl2y8fjfg003p396c141178j4 0 0.19140625 0.259375 0.0703125 0.10208333333333333
cl2y94vuu003x396cqcjvxpgf 0 0.69375 0.8166666666666667 0.046875 0.06666666666666667
cl2y96xhq0042396cgnqc44hu 0 0.37734375 0.8104166666666667 0.0671875 0.0875
cl2y9is9a0046396chlhjr8w9 0 0.46328125 0.14270833333333333 0.0546875 0.06875
cl691y4fr000b3b6gl13eulob 1 0.90859375 0.08958333333333333 0.1265625 0.125
cl691zdqu000h3b6gpesz4820 0 0.7979754704301076 0.9043794802867384 0.04222110215053769 0.059655017921146934
cl696ekiz00033b6g0yxnl7s9 1 0.3015625 0.22081625683060108 0.065625 0.07079918032786885
