cl2y6vcnk0003396crlfnynr8 0 0.48317587209302326 0.1843265503875969 0.046875 0.06041666666666667
cl2y6vvt70008396c0ckvnogs 0 0.26953125 0.078125 0.0359375 0.052083333333333336
cl2y6w4lz000d396c9ut3tf7y 0 0.13197916666666668 0.13062500000000002 0.034375 0.04791666666666667
cl2y6ws55000i396ckilwz9ni 0 0.3243566176470588 0.10876225490196077 0.04375 0.052083333333333336
cl2y6x5bp000n396cjm1cw2ku 0 0.18828125 0.12384572072072073 0.0421875 0.05833333333333335
cl2y6xpxp000r396cfihfei9k 0 0.1453125 0.3581951668833983 0.040625 0.05416666666666667
cl2y6y2wp000x396cjmwsx95y 0 0.19059806034482757 0.39060704022988507 0.04375 0.06666666666666667
cl2y6yo4e0014396c3fyhh60p 0 0.4466796875 0.6825520833333333 0.046875 0.06875
cl2y6yu2k0018396cf3j7xkar 0 0.597312062937063 0.7677083333333333 0.04375 0.06041666666666667
cl2y6zf1z001g396cxj1g5ctg 0 0.7244265572390572 0.04589997194163861 0.04375 0.06041666666666667
cl2y6zn5g001k396crexidmbw 0 0.8255278010033444 0.06875 0.040625 0.058333333333333334
cl2y70qpu001w396cr03czee2 0 0.9001516990291263 0.4381371359223301 0.040625 0.06041666666666667
cl2y710l10020396cumqlujzb 0 0.8886224072052402 0.5164847161572053 0.0453125 0.06666666666666672
cl2y7181x0024396c92jo5fle 0 0.95390625 0.5177083333333333 0.0484375 0.06875
cl2y71h0y0028396czyytm4ls 0 0.97265625 0.634375 0.0484375 0.07291666666666667
cl2y71xgv002c396c8i3p7ljc 0 0.875689697265625 0.93740234375 0.0453125 0.0625
cl2y725lh002g396ct8mx38g5 0 0.14076572204968946 0.9708333333333333 0.05 0.058333333333333334
cl2y73m7r002s396cnsyck1uk 2 0.09254261363636365 0.7958333333333333 0.05000000000000001 0.075
cl2y75jjc002x396cvyzjiqsk 0 0.21171875 0.16458333333333333 0.0453125 0.06666666666666667
cl2y77h1d0032396c2renauon 0 0.9341517857142858 0.40595238095238095 0.040625 0.058333333333333334
cl2y7hcvy0037396c6ud7pt1p 0 0.24832589285714285 0.5122023809523809 0.0546875 0.06666666666666661
cl2y7xe87003h396c2n8hv156 0 0.95078125 0.6104166666666667 0.0390625 0.058333333333333334
cl2y8fjfg003p396c141178j4 0 0.2858258928571428 0.09241071428571429 0.0703125 0.10208333333333333
cl2y94vuu003x396cqcjvxpgf 0 0.45591517857142855 0.95625 0.0609375 0.0875
cl2y96xhq0042396cgnqc44hu 0 0.16417410714285713 0.7443452380952381 0.0671875 0.0875
cl2y9is9a0046396chlhjr8w9 0 0.32310267857142855 0.4081845238095238 0.0546875 0.06875
cl691y4fr000b3b6gl13eulob 1 0.90859375 0.08958333333333333 0.1265625 0.125
cl691zdqu000h3b6gpesz4820 0 0.79921875 0.9052083333333333 0.0484375 0.07291666666666667
cl696ekiz00033b6g0yxnl7s9 1 0.30498764124293787 0.22842514124293783 0.065625 0.07916666666666664
