ckz3xadsm00073867s2f56arc 0 0.166796875 0.16354166666666667 0.0375 0.04791666666666667
cl2y6vcnk0003396crlfnynr8 0 0.41910511363636366 0.04734848484848485 0.04687500000000004 0.06041666666666667
cl2y6vvt70008396c0ckvnogs 0 0.2680745442708333 0.07486979166666667 0.03527018229166665 0.052083333333333336
cl2y6w4lz000d396c9ut3tf7y 0 0.25501077586206894 0.08942768199233717 0.034375 0.04791666666666667
cl2y6ws55000i396ckilwz9ni 0 0.2555495689655173 0.13811063218390804 0.04375 0.05208333333333332
cl2y6x5bp000n396cjm1cw2ku 0 0.16145089285714284 0.14741071428571428 0.0421875 0.05833333333333332
cl2y6xpxp000r396cfihfei9k 0 0.1453125 0.35267934547030777 0.040625 0.05416666666666667
cl2y6y2wp000x396cjmwsx95y 0 0.1671152257709251 0.40214757709251103 0.0421875 0.06666666666666667
cl2y6yd760010396csyxzatmo 0 0.094921875 0.48125 0.075 0.1
cl2y6yo4e0014396c3fyhh60p 0 0.4260209517045454 0.6932528409090909 0.046875 0.06875
cl2y6yu2k0018396cf3j7xkar 0 0.5684943181818182 0.7623295454545455 0.04375 0.06041666666666667
cl2y6z5av001c396ch2uc9u30 0 0.8745535714285714 0.32321428571428573 0.040625 0.05416666666666667
cl2y6zf1z001g396cxj1g5ctg 0 0.723533950617284 0.04113940329218106 0.04375 0.06041666666666666
cl2y6zn5g001k396crexidmbw 0 0.8133261494252875 0.075 0.04062500000000009 0.058333333333333334
cl2y702oj001o396ckjtscowe 0 0.69609375 0.2828125 0.075 0.1
cl2y70qpu001w396cr03czee2 0 0.8851247197309418 0.4484445067264574 0.040625 0.06041666666666667
cl2y710l10020396cumqlujzb 0 0.8699987696850394 0.5192011154855644 0.0453125 0.06666666666666667
cl2y7181x0024396c92jo5fle 0 0.9551328855140186 0.5242503894080996 0.0484375 0.06875
cl2y71h0y0028396czyytm4ls 0 0.9738919914448669 0.6261367237008871 0.0484375 0.07291666666666667
cl2y71xgv002c396c8i3p7ljc 0 0.8641102290996784 0.9291666666666667 0.0453125 0.0625
cl2y725lh002g396ct8mx38g5 0 0.12322834645669292 0.9739583333333334 0.05 0.052083333333333336
cl2y72fbh002k396c3n09c56s 0 0.98515625 0.10811584249084248 0.0296875 0.06458333333333334
cl2y72tbg002o396c6g5h89tz 0 0.87421875 0.6380208333333334 0.0640625 0.09375
cl2y73m7r002s396cnsyck1uk 2 0.050162960122699385 0.7839212678936606 0.05 0.075
cl2y75jjc002x396cvyzjiqsk 0 0.21171875 0.16458333333333333 0.0453125 0.06666666666666667
cl2y77h1d0032396c2renauon 0 0.9171875 0.42527173913043476 0.040625 0.058333333333333334
cl2y7iooi003c396c6izghkdd 0 0.1546875 0.9705078125 0.0662109375 0.058984375
cl2y7xe87003h396c2n8hv156 0 0.95078125 0.6104166666666667 0.0390625 0.058333333333333334
cl691y4fr000b3b6gl13eulob 1 0.9019694010416668 0.08637152777777778 0.11331380208333339 0.1185763888888889
cl691zdqu000h3b6gpesz4820 0 0.79121875 0.9079999999999999 0.0328125 0.03958333333333333
cl696ekiz00033b6g0yxnl7s9 1 0.29210668103448273 0.22339388341543515 0.065625 0.06875
