cl2y6vcnk0003396crlfnynr8 0 0.4984375 0.24270833333333333 0.046875 0.06041666666666667
cl2y6vvt70008396c0ckvnogs 0 0.26953125 0.078125 0.0359375 0.052083333333333336
cl2y6w4lz000d396c9ut3tf7y 0 0.05625 0.171875 0.034375 0.04791666666666667
cl2y6ws55000i396ckilwz9ni 0 0.35983952702702704 0.12491554054054052 0.04375 0.05208333333333332
cl2y6x5bp000n396cjm1cw2ku 0 0.21484375 0.10625 0.0421875 0.058333333333333334
cl2y6xpxp000r396cfihfei9k 0 0.1453125 0.36041666666666666 0.040625 0.05416666666666667
cl2y6y2wp000x396cjmwsx95y 0 0.18933593750000002 0.40497395833333333 0.043750000000000025 0.06666666666666667
cl2y6yo4e0014396c3fyhh60p 0 0.4622824367088608 0.6713739451476793 0.046875 0.06875
cl2y6yu2k0018396cf3j7xkar 0 0.6125 0.7635416666666667 0.04375 0.06041666666666667
cl2y6zf1z001g396cxj1g5ctg 0 0.7247860549943883 0.04781729330340442 0.04375 0.060416666666666674
cl2y6zn5g001k396crexidmbw 0 0.8265625 0.06875 0.040625 0.058333333333333334
cl2y70qpu001w396cr03czee2 0 0.9037259615384615 0.43004807692307695 0.040625 0.06041666666666667
cl2y710l10020396cumqlujzb 0 0.8956161299126638 0.512754730713246 0.0453125 0.06666666666666667
cl2y7181x0024396c92jo5fle 0 0.95390625 0.5177083333333333 0.0484375 0.06875
cl2y71h0y0028396czyytm4ls 0 0.97265625 0.634375 0.0484375 0.07291666666666667
cl2y71xgv002c396c8i3p7ljc 0 0.8814371744791666 0.9321831597222222 0.0453125 0.0625
cl2y725lh002g396ct8mx38g5 0 0.14641927083333334 0.9672743055555556 0.05 0.058333333333333334
cl2y73m7r002s396cnsyck1uk 2 0.121875 0.80625 0.05 0.075
cl2y75jjc002x396cvyzjiqsk 0 0.21171875 0.16458333333333333 0.0453125 0.06666666666666667
cl2y77h1d0032396c2renauon 0 0.9580652573529411 0.3983302696078431 0.040625 0.058333333333333334
cl2y7hcvy0037396c6ud7pt1p 0 0.16953125 0.6166666666666667 0.0546875 0.06666666666666667
cl2y7xe87003h396c2n8hv156 0 0.95078125 0.6104166666666667 0.0390625 0.058333333333333334
cl2y9is9a0046396chlhjr8w9 0 0.2890625 0.2375 0.0625 0.07916666666666666
cl2ydfxde004f396clzj0ilmi 0 0.28671875 0.9552083333333333 0.0546875 0.06041666666666667
cl2ydgblh004j396cfhys7a3j 0 0.65078125 0.809375 0.0515625 0.06041666666666667
cl2yhyonl0007396c1c75isha 0 0.8046875 0.38229166666666664 0.046875 0.06041666666666667
cl691y4fr000b3b6gl13eulob 1 0.90859375 0.08958333333333333 0.1265625 0.125
cl691zdqu000h3b6gpesz4820 0 0.79921875 0.9052083333333333 0.0484375 0.07291666666666667
cl696ekiz00033b6g0yxnl7s9 1 0.3122263418079096 0.23566384180790964 0.065625 0.07916666666666669
