ckz3xadsm00073867s2f56arc 0 0.15284090909090908 0.16429924242424246 0.0375 0.049431818181818195
cl2y6vcnk0003396crlfnynr8 0 0.4205965909090909 0.04933712121212121 0.046875 0.06041666666666667
cl2y6vvt70008396c0ckvnogs 0 0.2678304036458333 0.07565104166666667 0.035367838541666655 0.052083333333333336
cl2y6w4lz000d396c9ut3tf7y 0 0.254364224137931 0.09043342911877396 0.034375 0.04791666666666668
cl2y6ws55000i396ckilwz9ni 0 0.25328663793103445 0.13767959770114943 0.04375 0.05208333333333335
cl2y6x5bp000n396cjm1cw2ku 0 0.16171875 0.146875 0.0421875 0.058333333333333334
cl2y6xpxp000r396cfihfei9k 0 0.1453125 0.3527443649761595 0.040625 0.05416666666666667
cl2y6y2wp000x396cjmwsx95y 0 0.1673630231277533 0.4019273127753304 0.0421875 0.06666666666666667
cl2y6yd760010396csyxzatmo 0 0.09247159090909092 0.4727272727272727 0.07500000000000001 0.1
cl2y6yo4e0014396c3fyhh60p 0 0.42628728693181817 0.6933948863636363 0.046875 0.06875
cl2y6yu2k0018396cf3j7xkar 0 0.5688352272727273 0.7625568181818181 0.04375 0.06041666666666667
cl2y6z5av001c396ch2uc9u30 0 0.8866071428571429 0.32976190476190476 0.040625 0.05416666666666667
cl2y6zf1z001g396cxj1g5ctg 0 0.7235444725028058 0.04119552001496445 0.04375 0.06041666666666667
cl2y6zn5g001k396crexidmbw 0 0.813757183908046 0.075 0.040625 0.058333333333333334
cl2y702oj001o396ckjtscowe 0 0.7022727272727273 0.2903409090909091 0.075 0.10000000000000003
cl2y70qpu001w396cr03czee2 0 0.8853769618834081 0.44838845291479823 0.040625 0.06041666666666667
cl2y710l10020396cumqlujzb 0 0.8702202263779528 0.5192503280839895 0.0453125 0.06666666666666667
cl2y7181x0024396c92jo5fle 0 0.9550890771028037 0.5240167445482865 0.0484375 0.06874999999999994
cl2y71h0y0028396czyytm4ls 0 0.9738563450570343 0.6263743662864385 0.0484375 0.07291666666666667
cl2y71xgv002c396c8i3p7ljc 0 0.8642006631832798 0.9291666666666667 0.0453125 0.0625
cl2y725lh002g396ct8mx38g5 0 0.1233759842519685 0.9739583333333334 0.04999999999999999 0.052083333333333336
cl2y72fbh002k396c3n09c56s 0 0.98515625 0.10797847985347987 0.0296875 0.06458333333333335
cl2y72tbg002o396c6g5h89tz 0 0.862002840909091 0.6372159090909091 0.06690340909090917 0.09375
cl2y73m7r002s396cnsyck1uk 2 0.05079562883435582 0.783997955010225 0.049999999999999996 0.075
cl2y75jjc002x396cvyzjiqsk 0 0.21171875 0.16458333333333333 0.0453125 0.06666666666666667
cl2y77h1d0032396c2renauon 0 0.9171875 0.4246195652173913 0.040625 0.058333333333333334
cl2y7iooi003c396c6izghkdd 0 0.1546875 0.9677734375 0.0673828125 0.064453125
cl2y7xe87003h396c2n8hv156 0 0.95078125 0.6104166666666667 0.0390625 0.058333333333333334
cl691y4fr000b3b6gl13eulob 1 0.9021842447916667 0.08647569444444445 0.11374348958333336 0.11878472222222222
cl691zdqu000h3b6gpesz4820 0 0.79136875 0.9078499999999999 0.0328125 0.03958333333333333
cl696ekiz00033b6g0yxnl7s9 1 0.29226831896551725 0.22333230706075533 0.065625 0.06875
