cl2y6vcnk0003396crlfnynr8 0 0.4609375 0.15150462962962966 0.046875 0.06041666666666668
cl2y6vvt70008396c0ckvnogs 0 0.26928125 0.07829166666666666 0.0359375 0.052083333333333336
cl2y6w4lz000d396c9ut3tf7y 0 0.19247685185185187 0.115625 0.034375 0.04791666666666667
cl2y6ws55000i396ckilwz9ni 0 0.28013392857142855 0.13209325396825394 0.04375 0.05208333333333332
cl2y6x5bp000n396cjm1cw2ku 0 0.18671875 0.12907608695652176 0.0421875 0.058333333333333334
cl2y6xpxp000r396cfihfei9k 0 0.1453125 0.3568622670134374 0.040625 0.05416666666666667
cl2y6y2wp000x396cjmwsx95y 0 0.18244108606557377 0.3903517759562841 0.0421875 0.06666666666666667
cl2y6yo4e0014396c3fyhh60p 0 0.44449573863636366 0.6854640151515151 0.046875 0.06875
cl2y6yu2k0018396cf3j7xkar 0 0.5875 0.7583333333333333 0.04375 0.06041666666666667
cl2y6zf1z001g396cxj1g5ctg 0 0.7242108585858585 0.04474957912457912 0.04375 0.06041666666666667
cl2y6zn5g001k396crexidmbw 0 0.8235994983277592 0.06875 0.040625 0.058333333333333334
cl2y70qpu001w396cr03czee2 0 0.8979821428571428 0.4398869047619048 0.040625 0.06041666666666667
cl2y710l10020396cumqlujzb 0 0.8841614583333334 0.5182361111111111 0.0453125 0.06666666666666667
cl2y7181x0024396c92jo5fle 0 0.95390625 0.5177083333333333 0.0484375 0.06875
cl2y71h0y0028396czyytm4ls 0 0.97265625 0.634375 0.0484375 0.07291666666666667
cl2y71xgv002c396c8i3p7ljc 0 0.87193603515625 0.9333984375 0.0453125 0.0625
cl2y725lh002g396ct8mx38g5 0 0.1377814440993789 0.9708333333333333 0.05 0.058333333333333334
cl2y73m7r002s396cnsyck1uk 2 0.08158885542168674 0.7928212851405623 0.05 0.075
cl2y75jjc002x396cvyzjiqsk 0 0.21171875 0.16458333333333333 0.0453125 0.06666666666666667
cl2y77h1d0032396c2renauon 0 0.9308238636363637 0.4015151515151515 0.040625 0.058333333333333334
cl2y7hcvy0037396c6ud7pt1p 0 0.30294471153846153 0.3834935897435897 0.0546875 0.06666666666666667
cl2y7iooi003c396c6izghkdd 0 0.02890625 0.4041666666666667 0.0578125 0.09166666666666666
cl2y7xe87003h396c2n8hv156 0 0.95078125 0.6104166666666667 0.0390625 0.058333333333333334
cl2y8fjfg003p396c141178j4 0 0.23046875 0.24916666666666665 0.0703125 0.10208333333333333
cl2y94vuu003x396cqcjvxpgf 0 0.6418526785714286 0.8086309523809524 0.046875 0.06666666666666667
cl2y96xhq0042396cgnqc44hu 0 0.35625 0.80625 0.0671875 0.0875
cl2y9is9a0046396chlhjr8w9 0 0.41866319444444444 0.16956018518518517 0.0546875 0.06875
cl2yck2ad004b396cui13iuz4 0 0.5419577205882353 0.978125 0.0546875 0.03958333333333333
cl691y4fr000b3b6gl13eulob 1 0.90859375 0.08958333333333333 0.1265625 0.125
cl691zdqu000h3b6gpesz4820 0 0.7982330869175627 0.9045512246117084 0.04350918458781363 0.062402927120669104
cl696ekiz00033b6g0yxnl7s9 1 0.3015625 0.22278005464480877 0.065625 0.07472677595628416
