cl2y6vcnk0003396crlfnynr8 0 0.4740423387096774 0.17247983870967742 0.046875 0.06041666666666667
cl2y6vvt70008396c0ckvnogs 0 0.26953125 0.078125 0.0359375 0.052083333333333336
cl2y6w4lz000d396c9ut3tf7y 0 0.15972782258064516 0.11811155913978494 0.034375 0.04791666666666665
cl2y6ws55000i396ckilwz9ni 0 0.2887632978723404 0.12240691489361702 0.04375 0.052083333333333336
cl2y6x5bp000n396cjm1cw2ku 0 0.18828125 0.12891328828828827 0.0421875 0.05833333333333332
cl2y6xpxp000r396cfihfei9k 0 0.1453125 0.3575449718248808 0.040625 0.05416666666666667
cl2y6y2wp000x396cjmwsx95y 0 0.18860677083333333 0.38958333333333334 0.04361979166666665 0.06666666666666667
cl2y6yo4e0014396c3fyhh60p 0 0.4456143465909091 0.6839725378787879 0.046875 0.06875
cl2y6yu2k0018396cf3j7xkar 0 0.5900904605263158 0.7591968201754385 0.04375 0.06041666666666667
cl2y6zf1z001g396cxj1g5ctg 0 0.7243213383838384 0.04533880471380471 0.04375 0.06041666666666667
cl2y6zn5g001k396crexidmbw 0 0.8245871655518394 0.06875 0.040625 0.058333333333333334
cl2y70qpu001w396cr03czee2 0 0.8991071428571429 0.43913690476190476 0.040625 0.06041666666666667
cl2y710l10020396cumqlujzb 0 0.8864583333333333 0.517361111111111 0.0453125 0.06666666666666661
cl2y7181x0024396c92jo5fle 0 0.95390625 0.5177083333333333 0.0484375 0.06875
cl2y71h0y0028396czyytm4ls 0 0.97265625 0.634375 0.0484375 0.07291666666666667
cl2y71xgv002c396c8i3p7ljc 0 0.873858642578125 0.93544921875 0.0453125 0.0625
cl2y725lh002g396ct8mx38g5 0 0.13930997670807455 0.9708333333333333 0.05 0.058333333333333334
cl2y73m7r002s396cnsyck1uk 2 0.09071631493506493 0.7958333333333333 0.05 0.075
cl2y75jjc002x396cvyzjiqsk 0 0.21171875 0.16458333333333333 0.0453125 0.06666666666666667
cl2y77h1d0032396c2renauon 0 0.9325284090909092 0.40378787878787875 0.040625 0.058333333333333334
cl2y7hcvy0037396c6ud7pt1p 0 0.25390625 0.41875 0.0546875 0.06666666666666667
cl2y7xe87003h396c2n8hv156 0 0.95078125 0.6104166666666667 0.0390625 0.058333333333333334
cl2y8fjfg003p396c141178j4 0 0.25546875 0.17395833333333333 0.0703125 0.10208333333333333
cl2y94vuu003x396cqcjvxpgf 0 0.521484375 0.853125 0.05703125 0.08333333333333333
cl2y96xhq0042396cgnqc44hu 0 0.26953125 0.7322916666666667 0.0671875 0.0875
cl2y9is9a0046396chlhjr8w9 0 0.3512852822580645 0.28316532258064514 0.0546875 0.06874999999999996
cl691y4fr000b3b6gl13eulob 1 0.90859375 0.08958333333333333 0.1265625 0.125
cl691zdqu000h3b6gpesz4820 0 0.798938732078853 0.9050216547192353 0.047037410394265323 0.06992980884109912
cl696ekiz00033b6g0yxnl7s9 1 0.30286899717514126 0.22630649717514123 0.065625 0.07916666666666666
