cl2y6vcnk0003396crlfnynr8 0 0.4829427083333333 0.19791666666666666 0.046875 0.06041666666666667
cl2y6vvt70008396c0ckvnogs 0 0.26953125 0.078125 0.0359375 0.052083333333333336
cl2y6w4lz000d396c9ut3tf7y 0 0.11428571428571428 0.13229166666666667 0.03437499999999999 0.04791666666666667
cl2y6ws55000i396ckilwz9ni 0 0.317265625 0.15104166666666666 0.04375 0.052083333333333336
cl2y6x5bp000n396cjm1cw2ku 0 0.19112723214285715 0.11331845238095237 0.042187500000000024 0.05833333333333332
cl2y6xpxp000r396cfihfei9k 0 0.1453125 0.3587911790203728 0.040625 0.05416666666666667
cl2y6y2wp000x396cjmwsx95y 0 0.19207974137931036 0.3915948275862069 0.043750000000000025 0.06666666666666667
cl2y6yo4e0014396c3fyhh60p 0 0.44954490291262134 0.6822916666666666 0.046875 0.06875
cl2y6yu2k0018396cf3j7xkar 0 0.5997159090909091 0.7677083333333333 0.04375 0.06041666666666667
cl2y6zf1z001g396cxj1g5ctg 0 0.7245230078563412 0.04641437523381967 0.04375 0.06041666666666667
cl2y6zn5g001k396crexidmbw 0 0.8263900501672241 0.06875 0.040625 0.058333333333333334
cl2y70qpu001w396cr03czee2 0 0.9009860436893204 0.43591221682847897 0.040625 0.06041666666666667
cl2y710l10020396cumqlujzb 0 0.8904987718340612 0.5154839883551674 0.0453125 0.06666666666666661
cl2y7181x0024396c92jo5fle 0 0.95390625 0.5177083333333333 0.0484375 0.06875
cl2y71h0y0028396czyytm4ls 0 0.97265625 0.634375 0.0484375 0.07291666666666667
cl2y71xgv002c396c8i3p7ljc 0 0.87578125 0.9306216931216932 0.0453125 0.0625
cl2y725lh002g396ct8mx38g5 0 0.1421001552795031 0.9708333333333333 0.05 0.058333333333333334
cl2y73m7r002s396cnsyck1uk 2 0.09421672077922079 0.7958333333333333 0.05000000000000001 0.075
cl2y75jjc002x396cvyzjiqsk 0 0.21171875 0.16458333333333333 0.0453125 0.06666666666666667
cl2y77h1d0032396c2renauon 0 0.935639880952381 0.40793650793650793 0.040625 0.058333333333333334
cl2y7hcvy0037396c6ud7pt1p 0 0.28098958333333335 0.6118055555555556 0.0546875 0.06666666666666667
cl2y7xe87003h396c2n8hv156 0 0.95078125 0.6104166666666667 0.0390625 0.058333333333333334
cl2y8fjfg003p396c141178j4 0 0.2986979166666667 0.034375 0.0703125 0.06875
cl2y96xhq0042396cgnqc44hu 0 0.05859375 0.7277777777777777 0.0671875 0.0875
cl2y9is9a0046396chlhjr8w9 0 0.24947916666666664 0.4444444444444445 0.0625 0.07916666666666666
cl691y4fr000b3b6gl13eulob 1 0.90859375 0.08958333333333333 0.1265625 0.125
cl691zdqu000h3b6gpesz4820 0 0.79921875 0.9052083333333333 0.0484375 0.07291666666666667
cl696ekiz00033b6g0yxnl7s9 1 0.3069297316384181 0.23036723163841805 0.065625 0.07916666666666664
