cl2y6vcnk0003396crlfnynr8 0 0.42903343023255813 0.08035368217054263 0.046875 0.06041666666666667
cl2y6vvt70008396c0ckvnogs 0 0.2670645833333333 0.07976944444444443 0.0359375 0.052083333333333336
cl2y6w4lz000d396c9ut3tf7y 0 0.21683467741935486 0.1101478494623656 0.034375 0.04791666666666667
cl2y6ws55000i396ckilwz9ni 0 0.25558035714285715 0.10699404761904761 0.04375 0.052083333333333336
cl2y6x5bp000n396cjm1cw2ku 0 0.17682291666666666 0.13958333333333334 0.0421875 0.058333333333333334
cl2y6xpxp000r396cfihfei9k 0 0.1453125 0.35397973558734286 0.040625 0.05416666666666667
cl2y6y2wp000x396cjmwsx95y 0 0.172071172907489 0.39774229074889866 0.0421875 0.06666666666666667
cl2y6yo4e0014396c3fyhh60p 0 0.43134765625 0.69609375 0.046875 0.06875
cl2y6yu2k0018396cf3j7xkar 0 0.575252619760479 0.7646394710578843 0.04375 0.06041666666666667
cl2y6z5av001c396ch2uc9u30 0 0.9796875 0.5583333333333333 0.040625 0.05416666666666667
cl2y6zf1z001g396cxj1g5ctg 0 0.7237443883277217 0.04226173774784885 0.04375 0.06041666666666667
cl2y6zn5g001k396crexidmbw 0 0.8180950598802396 0.075 0.040625 0.058333333333333334
cl2y702oj001o396ckjtscowe 0 0.8003125000000001 0.35291666666666666 0.0750000000000001 0.1
cl2y70qpu001w396cr03czee2 0 0.890169562780269 0.44732343049327355 0.040625 0.06041666666666667
cl2y710l10020396cumqlujzb 0 0.874427903543307 0.5201853674540683 0.0453125 0.06666666666666667
cl2y7181x0024396c92jo5fle 0 0.9542567172897197 0.519577492211838 0.0484375 0.06875000000000006
cl2y71h0y0028396czyytm4ls 0 0.9731790636882129 0.6308895754119138 0.0484375 0.07291666666666667
cl2y71xgv002c396c8i3p7ljc 0 0.8659189107717042 0.9291666666666667 0.0453125 0.0625
cl2y725lh002g396ct8mx38g5 0 0.12618110236220473 0.9739583333333334 0.05 0.052083333333333336
cl2y72fbh002k396c3n09c56s 0 0.98515625 0.10536858974358974 0.0296875 0.06458333333333334
cl2y72tbg002o396c6g5h89tz 0 0.665625 0.7060416666666666 0.071875 0.09375
cl2y73m7r002s396cnsyck1uk 2 0.0627858231707317 0.7854166666666667 0.049999999999999996 0.075
cl2y75jjc002x396cvyzjiqsk 0 0.21171875 0.16458333333333333 0.0453125 0.06666666666666667
cl2y77h1d0032396c2renauon 0 0.9273777173913043 0.40778985507246374 0.040625 0.058333333333333334
cl2y7hcvy0037396c6ud7pt1p 0 0.09665178571428572 0.1842261904761905 0.04062500000000001 0.058333333333333334
cl2y7iooi003c396c6izghkdd 0 0.13 0.8210416666666667 0.06875 0.0875
cl2y7xe87003h396c2n8hv156 0 0.95078125 0.6104166666666667 0.0390625 0.058333333333333334
cl691y4fr000b3b6gl13eulob 1 0.9062662760416668 0.08845486111111112 0.1219075520833334 0.12274305555555556
cl691zdqu000h3b6gpesz4820 0 0.79421875 0.9049999999999999 0.03281249999999991 0.03958333333333333
cl696ekiz00033b6g0yxnl7s9 1 0.2953394396551724 0.2221623563218391 0.065625 0.06875
