cl2y6vcnk0003396crlfnynr8 0 0.42778846153846156 0.06873397435897435 0.046875 0.06041666666666667
cl2y6vvt70008396c0ckvnogs 0 0.26673958333333336 0.0799861111111111 0.0359375 0.05208333333333333
cl2y6w4lz000d396c9ut3tf7y 0 0.22804054054054052 0.09524211711711712 0.034375 0.04791666666666667
cl2y6ws55000i396ckilwz9ni 0 0.24229343220338984 0.1377295197740113 0.04375 0.052083333333333336
cl2y6x5bp000n396cjm1cw2ku 0 0.17392113095238096 0.13958333333333334 0.0421875 0.058333333333333334
cl2y6xpxp000r396cfihfei9k 0 0.1453125 0.35355710879930646 0.040625 0.05416666666666667
cl2y6y2wp000x396cjmwsx95y 0 0.17046049008810574 0.3991740088105727 0.0421875 0.06666666666666667
cl2y6yo4e0014396c3fyhh60p 0 0.4296164772727272 0.6951704545454546 0.046875 0.06875
cl2y6yu2k0018396cf3j7xkar 0 0.573063248502994 0.7641529441117765 0.04375 0.06041666666666667
cl2y6z5av001c396ch2uc9u30 0 0.9796875 0.4708333333333333 0.040625 0.05416666666666667
cl2y6zf1z001g396cxj1g5ctg 0 0.7236759960718294 0.04189697904975683 0.04375 0.06041666666666667
cl2y6zn5g001k396crexidmbw 0 0.817000374251497 0.075 0.040625 0.058333333333333334
cl2y702oj001o396ckjtscowe 0 0.7578125 0.34255952380952376 0.075 0.1
cl2y70qpu001w396cr03czee2 0 0.8885299887892376 0.4476877802690583 0.040625 0.06041666666666667
cl2y710l10020396cumqlujzb 0 0.87298843503937 0.5198654855643045 0.0453125 0.06666666666666667
cl2y7181x0024396c92jo5fle 0 0.9545414719626167 0.5210961838006231 0.0484375 0.06875
cl2y71h0y0028396czyytm4ls 0 0.9734107652091255 0.6293448986058301 0.0484375 0.07291666666666667
cl2y71xgv002c396c8i3p7ljc 0 0.8653310892282958 0.9291666666666667 0.0453125 0.0625
cl2y725lh002g396ct8mx38g5 0 0.12522145669291337 0.9739583333333334 0.05 0.052083333333333336
cl2y72fbh002k396c3n09c56s 0 0.98515625 0.1062614468864469 0.0296875 0.06458333333333335
cl2y72tbg002o396c6g5h89tz 0 0.7272321428571429 0.6605654761904761 0.071875 0.09375
cl2y73m7r002s396cnsyck1uk 2 0.058703987730061344 0.7849565439672801 0.05 0.075
cl2y75jjc002x396cvyzjiqsk 0 0.21171875 0.16458333333333333 0.0453125 0.06666666666666667
cl2y77h1d0032396c2renauon 0 0.9267153532608695 0.4082314311594203 0.040625 0.058333333333333334
cl2y7hcvy0037396c6ud7pt1p 0 0.06919642857142858 0.12410714285714285 0.040625 0.058333333333333334
cl2y7iooi003c396c6izghkdd 0 0.1392857142857143 0.8821428571428572 0.06875 0.0875
cl2y7xe87003h396c2n8hv156 0 0.95078125 0.6104166666666667 0.0390625 0.058333333333333334
cl691y4fr000b3b6gl13eulob 1 0.9048697916666667 0.08777777777777777 0.11911458333333336 0.1213888888888889
cl691zdqu000h3b6gpesz4820 0 0.79324375 0.905975 0.03281250000000009 0.03958333333333333
cl696ekiz00033b6g0yxnl7s9 1 0.29428879310344824 0.2225626026272578 0.065625 0.06875
