cl2y6vcnk0003396crlfnynr8 0 0.4277163461538461 0.06806089743589744 0.046875 0.060416666666666674
cl2y6vvt70008396c0ckvnogs 0 0.26671458333333337 0.08000277777777778 0.0359375 0.052083333333333336
cl2y6w4lz000d396c9ut3tf7y 0 0.22943412162162163 0.09405968468468467 0.034375 0.04791666666666667
cl2y6ws55000i396ckilwz9ni 0 0.2418167372881356 0.13825918079096045 0.04375 0.05208333333333332
cl2y6x5bp000n396cjm1cw2ku 0 0.17369791666666667 0.13958333333333334 0.0421875 0.058333333333333334
cl2y6xpxp000r396cfihfei9k 0 0.1453125 0.35352459904638056 0.040625 0.05416666666666667
cl2y6y2wp000x396cjmwsx95y 0 0.17033659140969165 0.399284140969163 0.0421875 0.06666666666666667
cl2y6yo4e0014396c3fyhh60p 0 0.42948330965909093 0.6950994318181818 0.046875 0.06875
cl2y6yu2k0018396cf3j7xkar 0 0.5728948353293413 0.7641155189620759 0.04375 0.06041666666666667
cl2y6z5av001c396ch2uc9u30 0 0.9796875 0.46458333333333335 0.040625 0.05416666666666667
cl2y6zf1z001g396cxj1g5ctg 0 0.7236707351290684 0.04186892068836513 0.04375 0.06041666666666667
cl2y6zn5g001k396crexidmbw 0 0.8169161676646708 0.075 0.04062500000000009 0.058333333333333334
cl2y702oj001o396ckjtscowe 0 0.753125 0.3416666666666667 0.075 0.1
cl2y70qpu001w396cr03czee2 0 0.8884038677130045 0.44771580717488785 0.040625 0.06041666666666667
cl2y710l10020396cumqlujzb 0 0.8728777066929133 0.5198408792650918 0.0453125 0.06666666666666667
cl2y7181x0024396c92jo5fle 0 0.9545633761682243 0.5212130062305297 0.0484375 0.06875000000000006
cl2y71h0y0028396czyytm4ls 0 0.9734285884030418 0.6292260773130545 0.0484375 0.07291666666666667
cl2y71xgv002c396c8i3p7ljc 0 0.8652858721864952 0.9291666666666667 0.0453125 0.0625
cl2y725lh002g396ct8mx38g5 0 0.1251476377952756 0.9739583333333334 0.05 0.052083333333333336
cl2y72fbh002k396c3n09c56s 0 0.98515625 0.10633012820512819 0.0296875 0.06458333333333331
cl2y72tbg002o396c6g5h89tz 0 0.73125 0.6489583333333333 0.071875 0.09375
cl2y73m7r002s396cnsyck1uk 2 0.05838765337423313 0.784918200408998 0.05 0.075
cl2y75jjc002x396cvyzjiqsk 0 0.21171875 0.16458333333333333 0.0453125 0.06666666666666667
cl2y77h1d0032396c2renauon 0 0.9266644021739131 0.40826539855072463 0.040625 0.058333333333333334
cl2y7hcvy0037396c6ud7pt1p 0 0.071875 0.125 0.040625 0.058333333333333334
cl2y7iooi003c396c6izghkdd 0 0.1359375 0.8875 0.06875 0.0875
cl2y7xe87003h396c2n8hv156 0 0.95078125 0.6104166666666667 0.0390625 0.058333333333333334
cl691y4fr000b3b6gl13eulob 1 0.9047623697916667 0.08772569444444445 0.11889973958333329 0.12128472222222222
cl691zdqu000h3b6gpesz4820 0 0.7931687500000001 0.90605 0.03281250000000009 0.03958333333333333
cl696ekiz00033b6g0yxnl7s9 1 0.29420797413793104 0.2225933908045977 0.065625 0.06875
