cl2y6vcnk0003396crlfnynr8 0 0.471875 0.16909722222222223 0.046875 0.06041666666666667
cl2y6vvt70008396c0ckvnogs 0 0.26953125 0.078125 0.0359375 0.052083333333333336
cl2y6w4lz000d396c9ut3tf7y 0 0.16510416666666666 0.11770833333333333 0.034375 0.04791666666666667
cl2y6ws55000i396ckilwz9ni 0 0.28766622340425535 0.1243572695035461 0.04375 0.052083333333333336
cl2y6x5bp000n396cjm1cw2ku 0 0.1878645833333333 0.12805555555555556 0.042187499999999975 0.058333333333333334
cl2y6xpxp000r396cfihfei9k 0 0.1453125 0.35742576939748594 0.040625 0.05416666666666667
cl2y6y2wp000x396cjmwsx95y 0 0.18693576388888888 0.38958333333333334 0.04314236111111114 0.06666666666666667
cl2y6yo4e0014396c3fyhh60p 0 0.4454190340909091 0.6842329545454545 0.046875 0.06875
cl2y6yu2k0018396cf3j7xkar 0 0.5896381578947368 0.759046052631579 0.04375 0.06041666666666667
cl2y6zf1z001g396cxj1g5ctg 0 0.7243020482603816 0.04523592405536849 0.04375 0.06041666666666666
cl2y6zn5g001k396crexidmbw 0 0.8244147157190636 0.06875 0.040625 0.058333333333333334
cl2y70qpu001w396cr03czee2 0 0.8989107142857143 0.43926785714285715 0.040625 0.06041666666666667
cl2y710l10020396cumqlujzb 0 0.8860572916666667 0.5175138888888889 0.0453125 0.06666666666666672
cl2y7181x0024396c92jo5fle 0 0.95390625 0.5177083333333333 0.0484375 0.06875
cl2y71h0y0028396czyytm4ls 0 0.97265625 0.634375 0.0484375 0.07291666666666667
cl2y71xgv002c396c8i3p7ljc 0 0.87352294921875 0.9350911458333333 0.0453125 0.0625
cl2y725lh002g396ct8mx38g5 0 0.1390430900621118 0.9708333333333333 0.05 0.058333333333333334
cl2y73m7r002s396cnsyck1uk 2 0.08942018072289157 0.7954317269076305 0.05000000000000001 0.075
cl2y75jjc002x396cvyzjiqsk 0 0.21171875 0.16458333333333333 0.0453125 0.06666666666666667
cl2y77h1d0032396c2renauon 0 0.93223079004329 0.4033910533910534 0.040625 0.058333333333333334
cl2y7hcvy0037396c6ud7pt1p 0 0.25546875 0.4253472222222222 0.0546875 0.06666666666666667
cl2y7xe87003h396c2n8hv156 0 0.95078125 0.6104166666666667 0.0390625 0.058333333333333334
cl2y8fjfg003p396c141178j4 0 0.2527629573170732 0.19214939024390246 0.0703125 0.10208333333333333
cl2y94vuu003x396cqcjvxpgf 0 0.5360416666666667 0.8361111111111111 0.05145833333333334 0.0758333333333334
cl2y96xhq0042396cgnqc44hu 0 0.28890625000000003 0.7384722222222222 0.0671875 0.0875
cl2y9is9a0046396chlhjr8w9 0 0.350390625 0.25017361111111114 0.0546875 0.06875000000000003
cl691y4fr000b3b6gl13eulob 1 0.90859375 0.08958333333333333 0.1265625 0.125
cl691zdqu000h3b6gpesz4820 0 0.7988155241935484 0.9049395161290322 0.046421370967741994 0.06861559139784947
cl696ekiz00033b6g0yxnl7s9 1 0.3024805790960452 0.2259180790960452 0.065625 0.07916666666666666
