cl2y6vcnk0003396crlfnynr8 0 0.5007401315789474 0.2618969298245614 0.046875 0.06041666666666667
cl2y6vvt70008396c0ckvnogs 0 0.26953125 0.078125 0.0359375 0.052083333333333336
cl2y6w4lz000d396c9ut3tf7y 0 0.043229166666666666 0.178125 0.034374999999999996 0.04791666666666667
cl2y6ws55000i396ckilwz9ni 0 0.36414695945945946 0.14023085585585585 0.04375 0.052083333333333336
cl2y6x5bp000n396cjm1cw2ku 0 0.22125538793103447 0.10380747126436782 0.0421875 0.058333333333333334
cl2y6xpxp000r396cfihfei9k 0 0.1453125 0.36041666666666666 0.040625 0.05416666666666667
cl2y6y2wp000x396cjmwsx95y 0 0.19013310185185187 0.40529835390946506 0.04375 0.06666666666666667
cl2y6yo4e0014396c3fyhh60p 0 0.4656375 0.6697916666666667 0.046875 0.06875
cl2y6yu2k0018396cf3j7xkar 0 0.6203381147540983 0.7687670765027322 0.04375 0.06041666666666667
cl2y6zf1z001g396cxj1g5ctg 0 0.7248754910213243 0.04829428544706323 0.04375 0.060416666666666674
cl2y6zn5g001k396crexidmbw 0 0.8265625 0.06875 0.040625 0.058333333333333334
cl2y70qpu001w396cr03czee2 0 0.9071314102564102 0.42913995726495724 0.040625 0.06041666666666667
cl2y710l10020396cumqlujzb 0 0.89609375 0.5125 0.0453125 0.06666666666666667
cl2y7181x0024396c92jo5fle 0 0.95390625 0.5177083333333333 0.0484375 0.06875
cl2y71h0y0028396czyytm4ls 0 0.97265625 0.634375 0.0484375 0.07291666666666667
cl2y71xgv002c396c8i3p7ljc 0 0.8835123697916666 0.9332899305555556 0.0453125 0.0625
cl2y725lh002g396ct8mx38g5 0 0.146875 0.9666666666666667 0.05 0.058333333333333334
cl2y73m7r002s396cnsyck1uk 2 0.1310032894736842 0.8145833333333333 0.05 0.075
cl2y75jjc002x396cvyzjiqsk 0 0.21171875 0.16458333333333333 0.0453125 0.06666666666666667
cl2y77h1d0032396c2renauon 0 0.9615808823529411 0.3944240196078431 0.040625 0.058333333333333334
cl2y7hcvy0037396c6ud7pt1p 0 0.18203125 0.6362318840579709 0.0546875 0.06666666666666667
cl2y7xe87003h396c2n8hv156 0 0.95078125 0.6104166666666667 0.0390625 0.058333333333333334
cl2y9is9a0046396chlhjr8w9 0 0.3739583333333333 0.19398148148148148 0.06249999999999996 0.07916666666666666
cl2ydfxde004f396clzj0ilmi 0 0.30528492647058825 0.9697916666666667 0.0546875 0.06041666666666667
cl2ydgblh004j396cfhys7a3j 0 0.6763020833333333 0.717013888888889 0.0515625 0.06041666666666667
cl2yhyonl0007396c1c75isha 0 0.7307291666666667 0.40405092592592595 0.046875 0.06041666666666667
cl2yib5ts000b396cekhoxqfd 0 0.9593149038461538 0.9466346153846154 0.0515625 0.059935897435897445
cl2yibj50000g396czhbho4cb 0 0.9206129807692307 0.9065705128205129 0.052764423076923174 0.06858974358974367
cl691y4fr000b3b6gl13eulob 1 0.90859375 0.08958333333333333 0.1265625 0.125
cl691zdqu000h3b6gpesz4820 0 0.79921875 0.9052083333333333 0.0484375 0.07291666666666667
cl696ekiz00033b6g0yxnl7s9 1 0.31402718926553674 0.23746468926553674 0.065625 0.07916666666666666
