cl2y6vcnk0003396crlfnynr8 0 0.4811046511627907 0.18064437984496123 0.046875 0.06041666666666667
cl2y6vvt70008396c0ckvnogs 0 0.26953125 0.078125 0.0359375 0.052083333333333336
cl2y6w4lz000d396c9ut3tf7y 0 0.13892663043478262 0.11734601449275361 0.034375 0.04791666666666665
cl2y6ws55000i396ckilwz9ni 0 0.32119140625 0.08619791666666667 0.04375 0.052083333333333336
cl2y6x5bp000n396cjm1cw2ku 0 0.18828125 0.12545045045045045 0.0421875 0.05833333333333332
cl2y6xpxp000r396cfihfei9k 0 0.1453125 0.35798927178153445 0.040625 0.05416666666666667
cl2y6y2wp000x396cjmwsx95y 0 0.19008620689655173 0.3902658045977011 0.04375 0.06666666666666667
cl2y6yo4e0014396c3fyhh60p 0 0.4463423295454546 0.6830018939393939 0.046875 0.06875
cl2y6yu2k0018396cf3j7xkar 0 0.5953547297297297 0.7656813063063063 0.04375 0.06041666666666667
cl2y6zf1z001g396cxj1g5ctg 0 0.7243932379349046 0.045722268986157874 0.04375 0.06041666666666667
cl2y6zn5g001k396crexidmbw 0 0.8252299331103679 0.06875 0.040625 0.058333333333333334
cl2y70qpu001w396cr03czee2 0 0.8998392857142857 0.4386488095238095 0.040625 0.06041666666666667
cl2y710l10020396cumqlujzb 0 0.8879531249999999 0.5167916666666666 0.0453125 0.06666666666666667
cl2y7181x0024396c92jo5fle 0 0.95390625 0.5177083333333333 0.0484375 0.06875
cl2y71h0y0028396czyytm4ls 0 0.97265625 0.634375 0.0484375 0.07291666666666667
cl2y71xgv002c396c8i3p7ljc 0 0.87510986328125 0.9367838541666667 0.0453125 0.0625
cl2y725lh002g396ct8mx38g5 0 0.14030473602484472 0.9708333333333333 0.05 0.058333333333333334
cl2y73m7r002s396cnsyck1uk 2 0.09196428571428572 0.7958333333333333 0.05000000000000001 0.075
cl2y75jjc002x396cvyzjiqsk 0 0.21171875 0.16458333333333333 0.0453125 0.06666666666666667
cl2y77h1d0032396c2renauon 0 0.9336377164502165 0.4052669552669553 0.040625 0.058333333333333334
cl2y7hcvy0037396c6ud7pt1p 0 0.2506893382352941 0.4878676470588236 0.0546875 0.06666666666666667
cl2y7xe87003h396c2n8hv156 0 0.95078125 0.6104166666666667 0.0390625 0.058333333333333334
cl2y8fjfg003p396c141178j4 0 0.2801930147058823 0.09908088235294119 0.0703125 0.10208333333333333
cl2y94vuu003x396cqcjvxpgf 0 0.4756392045454546 0.9357954545454545 0.0609375 0.0875
cl2y96xhq0042396cgnqc44hu 0 0.18998579545454547 0.7537878787878788 0.0671875 0.0875
cl2y9is9a0046396chlhjr8w9 0 0.34515625 0.3589583333333334 0.0546875 0.06875
cl691y4fr000b3b6gl13eulob 1 0.90859375 0.08958333333333333 0.1265625 0.125
cl691zdqu000h3b6gpesz4820 0 0.79921875 0.9052083333333333 0.0484375 0.07291666666666667
cl696ekiz00033b6g0yxnl7s9 1 0.3043167372881356 0.22775423728813557 0.065625 0.07916666666666666
