cl2y6vcnk0003396crlfnynr8 0 0.48382994186046513 0.18548934108527132 0.046875 0.06041666666666667
cl2y6vvt70008396c0ckvnogs 0 0.26953125 0.078125 0.0359375 0.052083333333333336
cl2y6w4lz000d396c9ut3tf7y 0 0.13072916666666667 0.128125 0.034375 0.04791666666666667
cl2y6ws55000i396ckilwz9ni 0 0.32104779411764706 0.11096813725490197 0.04375 0.052083333333333336
cl2y6x5bp000n396cjm1cw2ku 0 0.18828125 0.12333896396396397 0.0421875 0.05833333333333335
cl2y6xpxp000r396cfihfei9k 0 0.1453125 0.3582601863892501 0.040625 0.05416666666666667
cl2y6y2wp000x396cjmwsx95y 0 0.19075969827586206 0.39071479885057475 0.043749999999999976 0.06666666666666667
cl2y6yo4e0014396c3fyhh60p 0 0.4467862215909091 0.6824100378787878 0.046875 0.06875
cl2y6yu2k0018396cf3j7xkar 0 0.5975743006993006 0.7677083333333333 0.04375 0.06041666666666667
cl2y6zf1z001g396cxj1g5ctg 0 0.7244370791245791 0.045956088664422 0.04375 0.06041666666666667
cl2y6zn5g001k396crexidmbw 0 0.825621864548495 0.06875 0.040625 0.058333333333333334
cl2y70qpu001w396cr03czee2 0 0.900242718446602 0.4378944174757281 0.040625 0.06041666666666667
cl2y710l10020396cumqlujzb 0 0.8888271015283843 0.5163755458515283 0.0453125 0.06666666666666667
cl2y7181x0024396c92jo5fle 0 0.95390625 0.5177083333333333 0.0484375 0.06875
cl2y71h0y0028396czyytm4ls 0 0.97265625 0.634375 0.0484375 0.07291666666666667
cl2y71xgv002c396c8i3p7ljc 0 0.87578125 0.9371031746031746 0.0453125 0.0625
cl2y725lh002g396ct8mx38g5 0 0.14091129658385093 0.9708333333333333 0.05 0.058333333333333334
cl2y73m7r002s396cnsyck1uk 2 0.09272524350649351 0.7958333333333333 0.05000000000000001 0.075
cl2y75jjc002x396cvyzjiqsk 0 0.21171875 0.16458333333333333 0.0453125 0.06666666666666667
cl2y77h1d0032396c2renauon 0 0.9343141233766235 0.4061688311688311 0.040625 0.058333333333333334
cl2y7hcvy0037396c6ud7pt1p 0 0.25890625 0.5204166666666666 0.0546875 0.06666666666666667
cl2y7xe87003h396c2n8hv156 0 0.95078125 0.6104166666666667 0.0390625 0.058333333333333334
cl2y8fjfg003p396c141178j4 0 0.29171874999999997 0.0775 0.0703125 0.10208333333333333
cl2y94vuu003x396cqcjvxpgf 0 0.4518973214285714 0.95625 0.0609375 0.0875
cl2y96xhq0042396cgnqc44hu 0 0.1513671875 0.7502604166666667 0.0671875 0.0875
cl2y9is9a0046396chlhjr8w9 0 0.32765625 0.41729166666666667 0.0546875 0.06875
cl691y4fr000b3b6gl13eulob 1 0.90859375 0.08958333333333333 0.1265625 0.125
cl691zdqu000h3b6gpesz4820 0 0.79921875 0.9052083333333333 0.0484375 0.07291666666666667
cl696ekiz00033b6g0yxnl7s9 1 0.30519950564971754 0.22863700564971753 0.065625 0.07916666666666669
