cl2y6vcnk0003396crlfnynr8 0 0.4842122395833333 0.18776041666666668 0.046875 0.06041666666666667
cl2y6vvt70008396c0ckvnogs 0 0.26953125 0.078125 0.0359375 0.052083333333333336
cl2y6w4lz000d396c9ut3tf7y 0 0.128515625 0.12760416666666666 0.034375 0.04791666666666667
cl2y6ws55000i396ckilwz9ni 0 0.31661931818181815 0.11695075757575758 0.04375 0.05208333333333335
cl2y6x5bp000n396cjm1cw2ku 0 0.18828125 0.12137345679012344 0.0421875 0.05833333333333332
cl2y6xpxp000r396cfihfei9k 0 0.1453125 0.3583685522323364 0.040625 0.05416666666666667
cl2y6y2wp000x396cjmwsx95y 0 0.1910290948275862 0.39089439655172414 0.04375 0.06666666666666667
cl2y6yo4e0014396c3fyhh60p 0 0.4471783980582524 0.6822916666666666 0.046875 0.06875
cl2y6yu2k0018396cf3j7xkar 0 0.5980113636363636 0.7677083333333333 0.04375 0.06041666666666667
cl2y6zf1z001g396cxj1g5ctg 0 0.7244546156004489 0.04604961653572765 0.04375 0.06041666666666667
cl2y6zn5g001k396crexidmbw 0 0.8257786371237458 0.06875 0.040625 0.058333333333333334
cl2y70qpu001w396cr03czee2 0 0.9003944174757281 0.4374898867313916 0.040625 0.06041666666666667
cl2y710l10020396cumqlujzb 0 0.8891682587336245 0.516193595342067 0.0453125 0.06666666666666672
cl2y7181x0024396c92jo5fle 0 0.95390625 0.5177083333333333 0.0484375 0.06875
cl2y71h0y0028396czyytm4ls 0 0.97265625 0.634375 0.0484375 0.07291666666666667
cl2y71xgv002c396c8i3p7ljc 0 0.87578125 0.9357804232804233 0.0453125 0.0625
cl2y725lh002g396ct8mx38g5 0 0.14115392080745343 0.9708333333333333 0.05 0.058333333333333334
cl2y73m7r002s396cnsyck1uk 2 0.09302962662337662 0.7958333333333333 0.04999999999999999 0.075
cl2y75jjc002x396cvyzjiqsk 0 0.21171875 0.16458333333333333 0.0453125 0.06666666666666667
cl2y77h1d0032396c2renauon 0 0.934584686147186 0.4065295815295815 0.040625 0.058333333333333334
cl2y7hcvy0037396c6ud7pt1p 0 0.2484375 0.5546875 0.0546875 0.06666666666666667
cl2y7xe87003h396c2n8hv156 0 0.95078125 0.6104166666666667 0.0390625 0.058333333333333334
cl2y8fjfg003p396c141178j4 0 0.30859375 0.07291666666666667 0.0703125 0.10208333333333333
cl2y96xhq0042396cgnqc44hu 0 0.134375 0.7552083333333334 0.0671875 0.0875
cl2y9is9a0046396chlhjr8w9 0 0.3129340277777778 0.4304398148148148 0.0546875 0.06875
cl691y4fr000b3b6gl13eulob 1 0.90859375 0.08958333333333333 0.1265625 0.125
cl691zdqu000h3b6gpesz4820 0 0.79921875 0.9052083333333333 0.0484375 0.07291666666666667
cl696ekiz00033b6g0yxnl7s9 1 0.3055526129943503 0.2289901129943503 0.065625 0.07916666666666666
