ckz3xadsm00073867s2f56arc 0 0.05379464285714286 0.19151785714285716 0.037500000000000006 0.052083333333333336
cl2y6vcnk0003396crlfnynr8 0 0.4270913461538462 0.0622275641025641 0.046875 0.06041666666666667
cl2y6vvt70008396c0ckvnogs 0 0.26649791666666667 0.08014722222222222 0.0359375 0.052083333333333336
cl2y6w4lz000d396c9ut3tf7y 0 0.24082880434782608 0.09506340579710144 0.034375 0.04791666666666667
cl2y6ws55000i396ckilwz9ni 0 0.23768538135593223 0.14284957627118644 0.04375 0.052083333333333336
cl2y6x5bp000n396cjm1cw2ku 0 0.16776494565217392 0.14175724637681159 0.0421875 0.058333333333333334
cl2y6xpxp000r396cfihfei9k 0 0.1453125 0.35324284785435633 0.040625 0.05416666666666667
cl2y6y2wp000x396cjmwsx95y 0 0.16926280286343612 0.4002386196769457 0.0421875 0.06666666666666667
cl2y6yd760010396csyxzatmo 0 0.029411764705882353 0.48125 0.058823529411764705 0.1
cl2y6yo4e0014396c3fyhh60p 0 0.4283291903409091 0.6944839015151516 0.046875 0.06875
cl2y6yu2k0018396cf3j7xkar 0 0.571435254491018 0.7637911676646707 0.04375 0.06041666666666667
cl2y6z5av001c396ch2uc9u30 0 0.9560763888888889 0.4085648148148148 0.040625 0.05416666666666667
cl2y6zf1z001g396cxj1g5ctg 0 0.723625140291807 0.04162574822297045 0.04375 0.06041666666666667
cl2y6zn5g001k396crexidmbw 0 0.816186377245509 0.075 0.04062500000000009 0.058333333333333334
cl2y702oj001o396ckjtscowe 0 0.7352941176470588 0.32279411764705884 0.075 0.1
cl2y70qpu001w396cr03czee2 0 0.8873108183856502 0.4479587070254111 0.040625 0.06041666666666667
cl2y710l10020396cumqlujzb 0 0.871918061023622 0.519627624671916 0.0453125 0.06666666666666672
cl2y7181x0024396c92jo5fle 0 0.9547532126168224 0.5222254672897196 0.0484375 0.06874999999999994
cl2y71h0y0028396czyytm4ls 0 0.9735830560836503 0.6281962927756655 0.0484375 0.07291666666666667
cl2y71xgv002c396c8i3p7ljc 0 0.8648939911575562 0.9291666666666667 0.0453125 0.0625
cl2y725lh002g396ct8mx38g5 0 0.12450787401574803 0.9739583333333334 0.05 0.052083333333333336
cl2y72fbh002k396c3n09c56s 0 0.98515625 0.1069253663003663 0.0296875 0.06458333333333334
cl2y72tbg002o396c6g5h89tz 0 0.7806985294117647 0.6536151960784314 0.071875 0.09375
cl2y73m7r002s396cnsyck1uk 2 0.055646088957055216 0.7845858895705522 0.05 0.075
cl2y75jjc002x396cvyzjiqsk 0 0.21171875 0.16458333333333333 0.0453125 0.06666666666666667
cl2y77h1d0032396c2renauon 0 0.9171875 0.4196195652173913 0.040625 0.058333333333333334
cl2y7hcvy0037396c6ud7pt1p 0 0.06920955882352942 0.08835784313725491 0.040625 0.05833333333333334
cl2y7iooi003c396c6izghkdd 0 0.14761029411764706 0.9083333333333333 0.06875 0.0875
cl2y7xe87003h396c2n8hv156 0 0.95078125 0.6104166666666667 0.0390625 0.058333333333333334
cl691y4fr000b3b6gl13eulob 1 0.9038313802083333 0.08727430555555556 0.11703776041666672 0.12038194444444444
cl691zdqu000h3b6gpesz4820 0 0.7925187499999999 0.9067000000000001 0.0328125 0.03958333333333333
cl696ekiz00033b6g0yxnl7s9 1 0.2935075431034483 0.22286022167487685 0.065625 0.06875
