ckz3xadsm00073867s2f56arc 0 0.22265625 0.14479166666666668 0.0375 0.04791666666666667
cl2y6vcnk0003396crlfnynr8 0 0.41531250000000003 0.040208333333333325 0.046875 0.06041666666666666
cl2y6vvt70008396c0ckvnogs 0 0.2689697265625 0.07200520833333333 0.034912109375 0.052083333333333336
cl2y6w4lz000d396c9ut3tf7y 0 0.2573814655172414 0.08573994252873564 0.034375 0.04791666666666667
cl2y6ws55000i396ckilwz9ni 0 0.25906250000000003 0.1408333333333333 0.04375 0.05208333333333332
cl2y6x5bp000n396cjm1cw2ku 0 0.16046875 0.149375 0.0421875 0.058333333333333334
cl2y6xpxp000r396cfihfei9k 0 0.1453125 0.35244094061551795 0.040625 0.05416666666666667
cl2y6y2wp000x396cjmwsx95y 0 0.16620663546255507 0.4029552129221733 0.0421875 0.06666666666666667
cl2y6yd760010396csyxzatmo 0 0.12046874999999999 0.49125 0.07499999999999998 0.1
cl2y6yo4e0014396c3fyhh60p 0 0.4250443892045454 0.6927320075757576 0.046875 0.06875
cl2y6yu2k0018396cf3j7xkar 0 0.5672443181818182 0.7614962121212121 0.04375 0.06041666666666667
cl2y6z5av001c396ch2uc9u30 0 0.8362847222222222 0.30833333333333335 0.040625 0.05416666666666667
cl2y6zf1z001g396cxj1g5ctg 0 0.7234953703703704 0.04093364197530864 0.04375 0.06041666666666666
cl2y6zn5g001k396crexidmbw 0 0.8117456896551725 0.075 0.040625 0.058333333333333334
cl2y702oj001o396ckjtscowe 0 0.6734375 0.2682291666666667 0.075 0.1
cl2y70qpu001w396cr03czee2 0 0.8841998318385651 0.4486500373692078 0.040625 0.06041666666666667
cl2y710l10020396cumqlujzb 0 0.8691867618110237 0.5190206692913386 0.0453125 0.06666666666666672
cl2y7181x0024396c92jo5fle 0 0.9552935163551401 0.5251070872274144 0.0484375 0.06875000000000006
cl2y71h0y0028396czyytm4ls 0 0.9740226948669202 0.6252653675538656 0.0484375 0.07291666666666667
cl2y71xgv002c396c8i3p7ljc 0 0.863778637459807 0.9291666666666667 0.0453125 0.0625
cl2y725lh002g396ct8mx38g5 0 0.12268700787401574 0.9739583333333334 0.04999999999999999 0.052083333333333336
cl2y72fbh002k396c3n09c56s 0 0.98515625 0.10861950549450551 0.0296875 0.06458333333333335
cl2y72tbg002o396c6g5h89tz 0 0.91640625 0.6578125 0.0640625 0.09375
cl2y73m7r002s396cnsyck1uk 2 0.04784317484662577 0.783640081799591 0.05 0.075
cl2y75jjc002x396cvyzjiqsk 0 0.21171875 0.16458333333333333 0.0453125 0.06666666666666667
cl2y77h1d0032396c2renauon 0 0.9171875 0.4276630434782609 0.040625 0.058333333333333334
cl2y7xe87003h396c2n8hv156 0 0.95078125 0.6104166666666667 0.0390625 0.058333333333333334
cl691y4fr000b3b6gl13eulob 1 0.9011816406250001 0.08598958333333333 0.11173828125000007 0.1178125
cl691zdqu000h3b6gpesz4820 0 0.79066875 0.90855 0.0328125 0.03958333333333333
cl696ekiz00033b6g0yxnl7s9 1 0.29151400862068966 0.22361966338259442 0.065625 0.06875
