cl2znupsg0005396cminm52kf 0 0.14417093957871396 0.051468957871396895 0.0421875 0.05416666666666667
cl2znv05l0009396cqytv20ry 0 0.45161830357142857 0.20654761904761904 0.046875 0.05625
cl2znv977000d396cdb4prn6m 0 0.11741071428571428 0.47738095238095235 0.040625 0.058333333333333334
cl2znvon7000h396ciogihw0p 0 0.0869533188585608 0.8100832299421009 0.04375 0.06041666666666667
cl2znw4nf000m396ckrqij0o0 0 0.03002232142857143 0.030208333333333334 0.0421875 0.06041666666666667
cl2znwce2000r396c6wzup6l1 0 0.07712053571428572 0.2785714285714286 0.0578125 0.08333333333333336
cl2zny5y5001c396cjw8l8war 0 0.042727092161016944 0.9580685028248587 0.04531249999999999 0.0625
cl2znycyz001g396cwpsh1fpn 0 0.73203125 0.27291666666666664 0.0421875 0.05416666666666667
cl2zo7z5b001l396cgg30lmke 0 0.07896278782894736 0.47947505482456143 0.0390625 0.058333333333333334
cl2zogjmc001p396clblhoug4 0 0.28359375 0.5125 0.0453125 0.0625
cl2zogo0e001t396cagx04dw7 0 0.525 0.3489583333333333 0.05 0.06041666666666667
cl2zogsca001x396cm1lqtvrw 0 0.77890625 0.475 0.0546875 0.0625
cl2zogw6e0021396c7d7901iy 0 0.9125 0.3134336419753086 0.053125 0.0625
cl2zoh1q10026396ccr8og9at 0 0.8515625 0.28854166666666664 0.046875 0.05625
cl2zoha2s002a396cu2ma50sw 0 0.4890625 0.5083333333333333 0.04375 0.0625
cl2zojo2h002e396c7qt651e5 0 0.546875 0.659375 0.046875 0.05625
cl2zojswm002i396chs5urjya 0 0.7234375 0.7666666666666667 0.05625 0.07083333333333333
cl2zok2ke002m396c0272jqkb 0 0.81796875 0.578125 0.0484375 0.06041666666666667
cl2zolye7002q396c2vl57kh0 0 0.5753496201657459 0.30444290976058935 0.07595821823204423 0.08779926335174952
cl2zoslp4002u396cuf27qdfy 0 0.9534652217741936 0.959601814516129 0.04375 0.05416666666666667
cl696haqz00073b6gf0un301j 0 0.128125 0.5302083333333333 0.04375 0.03958333333333333
cl696k4y4000b3b6gofhyu663 1 0.38046875 0.840625 0.1515625 0.19791666666666666
cl696kcfx000f3b6gr3k0oqk4 1 0.50859375 0.7895833333333333 0.0953125 0.1625
cl696kim5000j3b6g3waaz3ij 0 0.47734375 0.8979166666666667 0.0421875 0.05
cl696ldsk000n3b6g3cevz2tg 0 0.68828125 0.28020833333333334 0.0296875 0.03125
cl696lj76000r3b6gbse56a1a 0 0.41143254950495045 0.14166666666666666 0.028124999999999956 0.041666666666666664
