cl2znupsg0005396cminm52kf 0 0.14670697062084256 0.050905395417590545 0.0421875 0.054166666666666675
cl2znv05l0009396cqytv20ry 0 0.45453603316326535 0.20395408163265305 0.046875 0.05625
cl2znv977000d396cdb4prn6m 0 0.10078125 0.5348958333333333 0.053125 0.07291666666666667
cl2znvon7000h396ciogihw0p 0 0.08931839330024813 0.8088218569065344 0.04375 0.06041666666666667
cl2znwmew000v396cg3f6w219 0 0.3767578125 0.9315104166666667 0.0546875 0.06666666666666667
cl2zny5y5001c396cjw8l8war 0 0.043938691737288135 0.9559145480225989 0.0453125 0.0625
cl2znycyz001g396cwpsh1fpn 0 0.73203125 0.27291666666666664 0.0421875 0.05416666666666667
cl2zo7z5b001l396cgg30lmke 0 0.0833521792763158 0.4803111293859649 0.039062500000000014 0.058333333333333334
cl2zogjmc001p396clblhoug4 0 0.28359375 0.5125 0.0453125 0.0625
cl2zogo0e001t396cagx04dw7 0 0.525 0.3489583333333333 0.05 0.06041666666666667
cl2zogsca001x396cm1lqtvrw 0 0.77890625 0.475 0.0546875 0.0625
cl2zogw6e0021396c7d7901iy 0 0.9125 0.32002314814814814 0.053125 0.0625
cl2zoh1q10026396ccr8og9at 0 0.8515625 0.28854166666666664 0.046875 0.05625
cl2zoha2s002a396cu2ma50sw 0 0.4890625 0.5083333333333333 0.04375 0.0625
cl2zojo2h002e396c7qt651e5 0 0.546875 0.659375 0.046875 0.05625
cl2zojswm002i396chs5urjya 0 0.7234375 0.7666666666666667 0.05625 0.07083333333333333
cl2zok2ke002m396c0272jqkb 0 0.81796875 0.578125 0.0484375 0.06041666666666667
cl2zolye7002q396c2vl57kh0 0 0.57265625 0.29583333333333334 0.0796875 0.09166666666666666
cl2zoslp4002u396cuf27qdfy 0 0.95849609375 0.9622974537037037 0.04375 0.05416666666666667
cl696haqz00073b6gf0un301j 0 0.128125 0.5302083333333333 0.04375 0.03958333333333333
cl696k4y4000b3b6gofhyu663 1 0.38046875 0.840625 0.1515625 0.19791666666666666
cl696kcfx000f3b6gr3k0oqk4 1 0.50859375 0.7895833333333333 0.0953125 0.1625
cl696kim5000j3b6g3waaz3ij 0 0.47734375 0.8979166666666667 0.0421875 0.05
cl696ldsk000n3b6g3cevz2tg 0 0.68828125 0.28020833333333334 0.0296875 0.03125
cl696lj76000r3b6gbse56a1a 0 0.41331992574257426 0.14166666666666666 0.028124999999999956 0.041666666666666664
