ckz3w7jvs001b3867v3h4p4s2 0 0.16328125 0.13541666666666666 0.0484375 0.06666666666666667
cl4dmy6pl0007356fb5434fln 0 0.12758607320099255 0.06214071546732837 0.05 0.06041666666666667
cl4dmzfpu000e356febbq1mdv 0 0.4178447420634921 0.10889550264550264 0.051562500000000046 0.07083333333333332
cl4dmznh7000h356fz64w6qfx 0 0.45217503252385083 0.18274157993639778 0.04375 0.06458333333333334
cl4dmzugt000l356fsxuain4w 0 0.5237923210607621 0.2449826210092688 0.0453125 0.06458333333333334
cl4dmzzr5000o356f0nurzmg1 2 0.7316754331683168 0.27210189768976895 0.0421875 0.06041666666666664
cl4dn074j000r356ft1vyetoc 0 0.8840985005938242 0.09006086698337293 0.053125 0.06875
cl4dn0l0k000u356f5463x7v8 0 0.26171875 0.5276041666666667 0.04375 0.05625
cl4dn0osn000x356fvfwvgmvh 0 0.2859752643504532 0.5265168680765357 0.0453125 0.0625
cl4dn10tn0014356fmstmdw3n 0 0.4787227746212121 0.46786616161616157 0.046875 0.06041666666666667
cl4dn16y20017356flmtqfcq9 0 0.6676296795685279 0.43940619712351947 0.0484375 0.0625
cl4dn1d6p001a356fofmctpok 0 0.8961774553571429 0.5712425595238095 0.0515625 0.06875
cl4dn1ntd001e356f6imbmn4c 0 0.94921875 0.49583333333333335 0.0453125 0.058333333333333334
cl4dn1y19001k356ficmedsas 0 0.98359375 0.41354166666666664 0.0296875 0.06041666666666667
cl4dn26v7001o356fc38c9lns 0 0.06796875 0.4552083333333333 0.0421875 0.06041666666666667
cl4dn2eky001r356f9iyqtonl 0 0.4337147177419355 0.6035147849462366 0.0515625 0.06458333333333334
cl4dn2man001v356fs0awxzwd 0 0.4288165370813397 0.6852372408293461 0.0515625 0.06666666666666667
cl4dn3kvh0027356fw5hb6zil 0 0.25645559210526314 0.8883771929824562 0.0515625 0.07083333333333333
cl4dn3qvf002b356fqvwam33m 0 0.31810344827586207 0.9657327586206896 0.04375 0.0625
cl4dn3xp8002f356fgyjyt6l2 0 0.50703125 0.9625 0.0484375 0.058333333333333334
cl4dn4454002i356fujuhkkmk 0 0.7161191475265019 0.8009717314487632 0.0359375 0.04583333333333333
cl4dn4fgi002l356fi8q5o4hf 0 0.7734956395348838 0.8230329457364342 0.05 0.06666666666666667
cl4dn4rqx002p356f523pixqc 0 0.92265625 0.8826010726072607 0.0515625 0.06458333333333334
cl4dn5dr1002t356ffuci57qx 0 0.53984375 0.8922104047163799 0.0578125 0.07291666666666667
cl4dnao7p002x356f5zr1ficu 0 0.22506009615384617 0.21474358974358976 0.051562500000000025 0.06458333333333334
cl4dnbhn70030356fthswsrdj 0 0.27 0.8365625 0.04375 0.0625
cl4dnfaoc0034356f93ugfa2p 0 0.6986842105263158 0.596546052631579 0.046875 0.06458333333333334
cl4dniemg0038356f48cdk2md 0 0.35750000000000004 0.2588020833333333 0.0453125 0.06041666666666667
cl4dnu29k003c356f8jj3p32s 0 0.86484375 0.6671875 0.05 0.06458333333333334
cl4dnva4g003g356f9g5rcuft 0 0.7076846590909092 0.8467613636363637 0.0453125 0.05625
cl4dnx7aa003l356fsr4z3nrl 0 0.46544152462121213 0.5084911616161616 0.0453125 0.058333333333333334
cl4dpg8f1003p356f72ya9kx4 0 0.9478966346153846 0.406650641025641 0.0421875 0.05625
cl4drfdke003t356firajhs9f 0 0.9005408653846153 0.5795673076923077 0.0484375 0.06458333333333334
cl4drtxmt0041356fzce45snx 0 0.022061011904761906 0.8654620181405897 0.03408801020408163 0.06162131519274373
cl68ztsov00033b6ggh2ri460 2 0.92265625 0.7183082706766918 0.0421875 0.03333333333333333
