ckz3w7jvs001b3867v3h4p4s2 0 0.16328125 0.13541666666666666 0.0484375 0.06666666666666667
cl4dmy6pl0007356fb5434fln 0 0.136426023573201 0.06803401571546733 0.05 0.06041666666666667
cl4dmzfpu000e356febbq1mdv 0 0.4372176995798319 0.12270658263305322 0.0515625 0.07083333333333333
cl4dmznh7000h356fz64w6qfx 0 0.45101637033824804 0.18583134576467186 0.04375 0.06458333333333334
cl4dmzugt000l356fsxuain4w 0 0.5228750965499486 0.24987448506694132 0.0453125 0.06458333333333337
cl4dmzzr5000o356f0nurzmg1 2 0.73671875 0.29739583333333336 0.0421875 0.06041666666666667
cl4dn074j000r356ft1vyetoc 0 0.8867428741092637 0.09147119952494062 0.053125 0.06875
cl4dn0l0k000u356f5463x7v8 0 0.2752923976608187 0.5322916666666667 0.04375 0.05625
cl4dn0osn000x356fvfwvgmvh 0 0.29921875 0.5270833333333333 0.0453125 0.0625
cl4dn10tn0014356fmstmdw3n 0 0.4872485017123288 0.4858732876712329 0.046875 0.06041666666666667
cl4dn16y20017356flmtqfcq9 0 0.66796875 0.44166666666666665 0.0484375 0.0625
cl4dn1d6p001a356fofmctpok 0 0.9066761363636363 0.5847537878787878 0.0515625 0.06875
cl4dn1ntd001e356f6imbmn4c 0 0.94921875 0.49583333333333335 0.0453125 0.058333333333333334
cl4dn1y19001k356ficmedsas 0 0.98359375 0.41354166666666664 0.0296875 0.06041666666666667
cl4dn26v7001o356fc38c9lns 0 0.06796875 0.4552083333333333 0.0421875 0.06041666666666667
cl4dn2eky001r356f9iyqtonl 0 0.4511333626760563 0.6221879890453834 0.0515625 0.06458333333333334
cl4dn2man001v356fs0awxzwd 0 0.42890625 0.6854166666666667 0.0515625 0.06666666666666667
cl4dn3kvh0027356fw5hb6zil 0 0.269296875 0.8925520833333334 0.0515625 0.07083333333333333
cl4dn3qvf002b356fqvwam33m 0 0.321875 0.96875 0.04375 0.0625
cl4dn3xp8002f356fgyjyt6l2 0 0.50703125 0.9625 0.0484375 0.058333333333333334
cl4dn4454002i356fujuhkkmk 0 0.728125 0.8104166666666667 0.0359375 0.04583333333333333
cl4dn4fgi002l356fi8q5o4hf 0 0.7834578804347826 0.8300271739130435 0.05 0.06666666666666667
cl4dn4rqx002p356f523pixqc 0 0.9293158373786408 0.889087783171521 0.0515625 0.06458333333333334
cl4dn5dr1002t356ffuci57qx 0 0.53984375 0.8947916666666667 0.0578125 0.07291666666666667
cl4dnao7p002x356f5zr1ficu 0 0.2133008629707113 0.2032557531380753 0.0515625 0.06458333333333334
cl4dnbhn70030356fthswsrdj 0 0.2344206204379562 0.8229166666666666 0.04375 0.0625
cl4dnfaoc0034356f93ugfa2p 0 0.572985197368421 0.6696271929824562 0.046875 0.06458333333333334
cl4dniemg0038356f48cdk2md 0 0.3749763257575758 0.28617424242424244 0.0453125 0.060416666666666695
cl4dnu29k003c356f8jj3p32s 0 0.8059375 0.6977083333333333 0.04999999999999991 0.06458333333333334
cl4dnva4g003g356f9g5rcuft 0 0.7191639072847682 0.8618998344370861 0.05 0.06458333333333334
cl4dnx7aa003l356fsr4z3nrl 0 0.4772795376712328 0.5199985730593607 0.0453125 0.05833333333333327
cl4dpg8f1003p356f72ya9kx4 0 0.9425377155172414 0.23897270114942526 0.0421875 0.056249999999999974
cl4drfdke003t356firajhs9f 0 0.5761284722222222 0.35150462962962964 0.0484375 0.06458333333333334
cl4drq4ne003x356fg6wuc2de 0 0.33914930555555556 0.477199074074074 0.0453125 0.06458333333333334
cl4drtxmt0041356fzce45snx 0 0.025 0.88125 0.040625 0.0625
cl68ztsov00033b6ggh2ri460 2 0.9316000791139242 0.7231434599156118 0.048777689873417705 0.037099156118143385
