ckz3w7jvs001b3867v3h4p4s2 0 0.16328125 0.13541666666666666 0.0484375 0.06666666666666667
cl4dmy6pl0007356fb5434fln 0 0.12036952554744525 0.05182481751824817 0.04999999999999999 0.06041666666666666
cl4dmzfpu000e356febbq1mdv 0 0.4091437718914186 0.11409442498540573 0.051562500000000046 0.07083333333333335
cl4dmznh7000h356fz64w6qfx 0 0.4530450455333911 0.18042154524429024 0.04375 0.06458333333333334
cl4dmzugt000l356fsxuain4w 0 0.5244810440267765 0.2413094318571919 0.0453125 0.06458333333333334
cl4dmzzr5000o356f0nurzmg1 2 0.7206801470588236 0.25655637254901964 0.0421875 0.060416666666666695
cl4dn074j000r356ft1vyetoc 0 0.882112900831354 0.08900188044338876 0.053125 0.06875
cl4dn0l0k000u356f5463x7v8 0 0.2481367370892019 0.5105193661971831 0.04375 0.05625
cl4dn0osn000x356fvfwvgmvh 0 0.2824395770392749 0.5238230110775428 0.0453125 0.0625
cl4dn10tn0014356fmstmdw3n 0 0.4695796996124031 0.46083656330749356 0.046875 0.06041666666666667
cl4dn16y20017356flmtqfcq9 0 0.6672053458121827 0.4365773054145516 0.0484375 0.0625
cl4dn1d6p001a356fofmctpok 0 0.8748278601694915 0.5633886534839925 0.0515625 0.06875000000000006
cl4dn1ntd001e356f6imbmn4c 0 0.94921875 0.49583333333333335 0.0453125 0.058333333333333334
cl4dn1y19001k356ficmedsas 0 0.98359375 0.41354166666666664 0.0296875 0.06041666666666667
cl4dn26v7001o356fc38c9lns 0 0.06796875 0.4552083333333333 0.0421875 0.06041666666666667
cl4dn2eky001r356f9iyqtonl 0 0.41665296052631573 0.5976923843700159 0.051562499999999956 0.06458333333333334
cl4dn2man001v356fs0awxzwd 0 0.42668336323763956 0.6809708931419458 0.0515625 0.06666666666666667
cl4dn3kvh0027356fw5hb6zil 0 0.2457240513392857 0.8833333333333333 0.0515625 0.07083333333333333
cl4dn3qvf002b356fqvwam33m 0 0.3147122210953347 0.9630197768762677 0.04375 0.0625
cl4dn3xp8002f356fgyjyt6l2 0 0.50703125 0.9625 0.0484375 0.058333333333333334
cl4dn4454002i356fujuhkkmk 0 0.6990552325581396 0.7935319767441861 0.0359375 0.04583333333333333
cl4dn4fgi002l356fi8q5o4hf 0 0.7627200704225352 0.8116784037558685 0.05 0.06666666666666667
cl4dn4rqx002p356f523pixqc 0 0.9161143543956044 0.8787545787545787 0.0515625 0.06458333333333334
cl4dn5dr1002t356ffuci57qx 0 0.53984375 0.8896530433397067 0.0578125 0.07291666666666667
cl4dnao7p002x356f5zr1ficu 0 0.219296875 0.25229166666666664 0.0515625 0.06458333333333334
cl4dnbhn70030356fthswsrdj 0 0.30944444444444447 0.8825694444444444 0.0421875 0.0625
cl4dnfaoc0034356f93ugfa2p 0 0.7953906249999999 0.49291666666666667 0.04687499999999991 0.06458333333333334
cl4dniemg0038356f48cdk2md 0 0.341354739010989 0.24666895604395603 0.0453125 0.06041666666666664
cl4dnu29k003c356f8jj3p32s 0 0.7836718749999999 0.8005208333333333 0.04999999999999991 0.06458333333333334
cl4dnva4g003g356f9g5rcuft 0 0.6959847383720931 0.8465843023255814 0.0453125 0.05625
cl4dnx7aa003l356fsr4z3nrl 0 0.4566315406976744 0.5016392118863049 0.0453125 0.058333333333333334
cl4drtxmt0041356fzce45snx 0 0.01675347222222222 0.8573743386243386 0.029538690476190475 0.06970899470899473
cl68ztsov00033b6ggh2ri460 2 0.92265625 0.716296992481203 0.0421875 0.03333333333333333
