ckz3w7jvs001b3867v3h4p4s2 0 0.16328125 0.13541666666666666 0.0484375 0.06666666666666667
cl4dmy6pl0007356fb5434fln 0 0.12351733576642336 0.056721411192214105 0.05 0.06041666666666666
cl4dmzfpu000e356febbq1mdv 0 0.41140953371278455 0.1120804144775248 0.051562499999999956 0.07083333333333333
cl4dmznh7000h356fz64w6qfx 0 0.45267102124891584 0.18141894333622435 0.04375 0.06458333333333334
cl4dmzugt000l356fsxuain4w 0 0.5241849575180226 0.24288855990387917 0.0453125 0.06458333333333337
cl4dmzzr5000o356f0nurzmg1 2 0.7245752936241611 0.2642547539149888 0.0421875 0.060416666666666695
cl4dn074j000r356ft1vyetoc 0 0.8829665231591448 0.08945714568487727 0.053125 0.06875
cl4dn0l0k000u356f5463x7v8 0 0.25286091549295775 0.5159184272300469 0.04375 0.05625
cl4dn0osn000x356fvfwvgmvh 0 0.2839595921450151 0.5249811178247735 0.0453125 0.06250000000000006
cl4dn10tn0014356fmstmdw3n 0 0.47366832386363633 0.4640151515151515 0.046875 0.06041666666666667
cl4dn16y20017356flmtqfcq9 0 0.6673877696700508 0.4377934644670051 0.0484375 0.0625
cl4dn1d6p001a356fofmctpok 0 0.8797007415254237 0.5677201035781544 0.0515625 0.06875
cl4dn1ntd001e356f6imbmn4c 0 0.94921875 0.49583333333333335 0.0453125 0.058333333333333334
cl4dn1y19001k356ficmedsas 0 0.98359375 0.41354166666666664 0.0296875 0.06041666666666667
cl4dn26v7001o356fc38c9lns 0 0.06796875 0.4552083333333333 0.0421875 0.06041666666666667
cl4dn2eky001r356f9iyqtonl 0 0.42421875 0.5995265151515151 0.0515625 0.06458333333333334
cl4dn2man001v356fs0awxzwd 0 0.4276004286283891 0.682805023923445 0.0515625 0.06666666666666667
cl4dn3kvh0027356fw5hb6zil 0 0.24893275669642856 0.8833333333333333 0.0515625 0.07083333333333333
cl4dn3qvf002b356fqvwam33m 0 0.31617013184584175 0.9641861054766735 0.04375 0.0625
cl4dn3xp8002f356fgyjyt6l2 0 0.50703125 0.9625 0.0484375 0.058333333333333334
cl4dn4454002i356fujuhkkmk 0 0.7054922462406015 0.79375 0.0359375 0.04583333333333333
cl4dn4fgi002l356fi8q5o4hf 0 0.7670355902777778 0.8160879629629629 0.05 0.06666666666666667
cl4dn4rqx002p356f523pixqc 0 0.9208533653846154 0.8798076923076923 0.0515625 0.06458333333333334
cl4dn5dr1002t356ffuci57qx 0 0.53984375 0.8907524697259401 0.0578125 0.07291666666666667
cl4dnao7p002x356f5zr1ficu 0 0.22466517857142856 0.23764880952380954 0.051562499999999976 0.06458333333333337
cl4dnbhn70030356fthswsrdj 0 0.3027270047169811 0.8762578616352201 0.0421875 0.0625
cl4dnfaoc0034356f93ugfa2p 0 0.7540178571428571 0.5322916666666667 0.046875 0.06458333333333334
cl4dniemg0038356f48cdk2md 0 0.34971321202531647 0.24961761603375526 0.0453125 0.06041666666666667
cl4dnu29k003c356f8jj3p32s 0 0.8381696428571429 0.734672619047619 0.05 0.06458333333333334
cl4dnva4g003g356f9g5rcuft 0 0.7023672462406015 0.8454808897243108 0.0453125 0.05625
cl4dnx7aa003l356fsr4z3nrl 0 0.4603870738636363 0.5046401515151515 0.0453125 0.05833333333333339
cl4drtxmt0041356fzce45snx 0 0.019035218253968252 0.8608512849584277 0.03149447278911564 0.0662320483749055
cl68ztsov00033b6ggh2ri460 2 0.92265625 0.7171616541353384 0.0421875 0.03333333333333333
