cl4e3u41h0007356fsnvcg4ia 0 0.0734375 0.271875 0.046875 0.06041666666666667
cl4e3ueop000b356f01i7ldq1 0 0.064669689119171 0.42893458549222796 0.0625 0.07708333333333334
cl4e3ukq4000e356ff34zwnrn 0 0.144140625 0.7078125 0.0546875 0.07083333333333333
cl4e3uqus000h356fe27iuxa8 0 0.2029296875 0.8778645833333333 0.0515625 0.06875
cl4e3uxro000k356fp9gecmfy 0 0.41484375 0.8802083333333334 0.0515625 0.06458333333333334
cl4e3v8ln000o356f3qmx8dpe 0 0.27833806818181817 0.4426136363636364 0.046875 0.0625
cl4e3vgyt000s356fzpl4rmbp 0 0.428125 0.46875 0.065625 0.08333333333333333
cl4e3vohl000v356fy39mbucz 0 0.6284622302158274 0.18158723021582734 0.046875 0.0625
cl4e3vusl000z356famxl2zb2 0 0.6072350543478261 0.23953804347826088 0.0578125 0.07291666666666667
cl4e3w0dk0012356fs5affwnl 0 0.8458096590909092 0.3975378787878788 0.0453125 0.0625
cl4e3wa6j0015356f6i69u7c1 0 0.6323153409090909 0.5614583333333333 0.059375 0.07291666666666667
cl4e3wjdu0019356fnueqbfih 0 0.653125 0.890625 0.05625 0.07708333333333334
cl4e3x3xe001c356fioyxs0uv 0 0.753125 0.6645833333333333 0.05 0.07083333333333333
cl4e3xy58001g356fmmazkw9m 0 0.559765625 0.13828125 0.046875 0.0625
cl4e3y4bo001k356fuf7l796k 0 0.37906936813186815 0.025686813186813186 0.05312500000000005 0.05
cl4e3ybxx001o356fk5wf5qlr 0 0.6492866847826086 0.07205615942028985 0.0640625 0.07916666666666666
cl4e3yxj7001s356fnluwh9ib 0 0.976953125 0.3162946428571428 0.040736607142857297 0.07782738095238097
cl690f0jy00073b6g5g1429s9 0 0.4330600792253521 0.2975352112676056 0.022700264084507003 0.032570422535211266
