ckz3w7jvs001b3867v3h4p4s2 0 0.16181451612903225 0.13883736559139784 0.0484375 0.06666666666666667
cl4dmy6pl0007356fb5434fln 0 0.11159274193548388 0.042399193548387094 0.05 0.06041666666666667
cl4dmz269000a356fbourf6gh 0 0.38823014018691593 0.08433605919003115 0.04687500000000004 0.06041666666666667
cl4dmzfpu000e356febbq1mdv 0 0.40411969133099823 0.11856027437244601 0.0515625 0.07083333333333333
cl4dmznh7000h356fz64w6qfx 0 0.4538744037294015 0.1782099233882625 0.04375 0.06458333333333334
cl4dmzugt000l356fsxuain4w 0 0.525137583676622 0.23780788705801575 0.0453125 0.0645833333333333
cl4dmzzr5000o356f0nurzmg1 2 0.7115616270949721 0.24379073556797023 0.0421875 0.060416666666666695
cl4dn074j000r356ft1vyetoc 0 0.878452620967742 0.0863037634408602 0.053125 0.06875
cl4dn0l0k000u356f5463x7v8 0 0.2375 0.48287927350427345 0.04375 0.05625
cl4dn0osn000x356fvfwvgmvh 0 0.2790691087613293 0.521255035246727 0.0453125 0.06249999999999994
cl4dn0tn50010356fijf6pqfh 0 0.1578125 0.29375 0.0515625 0.06666666666666667
cl4dn10tn0014356fmstmdw3n 0 0.4559895833333333 0.4493055555555555 0.046875 0.06041666666666667
cl4dn16y20017356flmtqfcq9 0 0.6668008407360406 0.43388060490693736 0.0484375 0.0625
cl4dn1d6p001a356fofmctpok 0 0.85859375 0.5447916666666667 0.0515625 0.06875
cl4dn1ntd001e356f6imbmn4c 0 0.9433854166666666 0.49 0.0453125 0.058333333333333334
cl4dn1y19001k356ficmedsas 0 0.98359375 0.41354166666666664 0.0296875 0.06041666666666667
cl4dn26v7001o356fc38c9lns 0 0.06796875 0.4552083333333333 0.0421875 0.06041666666666667
cl4dn2eky001r356f9iyqtonl 0 0.3990179818435754 0.5793936219739293 0.0515625 0.06458333333333334
cl4dn2man001v356fs0awxzwd 0 0.424649870414673 0.6769039074960127 0.051562499999999956 0.06666666666666667
cl4dn3kvh0027356fw5hb6zil 0 0.23906895661157024 0.8747933884297521 0.0515625 0.07083333333333333
cl4dn3qvf002b356fqvwam33m 0 0.3153790509259259 0.9405349794238683 0.04375 0.0625
cl4dn3xp8002f356fgyjyt6l2 0 0.506154451438849 0.9601618705035971 0.0484375 0.058333333333333334
cl4dn4454002i356fujuhkkmk 0 0.6869140625 0.7805989583333334 0.0359375 0.04583333333333333
cl4dn4fgi002l356fi8q5o4hf 0 0.7537411971830986 0.8026995305164318 0.05 0.06666666666666667
cl4dn4rqx002p356f523pixqc 0 0.90859375 0.8725694444444444 0.0515625 0.06458333333333334
cl4dn5dr1002t356ffuci57qx 0 0.537055365755627 0.8863109592711683 0.0578125 0.07291666666666667
cl4dnao7p002x356f5zr1ficu 0 0.21796875 0.47708333333333336 0.0515625 0.06458333333333334
cl4dnbhn70030356fthswsrdj 0 0.2909609779792746 0.9289291882556132 0.0421875 0.0625
cl4dnfaoc0034356f93ugfa2p 0 0.89140625 0.403125 0.046875 0.06458333333333334
cl4dniemg0038356f48cdk2md 0 0.33046875 0.22222222222222224 0.0453125 0.06041666666666667
cl4dnu29k003c356f8jj3p32s 0 0.8590992647058824 0.9430759803921569 0.05 0.06458333333333334
cl4dnva4g003g356f9g5rcuft 0 0.68458125 0.829175 0.0453125 0.05625
cl4dnx7aa003l356fsr4z3nrl 0 0.44921875 0.4934027777777778 0.0453125 0.058333333333333334
cl68ztsov00033b6ggh2ri460 2 0.92265625 0.7143796992481203 0.0421875 0.03333333333333333
