ckz3w7jvs001b3867v3h4p4s2 0 0.16328125 0.13541666666666666 0.0484375 0.06666666666666667
cl4dmy6pl0007356fb5434fln 0 0.12916795905707196 0.06319530603804797 0.05 0.06041666666666667
cl4dmzfpu000e356febbq1mdv 0 0.4219338881909548 0.1097571189279732 0.0515625 0.07083333333333333
cl4dmznh7000h356fz64w6qfx 0 0.45196769297484823 0.18329448540040474 0.04375 0.06458333333333334
cl4dmzugt000l356fsxuain4w 0 0.5236281861483008 0.2458580072090628 0.0453125 0.06458333333333334
cl4dmzzr5000o356f0nurzmg1 2 0.73515625 0.27447379725085913 0.0421875 0.06041666666666667
cl4dn074j000r356ft1vyetoc 0 0.8845717042755344 0.09031324228028503 0.053125 0.06875
cl4dn0l0k000u356f5463x7v8 0 0.25982142857142854 0.532093253968254 0.04375 0.05625000000000006
cl4dn0osn000x356fvfwvgmvh 0 0.28704202586206895 0.5270833333333333 0.0453125 0.0625
cl4dn10tn0014356fmstmdw3n 0 0.48083570075757576 0.4694760101010101 0.046875 0.06041666666666667
cl4dn16y20017356flmtqfcq9 0 0.6677308058375634 0.440080372250423 0.0484375 0.0625
cl4dn1d6p001a356fofmctpok 0 0.90234375 0.5733506944444444 0.0515625 0.06875
cl4dn1ntd001e356f6imbmn4c 0 0.94921875 0.49583333333333335 0.0453125 0.058333333333333334
cl4dn1y19001k356ficmedsas 0 0.98359375 0.41354166666666664 0.0296875 0.06041666666666667
cl4dn26v7001o356fc38c9lns 0 0.06796875 0.4552083333333333 0.0421875 0.06041666666666667
cl4dn2eky001r356f9iyqtonl 0 0.43731350806451613 0.6062567204301075 0.0515625 0.06458333333333334
cl4dn2man001v356fs0awxzwd 0 0.42890625 0.6854166666666667 0.0515625 0.06666666666666667
cl4dn3kvh0027356fw5hb6zil 0 0.25978124999999996 0.891 0.0515625 0.07083333333333333
cl4dn3qvf002b356fqvwam33m 0 0.3189116379310345 0.9663793103448276 0.04375 0.0625
cl4dn3xp8002f356fgyjyt6l2 0 0.50703125 0.9625 0.0484375 0.058333333333333334
cl4dn4454002i356fujuhkkmk 0 0.7180902164310954 0.8024734982332156 0.0359375 0.04583333333333333
cl4dn4fgi002l356fi8q5o4hf 0 0.7742369186046512 0.824515503875969 0.05 0.06666666666666667
cl4dn4rqx002p356f523pixqc 0 0.92265625 0.8840037128712871 0.0515625 0.06458333333333334
cl4dn5dr1002t356ffuci57qx 0 0.53984375 0.892819869343531 0.0578125 0.07291666666666667
cl4dnao7p002x356f5zr1ficu 0 0.21483067468619246 0.21345449790794976 0.0515625 0.06458333333333334
cl4dnbhn70030356fthswsrdj 0 0.243359375 0.8510416666666667 0.04375 0.0625
cl4dnfaoc0034356f93ugfa2p 0 0.677734375 0.6182291666666667 0.046875 0.06458333333333334
cl4dniemg0038356f48cdk2md 0 0.36015625 0.26145833333333335 0.0453125 0.06041666666666667
cl4dnu29k003c356f8jj3p32s 0 0.8825520833333333 0.7225694444444444 0.05 0.06458333333333334
cl4dnva4g003g356f9g5rcuft 0 0.7091335227272728 0.8480492424242424 0.0453125 0.05625
cl4dnx7aa003l356fsr4z3nrl 0 0.4675544507575758 0.5101010101010102 0.0453125 0.05833333333333339
cl4dpg8f1003p356f72ya9kx4 0 0.9263020833333334 0.3868055555555555 0.0421875 0.05625
cl4drfdke003t356firajhs9f 0 0.783203125 0.6432291666666666 0.0484375 0.06458333333333334
cl4drq4ne003x356fg6wuc2de 0 0.1 0.056597222222222215 0.04375 0.05416666666666667
cl4drtxmt0041356fzce45snx 0 0.023325892857142858 0.867389455782313 0.03517219387755102 0.05969387755102045
cl68ztsov00033b6ggh2ri460 2 0.9228065664556961 0.7188238396624472 0.0422982594936709 0.03339662447257392
