ckz3w7jvs001b3867v3h4p4s2 0 0.16328125 0.13541666666666666 0.0484375 0.06666666666666667
cl4dmy6pl0007356fb5434fln 0 0.1390625 0.06979166666666667 0.05 0.06041666666666667
cl4dmzfpu000e356febbq1mdv 0 0.43984375 0.12708333333333333 0.0515625 0.07083333333333333
cl4dmznh7000h356fz64w6qfx 0 0.45026425628794453 0.18783698323214804 0.04375 0.06458333333333334
cl4dmzugt000l356fsxuain4w 0 0.52265625 0.25104166666666666 0.0453125 0.06458333333333334
cl4dmzzr5000o356f0nurzmg1 2 0.7429306402439024 0.3153709349593496 0.0421875 0.06041666666666667
cl4dn074j000r356ft1vyetoc 0 0.8884593972684085 0.09238667854315123 0.053125 0.06875
cl4dn0l0k000u356f5463x7v8 0 0.285968137254902 0.5331903594771242 0.04375 0.05625
cl4dn0osn000x356fvfwvgmvh 0 0.29921875 0.5270833333333333 0.0453125 0.0625
cl4dn10tn0014356fmstmdw3n 0 0.49417808219178083 0.4937928082191781 0.046875 0.06041666666666667
cl4dn16y20017356flmtqfcq9 0 0.66796875 0.44166666666666665 0.0484375 0.0625
cl4dn1d6p001a356fofmctpok 0 0.90390625 0.5822916666666667 0.0515625 0.06875
cl4dn1ntd001e356f6imbmn4c 0 0.94921875 0.49583333333333335 0.0453125 0.058333333333333334
cl4dn1y19001k356ficmedsas 0 0.98359375 0.41354166666666664 0.0296875 0.06041666666666667
cl4dn26v7001o356fc38c9lns 0 0.06796875 0.4552083333333333 0.0421875 0.06041666666666667
cl4dn2eky001r356f9iyqtonl 0 0.4592759683098592 0.6294258607198748 0.0515625 0.06458333333333334
cl4dn2man001v356fs0awxzwd 0 0.42890625 0.6854166666666667 0.0515625 0.06666666666666667
cl4dn3kvh0027356fw5hb6zil 0 0.27421875 0.8958333333333334 0.0515625 0.07083333333333333
cl4dn3qvf002b356fqvwam33m 0 0.321875 0.96875 0.04375 0.0625
cl4dn3xp8002f356fgyjyt6l2 0 0.50703125 0.9625 0.0484375 0.058333333333333334
cl4dn4454002i356fujuhkkmk 0 0.73515625 0.8166666666666667 0.0359375 0.04583333333333333
cl4dn4fgi002l356fi8q5o4hf 0 0.7897418478260869 0.8384057971014492 0.05 0.06666666666666667
cl4dn4rqx002p356f523pixqc 0 0.9321632922535212 0.8930604460093897 0.0515625 0.06458333333333334
cl4dn5dr1002t356ffuci57qx 0 0.53984375 0.8947916666666667 0.0578125 0.07291666666666667
cl4dnao7p002x356f5zr1ficu 0 0.11794674295774647 0.2900968309859155 0.0515625 0.0645833333333333
cl4dnbhn70030356fthswsrdj 0 0.22756696428571427 0.8165854978354978 0.04375 0.0625
cl4dnfaoc0034356f93ugfa2p 0 0.4618990384615385 0.7374198717948718 0.046875 0.06458333333333334
cl4dniemg0038356f48cdk2md 0 0.3782006048387097 0.29828629032258064 0.0453125 0.06041666666666667
cl4dnu29k003c356f8jj3p32s 0 0.734375 0.6779861111111111 0.05 0.06458333333333334
cl4dnva4g003g356f9g5rcuft 0 0.7265625 0.8697916666666666 0.05 0.06458333333333334
cl4dnx7aa003l356fsr4z3nrl 0 0.4851990582191781 0.5265981735159817 0.0453125 0.05833333333333327
cl4dpg8f1003p356f72ya9kx4 0 0.9659598214285714 0.14657738095238096 0.0421875 0.056250000000000015
cl4drfdke003t356firajhs9f 0 0.43359375 0.3302083333333333 0.0484375 0.06458333333333334
cl4drq4ne003x356fg6wuc2de 0 0.5083705357142857 0.8617559523809525 0.0453125 0.06458333333333334
cl4drtxmt0041356fzce45snx 0 0.025 0.88125 0.040625 0.0625
cl4dxi3z90049356fhg7pcjy2 0 0.32053571428571426 0.54375 0.05625 0.06666666666666667
cl4dxk93t004d356fh5fmei69 0 0.06781994047619047 0.33298611111111115 0.046875 0.06875
cl68ztsov00033b6ggh2ri460 2 0.9375 0.7260416666666667 0.053125 0.03958333333333333
