ckz3w7jvs001b3867v3h4p4s2 0 0.16328125 0.13541666666666666 0.0484375 0.06666666666666667
cl4dmy6pl0007356fb5434fln 0 0.12399635036496351 0.05746654501216544 0.05 0.06041666666666667
cl4dmzfpu000e356febbq1mdv 0 0.4117543235551664 0.11177393461762988 0.0515625 0.07083333333333333
cl4dmznh7000h356fz64w6qfx 0 0.45261410450997397 0.18157072130673604 0.04375 0.06458333333333334
cl4dmzugt000l356fsxuain4w 0 0.5241399008753862 0.24312886199794026 0.0453125 0.06458333333333334
cl4dmzzr5000o356f0nurzmg1 2 0.7251625419463087 0.26542925055928407 0.0421875 0.06041666666666664
cl4dn074j000r356ft1vyetoc 0 0.8830964222090261 0.08952642517814728 0.053125 0.06875
cl4dn0l0k000u356f5463x7v8 0 0.2535798122065728 0.5167400234741784 0.04375 0.05625
cl4dn0osn000x356fvfwvgmvh 0 0.2841908987915408 0.5251573514602215 0.0453125 0.06249999999999994
cl4dn10tn0014356fmstmdw3n 0 0.4742483428030303 0.4644570707070707 0.046875 0.06041666666666667
cl4dn16y20017356flmtqfcq9 0 0.667415529822335 0.4379785321489002 0.0484375 0.0625
cl4dn1d6p001a356fofmctpok 0 0.8804422669491526 0.5683792372881357 0.0515625 0.06875
cl4dn1ntd001e356f6imbmn4c 0 0.94921875 0.49583333333333335 0.0453125 0.058333333333333334
cl4dn1y19001k356ficmedsas 0 0.98359375 0.41354166666666664 0.0296875 0.06041666666666667
cl4dn26v7001o356fc38c9lns 0 0.06796875 0.4552083333333333 0.0421875 0.06041666666666667
cl4dn2eky001r356f9iyqtonl 0 0.42537006578947373 0.5998056220095693 0.051562500000000046 0.06458333333333334
cl4dn2man001v356fs0awxzwd 0 0.42773998205741626 0.6830841307814992 0.0515625 0.06666666666666667
cl4dn3kvh0027356fw5hb6zil 0 0.24942103794642856 0.8833333333333333 0.0515625 0.07083333333333333
cl4dn3qvf002b356fqvwam33m 0 0.3163919878296146 0.9643635902636917 0.04375 0.0625
cl4dn3xp8002f356fgyjyt6l2 0 0.50703125 0.9625 0.0484375 0.058333333333333334
cl4dn4454002i356fujuhkkmk 0 0.7064790883458647 0.79375 0.0359375 0.04583333333333333
cl4dn4fgi002l356fi8q5o4hf 0 0.767795138888889 0.8168981481481481 0.05 0.06666666666666667
cl4dn4rqx002p356f523pixqc 0 0.9215745192307692 0.8799679487179487 0.0515625 0.06458333333333334
cl4dn5dr1002t356ffuci57qx 0 0.53984375 0.8909197737412364 0.0578125 0.07291666666666667
cl4dnao7p002x356f5zr1ficu 0 0.22034375 0.23579166666666668 0.051562500000000025 0.06458333333333334
cl4dnbhn70030356fthswsrdj 0 0.29694870283018865 0.870754716981132 0.0421875 0.0625
cl4dnfaoc0034356f93ugfa2p 0 0.7461249999999999 0.541625 0.046875 0.0645833333333334
cl4dniemg0038356f48cdk2md 0 0.35082080696202533 0.25109440928270044 0.0453125 0.060416666666666695
cl4dnu29k003c356f8jj3p32s 0 0.8447690217391305 0.7221467391304348 0.05 0.06458333333333334
cl4dnva4g003g356f9g5rcuft 0 0.7033540883458647 0.8452615914786967 0.0453125 0.05625
cl4dnx7aa003l356fsr4z3nrl 0 0.4609670928030303 0.5050820707070707 0.0453125 0.058333333333333334
cl4dpg8f1003p356f72ya9kx4 0 0.98984375 0.45 0.0203125 0.06666666666666667
cl4drtxmt0041356fzce45snx 0 0.019382440476190477 0.8613803854875284 0.03179209183673469 0.06570294784580497
cl68ztsov00033b6ggh2ri460 2 0.92265625 0.7172932330827068 0.0421875 0.03333333333333333
