ckz3w7jvs001b3867v3h4p4s2 0 0.16328125 0.13541666666666666 0.0484375 0.06666666666666667
cl4dmy6pl0007356fb5434fln 0 0.13375852977667493 0.06625568651778328 0.05 0.06041666666666666
cl4dmzfpu000e356febbq1mdv 0 0.43239243090452256 0.11595477386934674 0.0515625 0.07083333333333335
cl4dmznh7000h356fz64w6qfx 0 0.4513660017346054 0.18489899537438564 0.04375 0.06458333333333334
cl4dmzugt000l356fsxuain4w 0 0.523151873069001 0.2483983436319945 0.0453125 0.06458333333333334
cl4dmzzr5000o356f0nurzmg1 2 0.73515625 0.28888888888888886 0.0421875 0.06041666666666664
cl4dn074j000r356ft1vyetoc 0 0.8859449228028504 0.09104562549485352 0.053125 0.06875
cl4dn0l0k000u356f5463x7v8 0 0.2704009433962264 0.5292256289308176 0.04375 0.05625
cl4dn0osn000x356fvfwvgmvh 0 0.29501616379310347 0.5270833333333333 0.0453125 0.0625
cl4dn10tn0014356fmstmdw3n 0 0.47985887096774194 0.47721102150537636 0.046875 0.06041666666666667
cl4dn16y20017356flmtqfcq9 0 0.66796875 0.44166666666666665 0.0484375 0.0625
cl4dn1d6p001a356fofmctpok 0 0.905712890625 0.5835774739583334 0.0515625 0.06875
cl4dn1ntd001e356f6imbmn4c 0 0.94921875 0.49583333333333335 0.0453125 0.058333333333333334
cl4dn1y19001k356ficmedsas 0 0.98359375 0.41354166666666664 0.0296875 0.06041666666666667
cl4dn26v7001o356fc38c9lns 0 0.06796875 0.4552083333333333 0.0421875 0.06041666666666667
cl4dn2eky001r356f9iyqtonl 0 0.44642857142857145 0.6160714285714286 0.0515625 0.06458333333333334
cl4dn2man001v356fs0awxzwd 0 0.42890625 0.6854166666666667 0.0515625 0.06666666666666667
cl4dn3kvh0027356fw5hb6zil 0 0.2659375 0.8903125000000001 0.0515625 0.07083333333333333
cl4dn3qvf002b356fqvwam33m 0 0.3212569726166329 0.9682555780933062 0.04375 0.0625
cl4dn3xp8002f356fgyjyt6l2 0 0.50703125 0.9625 0.0484375 0.058333333333333334
cl4dn4454002i356fujuhkkmk 0 0.7238101810954063 0.8068315665488811 0.0359375 0.04583333333333333
cl4dn4fgi002l356fi8q5o4hf 0 0.7763880813953488 0.8288178294573644 0.05 0.06666666666666667
cl4dn4rqx002p356f523pixqc 0 0.92265625 0.8880741199119911 0.0515625 0.06458333333333334
cl4dn5dr1002t356ffuci57qx 0 0.53984375 0.8945885117909497 0.0578125 0.07291666666666667
cl4dnao7p002x356f5zr1ficu 0 0.21386310146443516 0.20700400976290098 0.051562500000000025 0.06458333333333334
cl4dnbhn70030356fthswsrdj 0 0.209375 0.8333333333333334 0.04375 0.0625
cl4dnfaoc0034356f93ugfa2p 0 0.6140625 0.6510416666666666 0.046875 0.06458333333333334
cl4dniemg0038356f48cdk2md 0 0.3705078125 0.28046875 0.0453125 0.06041666666666667
cl4dnu29k003c356f8jj3p32s 0 0.825 0.7166666666666667 0.05 0.06458333333333334
cl4dnva4g003g356f9g5rcuft 0 0.7147210743801653 0.8587723829201102 0.05 0.06458333333333334
cl4dnx7aa003l356fsr4z3nrl 0 0.4736731150793651 0.5165013227513228 0.0453125 0.05833333333333339
cl4dpg8f1003p356f72ya9kx4 0 0.92578125 0.28229166666666666 0.0421875 0.05625
cl4drfdke003t356firajhs9f 0 0.54609375 0.6135416666666667 0.0484375 0.06458333333333334
cl4drq4ne003x356fg6wuc2de 0 0.24921875 0.3302083333333333 0.0453125 0.06458333333333334
cl4drtxmt0041356fzce45snx 0 0.024679276315789478 0.8761184210526316 0.03870065789473685 0.06078947368421043
cl4dsi9g60045356fj8loyfsx 0 0.97265625 0.9822916666666667 0.0453125 0.035416666666666666
cl68ztsov00033b6ggh2ri460 2 0.9283682753164557 0.7215559071729959 0.04639636075949376 0.035738396624472674
