ckz3w7jvs001b3867v3h4p4s2 0 0.15294354838709678 0.13776209677419354 0.0484375 0.06666666666666667
cl4dmy6pl0007356fb5434fln 0 0.1035282258064516 0.035947580645161285 0.04999999999999999 0.06041666666666667
cl4dmz269000a356fbourf6gh 0 0.3759417808219178 0.07104737442922374 0.046875 0.06041666666666666
cl4dmzfpu000e356febbq1mdv 0 0.4001792359894921 0.12206290134267368 0.0515625 0.07083333333333335
cl4dmznh7000h356fz64w6qfx 0 0.45452488074588027 0.17647531801098584 0.04375 0.06458333333333334
cl4dmzugt000l356fsxuain4w 0 0.5256525167353244 0.2350615774116032 0.0453125 0.06458333333333337
cl4dmzzr5000o356f0nurzmg1 2 0.7020097805343511 0.23038326972010176 0.0421875 0.06041666666666667
cl4dn074j000r356ft1vyetoc 0 0.8744203629032258 0.0830779569892473 0.053125 0.06875
cl4dn0l0k000u356f5463x7v8 0 0.23142361111111112 0.4704861111111111 0.04375 0.05625
cl4dn0osn000x356fvfwvgmvh 0 0.27642560422960727 0.5192409365558912 0.0453125 0.0625
cl4dn0tn50010356fijf6pqfh 0 0.366015625 0.4625 0.0515625 0.06666666666666667
cl4dn10tn0014356fmstmdw3n 0 0.453125 0.45359913793103446 0.046875 0.06041666666666667
cl4dn16y20017356flmtqfcq9 0 0.6664835818527919 0.4317655456852792 0.0484375 0.0625
cl4dn1d6p001a356fofmctpok 0 0.8441351232394366 0.5349911971830985 0.0515625 0.06874999999999994
cl4dn1ntd001e356f6imbmn4c 0 0.9442107371794872 0.4862713675213675 0.0453125 0.058333333333333334
cl4dn1y19001k356ficmedsas 0 0.987273185483871 0.4200828853046595 0.022328629032258008 0.06041666666666667
cl4dn26v7001o356fc38c9lns 0 0.06796875 0.4552083333333333 0.0421875 0.06041666666666667
cl4dn2eky001r356f9iyqtonl 0 0.38609375 0.5734027777777778 0.051562500000000046 0.06458333333333334
cl4dn2man001v356fs0awxzwd 0 0.42305497408293463 0.673714114832536 0.0515625 0.06666666666666667
cl4dn3kvh0027356fw5hb6zil 0 0.22804687499999998 0.8723263888888889 0.052447916666666664 0.07201388888888888
cl4dn3qvf002b356fqvwam33m 0 0.3130642361111111 0.9364197530864197 0.04375 0.0625
cl4dn3xp8002f356fgyjyt6l2 0 0.5043558902877698 0.9553657074340528 0.0484375 0.058333333333333334
cl4dn4454002i356fujuhkkmk 0 0.6762167008196721 0.7749146174863387 0.0359375 0.04583333333333333
cl4dn4fgi002l356fi8q5o4hf 0 0.7481925675675676 0.7938626126126126 0.05 0.07324324324324323
cl4dn4rqx002p356f523pixqc 0 0.9050209603658537 0.8697916666666666 0.0515625 0.06458333333333334
cl4dn5dr1002t356ffuci57qx 0 0.5330360731511254 0.883095525187567 0.0578125 0.07291666666666667
cl4dnao7p002x356f5zr1ficu 0 0.090234375 0.45625 0.0515625 0.06458333333333334
cl4dnbhn70030356fthswsrdj 0 0.2989720394736842 0.9362938596491228 0.0421875 0.0625
cl4dnfaoc0034356f93ugfa2p 0 0.9640625 0.35 0.046875 0.06458333333333334
cl4dniemg0038356f48cdk2md 0 0.32426470588235295 0.2099264705882353 0.040625 0.05416666666666667
cl4dnva4g003g356f9g5rcuft 0 0.6723375822368421 0.8198464912280702 0.0453125 0.05625
cl4dnx7aa003l356fsr4z3nrl 0 0.45 0.48541666666666666 0.0453125 0.058333333333333334
cl68ztsov00033b6ggh2ri460 2 0.92265625 0.712875939849624 0.0421875 0.03333333333333333
