ckz3w7jvs001b3867v3h4p4s2 0 0.16328125 0.13541666666666666 0.0484375 0.06666666666666667
cl4dmy6pl0007356fb5434fln 0 0.13217664392059553 0.06520109594706369 0.05 0.06041666666666667
cl4dmzfpu000e356febbq1mdv 0 0.42878847361809047 0.11381909547738693 0.0515625 0.07083333333333332
cl4dmznh7000h356fz64w6qfx 0 0.451573341283608 0.18434608991037874 0.04375 0.06458333333333334
cl4dmzugt000l356fsxuain4w 0 0.5233160079814624 0.2475229574322005 0.0453125 0.06458333333333337
cl4dmzzr5000o356f0nurzmg1 2 0.73515625 0.2829861111111111 0.0421875 0.060416666666666695
cl4dn074j000r356ft1vyetoc 0 0.8854717191211401 0.0907932501979414 0.053125 0.06875
cl4dn0l0k000u356f5463x7v8 0 0.26703869047619044 0.528885582010582 0.04375 0.05624999999999994
cl4dn0osn000x356fvfwvgmvh 0 0.29226831896551725 0.5270833333333333 0.0453125 0.0625
cl4dn10tn0014356fmstmdw3n 0 0.4803729838709677 0.4744690860215054 0.046875 0.06041666666666667
cl4dn16y20017356flmtqfcq9 0 0.667923144035533 0.44136262690355327 0.0484375 0.0625
cl4dn1d6p001a356fofmctpok 0 0.90322265625 0.5810872395833333 0.0515625 0.06875
cl4dn1ntd001e356f6imbmn4c 0 0.94921875 0.49583333333333335 0.0453125 0.058333333333333334
cl4dn1y19001k356ficmedsas 0 0.98359375 0.41354166666666664 0.0296875 0.06041666666666667
cl4dn26v7001o356fc38c9lns 0 0.06796875 0.4552083333333333 0.0421875 0.06041666666666667
cl4dn2eky001r356f9iyqtonl 0 0.4435825892857143 0.6122767857142858 0.0515625 0.06458333333333334
cl4dn2man001v356fs0awxzwd 0 0.42890625 0.6854166666666667 0.0515625 0.06666666666666667
cl4dn3kvh0027356fw5hb6zil 0 0.2606158088235294 0.8867647058823529 0.0515625 0.07083333333333333
cl4dn3qvf002b356fqvwam33m 0 0.32044878296146045 0.9676090263691683 0.04375 0.0625
cl4dn3xp8002f356fgyjyt6l2 0 0.50703125 0.9625 0.0484375 0.058333333333333334
cl4dn4454002i356fujuhkkmk 0 0.7218391121908128 0.8053297997644288 0.0359375 0.04583333333333333
cl4dn4fgi002l356fi8q5o4hf 0 0.7756468023255814 0.8273352713178295 0.04999999999999991 0.06666666666666667
cl4dn4rqx002p356f523pixqc 0 0.92265625 0.8866714796479649 0.0515625 0.06458333333333334
cl4dn5dr1002t356ffuci57qx 0 0.53984375 0.8939790471637986 0.0578125 0.07291666666666667
cl4dnao7p002x356f5zr1ficu 0 0.21419652196652722 0.2092268131101813 0.051562500000000025 0.06458333333333334
cl4dnbhn70030356fthswsrdj 0 0.22700892857142857 0.856845238095238 0.04375 0.0625
cl4dnfaoc0034356f93ugfa2p 0 0.6349759615384615 0.6390224358974359 0.046875 0.06458333333333334
cl4dniemg0038356f48cdk2md 0 0.3652083333333333 0.2665104166666667 0.0453125 0.060416666666666695
cl4dnu29k003c356f8jj3p32s 0 0.8397321428571429 0.7543154761904761 0.05 0.06458333333333334
cl4dnva4g003g356f9g5rcuft 0 0.7122282608695653 0.8563254830917875 0.04945652173913047 0.06361714975845405
cl4dnx7aa003l356fsr4z3nrl 0 0.47156498015873016 0.5142526455026455 0.0453125 0.05833333333333327
cl4dpg8f1003p356f72ya9kx4 0 0.9369419642857142 0.32247023809523806 0.0421875 0.05625
cl4drfdke003t356firajhs9f 0 0.6027901785714286 0.6602678571428572 0.0484375 0.06458333333333334
cl4drq4ne003x356fg6wuc2de 0 0.19095982142857143 0.2525297619047619 0.04531250000000002 0.06458333333333337
cl4drtxmt0041356fzce45snx 0 0.024469572368421053 0.8727631578947368 0.037442434210526315 0.0596710526315789
cl68ztsov00033b6ggh2ri460 2 0.9264517405063291 0.7206144514767933 0.0449841772151899 0.034931434599156104
