ckz3w7jvs001b3867v3h4p4s2 0 0.16328125 0.13541666666666666 0.0484375 0.06666666666666667
cl4dmy6pl0007356fb5434fln 0 0.13230071339950372 0.0652838089330025 0.05 0.060416666666666674
cl4dmzfpu000e356febbq1mdv 0 0.42907113693467336 0.11398659966499161 0.0515625 0.07083333333333332
cl4dmznh7000h356fz64w6qfx 0 0.45155707935819606 0.18438945504481064 0.04375 0.06458333333333334
cl4dmzugt000l356fsxuain4w 0 0.5233031346549948 0.24759161517336079 0.0453125 0.06458333333333334
cl4dmzzr5000o356f0nurzmg1 2 0.73515625 0.28344907407407405 0.0421875 0.06041666666666664
cl4dn074j000r356ft1vyetoc 0 0.8855088331353919 0.0908130443388757 0.053125 0.06875
cl4dn0l0k000u356f5463x7v8 0 0.26733630952380955 0.5287533068783069 0.04375 0.05625
cl4dn0osn000x356fvfwvgmvh 0 0.29248383620689655 0.5270833333333333 0.0453125 0.0625
cl4dn10tn0014356fmstmdw3n 0 0.4803326612903226 0.4746841397849462 0.046875 0.06041666666666667
cl4dn16y20017356flmtqfcq9 0 0.6679310755076142 0.44141550338409474 0.0484375 0.0625
cl4dn1d6p001a356fofmctpok 0 0.90341796875 0.5812825520833333 0.0515625 0.06875
cl4dn1ntd001e356f6imbmn4c 0 0.94921875 0.49583333333333335 0.0453125 0.058333333333333334
cl4dn1y19001k356ficmedsas 0 0.98359375 0.41354166666666664 0.0296875 0.06041666666666667
cl4dn26v7001o356fc38c9lns 0 0.06796875 0.4552083333333333 0.0421875 0.06041666666666667
cl4dn2eky001r356f9iyqtonl 0 0.44380580357142857 0.6125744047619047 0.0515625 0.06458333333333334
cl4dn2man001v356fs0awxzwd 0 0.42890625 0.6854166666666667 0.0515625 0.06666666666666667
cl4dn3kvh0027356fw5hb6zil 0 0.26135110294117647 0.8872549019607843 0.0515625 0.07083333333333333
cl4dn3qvf002b356fqvwam33m 0 0.32051217038539553 0.9676597363083165 0.04375 0.0625
cl4dn3xp8002f356fgyjyt6l2 0 0.50703125 0.9625 0.0484375 0.058333333333333334
cl4dn4454002i356fujuhkkmk 0 0.7219937058303887 0.8054475853945818 0.0359375 0.04583333333333333
cl4dn4fgi002l356fi8q5o4hf 0 0.7757049418604651 0.8274515503875969 0.050000000000000086 0.06666666666666667
cl4dn4rqx002p356f523pixqc 0 0.92265625 0.886781490649065 0.0515625 0.06458333333333334
cl4dn5dr1002t356ffuci57qx 0 0.53984375 0.8940268483110262 0.0578125 0.07291666666666667
cl4dnao7p002x356f5zr1ficu 0 0.21417037133891212 0.20905247559274756 0.0515625 0.06458333333333334
cl4dnbhn70030356fthswsrdj 0 0.22834821428571428 0.8586309523809524 0.04375 0.0625
cl4dnfaoc0034356f93ugfa2p 0 0.6323317307692308 0.6377403846153846 0.046875 0.06458333333333334
cl4dniemg0038356f48cdk2md 0 0.36541666666666667 0.26671875 0.0453125 0.06041666666666667
cl4dnu29k003c356f8jj3p32s 0 0.8370535714285714 0.7495535714285714 0.05 0.06458333333333334
cl4dnva4g003g356f9g5rcuft 0 0.7123641304347826 0.8568085748792271 0.049728260869565236 0.06410024154589375
cl4dnx7aa003l356fsr4z3nrl 0 0.47173032407407406 0.5144290123456791 0.0453125 0.058333333333333334
cl4dpg8f1003p356f72ya9kx4 0 0.9391741071428571 0.31592261904761904 0.0421875 0.05625
cl4drfdke003t356firajhs9f 0 0.5947544642857143 0.6691964285714286 0.0484375 0.06458333333333334
cl4drq4ne003x356fg6wuc2de 0 0.1927455357142857 0.259077380952381 0.0453125 0.06458333333333334
cl4drtxmt0041356fzce45snx 0 0.024486019736842106 0.8730263157894738 0.037541118421052636 0.059758771929824546
cl68ztsov00033b6ggh2ri460 2 0.9266020569620252 0.7206882911392405 0.045094936708860625 0.03499472573839668
