cl4e3u41h0007356fsnvcg4ia 0 0.0734375 0.271875 0.046875 0.06041666666666667
cl4e3ueop000b356f01i7ldq1 0 0.06770563471502591 0.43298251295336787 0.0625 0.07708333333333334
cl4e3ukq4000e356ff34zwnrn 0 0.14311755952380953 0.7365079365079364 0.0546875 0.07083333333333333
cl4e3uqus000h356fe27iuxa8 0 0.198046875 0.8661458333333333 0.0515625 0.06875
cl4e3uxro000k356fp9gecmfy 0 0.41484375 0.8802083333333334 0.0515625 0.06458333333333334
cl4e3v8ln000o356f3qmx8dpe 0 0.2872159090909091 0.44734848484848483 0.046875 0.0625
cl4e3vgyt000s356fzpl4rmbp 0 0.428125 0.46875 0.065625 0.08333333333333333
cl4e3vohl000v356fy39mbucz 0 0.630148381294964 0.183273381294964 0.046875 0.0625
cl4e3vusl000z356famxl2zb2 0 0.6547991071428572 0.28556547619047623 0.0578125 0.0729166666666667
cl4e3w0dk0012356fs5affwnl 0 0.8508038949275363 0.4015549516908212 0.0453125 0.0625
cl4e3wa6j0015356f6i69u7c1 0 0.6376420454545454 0.5614583333333333 0.059375 0.07291666666666667
cl4e3wjdu0019356fnueqbfih 0 0.653125 0.890625 0.05625 0.07708333333333334
cl4e3x3xe001c356fioyxs0uv 0 0.753125 0.6645833333333333 0.05 0.07083333333333333
cl4e3xy58001g356fmmazkw9m 0 0.42578125 0.1787037037037037 0.0515625 0.07083333333333333
cl4e3y4bo001k356fuf7l796k 0 0.38379120879120876 0.02912087912087912 0.05312499999999996 0.05
cl4e3ybxx001o356fk5wf5qlr 0 0.6574388586956521 0.07817028985507246 0.0640625 0.07916666666666666
cl4e3yxj7001s356fnluwh9ib 0 0.9567708333333333 0.38657407407407407 0.046875 0.07291666666666667
cl690f0jy00073b6g5g1429s9 0 0.4342979753521126 0.3008362676056338 0.026826584507042294 0.0391725352112676
