ckz3w7jvs001b3867v3h4p4s2 0 0.15355342741935485 0.13783602150537633 0.0484375 0.06666666666666665
cl4dmy6pl0007356fb5434fln 0 0.10408266129032258 0.036391129032258066 0.05 0.06041666666666667
cl4dmz269000a356fbourf6gh 0 0.37664811643835616 0.07198915525114155 0.046875 0.06041666666666667
cl4dmzfpu000e356febbq1mdv 0 0.4004501422942207 0.12182209573847051 0.051562500000000046 0.07083333333333332
cl4dmznh7000h356fz64w6qfx 0 0.45448016045099743 0.17659457213067362 0.04375 0.06458333333333334
cl4dmzugt000l356fsxuain4w 0 0.5256171150875386 0.23525038619979402 0.0453125 0.06458333333333334
cl4dmzzr5000o356f0nurzmg1 2 0.7027969942748091 0.2316078244274809 0.0421875 0.06041666666666667
cl4dn074j000r356ft1vyetoc 0 0.8746975806451612 0.0832997311827957 0.053125 0.06875
cl4dn0l0k000u356f5463x7v8 0 0.23190104166666664 0.47125 0.04375 0.05625
cl4dn0osn000x356fvfwvgmvh 0 0.27660734516616314 0.5193794058408863 0.0453125 0.0625
cl4dn0tn50010356fijf6pqfh 0 0.36078125 0.43395833333333333 0.0515625 0.06666666666666667
cl4dn10tn0014356fmstmdw3n 0 0.453125 0.45296695402298853 0.046875 0.06041666666666667
cl4dn16y20017356flmtqfcq9 0 0.6665053934010152 0.4319109560067682 0.0484375 0.0625
cl4dn1d6p001a356fofmctpok 0 0.8453455105633803 0.5369278169014085 0.0515625 0.06874999999999994
cl4dn1ntd001e356f6imbmn4c 0 0.9441225961538462 0.4865064102564103 0.0453125 0.058333333333333334
cl4dn1y19001k356ficmedsas 0 0.9869959677419355 0.4195900537634409 0.022883064516129002 0.06041666666666667
cl4dn26v7001o356fc38c9lns 0 0.06796875 0.4552083333333333 0.0421875 0.06041666666666667
cl4dn2eky001r356f9iyqtonl 0 0.3872395833333333 0.5744212962962963 0.051562499999999956 0.06458333333333334
cl4dn2man001v356fs0awxzwd 0 0.42316462320574166 0.6739334130781499 0.0515625 0.06666666666666667
cl4dn3kvh0027356fw5hb6zil 0 0.22890625 0.8724537037037037 0.05225694444444447 0.07175925925925929
cl4dn3qvf002b356fqvwam33m 0 0.31322337962962965 0.9367026748971193 0.04375 0.0625
cl4dn3xp8002f356fgyjyt6l2 0 0.5044795413669065 0.955695443645084 0.0484375 0.058333333333333334
cl4dn4454002i356fujuhkkmk 0 0.6767802254098361 0.7754781420765028 0.0359375 0.04583333333333333
cl4dn4fgi002l356fi8q5o4hf 0 0.7485641891891892 0.7944819819819819 0.05 0.07274774774774784
cl4dn4rqx002p356f523pixqc 0 0.9053353658536585 0.8697916666666666 0.0515625 0.06458333333333334
cl4dn5dr1002t356ffuci57qx 0 0.5333123995176849 0.8833165862808146 0.0578125 0.07291666666666667
cl4dnao7p002x356f5zr1ficu 0 0.09429687499999999 0.44802083333333337 0.05156249999999999 0.06458333333333334
cl4dnbhn70030356fthswsrdj 0 0.2894736842105263 0.9471491228070176 0.0421875 0.0625
cl4dnfaoc0034356f93ugfa2p 0 0.9611979166666667 0.3509548611111111 0.046875 0.06458333333333334
cl4dniemg0038356f48cdk2md 0 0.3249387254901961 0.21037581699346405 0.040625 0.05416666666666667
cl4dnva4g003g356f9g5rcuft 0 0.6731291118421052 0.8204495614035088 0.0453125 0.05625
cl4dnx7aa003l356fsr4z3nrl 0 0.44977964743589743 0.4860042735042735 0.0453125 0.058333333333333334
cl68ztsov00033b6ggh2ri460 2 0.92265625 0.7129793233082707 0.0421875 0.03333333333333333
