ckz3w7jvs001b3867v3h4p4s2 0 0.16328125 0.13541666666666666 0.0484375 0.06666666666666667
cl4dmy6pl0007356fb5434fln 0 0.13620890198511165 0.06788926799007444 0.05 0.06041666666666667
cl4dmzfpu000e356febbq1mdv 0 0.43685005252100845 0.122093837535014 0.0515625 0.07083333333333333
cl4dmznh7000h356fz64w6qfx 0 0.451044828707719 0.18575545677941602 0.04375 0.06458333333333334
cl4dmzugt000l356fsxuain4w 0 0.5228976248712668 0.24975433401991076 0.0453125 0.06458333333333337
cl4dmzzr5000o356f0nurzmg1 2 0.73640625 0.296875 0.0421875 0.06041666666666667
cl4dn074j000r356ft1vyetoc 0 0.8866779245843229 0.09143655977830561 0.053125 0.06875
cl4dn0l0k000u356f5463x7v8 0 0.27503654970760233 0.5322916666666667 0.04375 0.05625
cl4dn0osn000x356fvfwvgmvh 0 0.29921875 0.5270833333333333 0.0453125 0.0625
cl4dn10tn0014356fmstmdw3n 0 0.48698630136986304 0.48557363013698635 0.046875 0.06041666666666667
cl4dn16y20017356flmtqfcq9 0 0.66796875 0.44166666666666665 0.0484375 0.0625
cl4dn1d6p001a356fofmctpok 0 0.9071732954545455 0.585195707070707 0.0515625 0.06875
cl4dn1ntd001e356f6imbmn4c 0 0.94921875 0.49583333333333335 0.0453125 0.058333333333333334
cl4dn1y19001k356ficmedsas 0 0.98359375 0.41354166666666664 0.0296875 0.06041666666666667
cl4dn26v7001o356fc38c9lns 0 0.06796875 0.4552083333333333 0.0421875 0.06041666666666667
cl4dn2eky001r356f9iyqtonl 0 0.450825264084507 0.6219141236306729 0.0515625 0.06458333333333334
cl4dn2man001v356fs0awxzwd 0 0.42890625 0.6854166666666667 0.0515625 0.06666666666666667
cl4dn3kvh0027356fw5hb6zil 0 0.2690234375 0.8923697916666666 0.0515625 0.07083333333333333
cl4dn3qvf002b356fqvwam33m 0 0.321875 0.96875 0.04375 0.0625
cl4dn3xp8002f356fgyjyt6l2 0 0.50703125 0.9625 0.0484375 0.058333333333333334
cl4dn4454002i356fujuhkkmk 0 0.72765625 0.81 0.0359375 0.04583333333333333
cl4dn4fgi002l356fi8q5o4hf 0 0.7832201086956522 0.8297101449275363 0.05 0.06666666666666667
cl4dn4rqx002p356f523pixqc 0 0.9292096480582523 0.8889461974110032 0.0515625 0.06458333333333334
cl4dn5dr1002t356ffuci57qx 0 0.53984375 0.8947916666666667 0.0578125 0.07291666666666667
cl4dnao7p002x356f5zr1ficu 0 0.21334662656903766 0.20356084379358438 0.0515625 0.06458333333333334
cl4dnbhn70030356fthswsrdj 0 0.23378193430656932 0.8229166666666666 0.04375 0.0625
cl4dnfaoc0034356f93ugfa2p 0 0.5755756578947369 0.6692434210526316 0.046875 0.06458333333333334
cl4dniemg0038356f48cdk2md 0 0.37464488636363635 0.28584280303030307 0.0453125 0.060416666666666695
cl4dnu29k003c356f8jj3p32s 0 0.8125 0.6802083333333333 0.05 0.06458333333333334
cl4dnva4g003g356f9g5rcuft 0 0.718801738410596 0.8615135209713024 0.05 0.06458333333333334
cl4dnx7aa003l356fsr4z3nrl 0 0.4769798801369863 0.5197488584474886 0.0453125 0.05833333333333339
cl4dpg8f1003p356f72ya9kx4 0 0.9410290948275861 0.2404813218390805 0.0421875 0.05625000000000003
cl4drfdke003t356firajhs9f 0 0.5785590277777778 0.3693287037037037 0.0484375 0.06458333333333334
cl4drq4ne003x356fg6wuc2de 0 0.3233506944444445 0.4707175925925926 0.0453125 0.06458333333333334
cl4drtxmt0041356fzce45snx 0 0.025 0.88125 0.040625 0.0625
cl68ztsov00033b6ggh2ri460 2 0.9313370253164557 0.7230142405063291 0.048583860759493544 0.036988396624472605
