ckz3w7jvs001b3867v3h4p4s2 0 0.16547379032258064 0.13928091397849462 0.0484375 0.06666666666666668
cl4dmy6pl0007356fb5434fln 0 0.11491935483870967 0.045060483870967734 0.05 0.06041666666666666
cl4dmz269000a356fbourf6gh 0 0.39375 0.08854166666666667 0.046875 0.06041666666666667
cl4dmzfpu000e356febbq1mdv 0 0.40574512915936956 0.11711544074722709 0.0515625 0.07083333333333333
cl4dmznh7000h356fz64w6qfx 0 0.45360608196010405 0.17892544810638913 0.04375 0.06458333333333334
cl4dmzugt000l356fsxuain4w 0 0.5249251737899073 0.23894073978716104 0.0453125 0.06458333333333337
cl4dmzzr5000o356f0nurzmg1 2 0.7144422136871509 0.24686336126629424 0.0421875 0.060416666666666695
cl4dn074j000r356ft1vyetoc 0 0.8801159274193548 0.08763440860215053 0.053125 0.06875
cl4dn0l0k000u356f5463x7v8 0 0.2375 0.4961805555555555 0.04375 0.05625
cl4dn0osn000x356fvfwvgmvh 0 0.28015955438066464 0.5220858509566969 0.0453125 0.0625
cl4dn0tn50010356fijf6pqfh 0 0.06744791666666668 0.32013888888888886 0.0515625 0.06666666666666667
cl4dn10tn0014356fmstmdw3n 0 0.46038638565891477 0.45303617571059435 0.046875 0.06041666666666667
cl4dn16y20017356flmtqfcq9 0 0.6669317100253808 0.4347530668358714 0.0484375 0.0625
cl4dn1d6p001a356fofmctpok 0 0.8642680921052632 0.5494243421052631 0.0515625 0.06874999999999994
cl4dn1ntd001e356f6imbmn4c 0 0.9488854166666666 0.4955 0.0453125 0.058333333333333334
cl4dn1y19001k356ficmedsas 0 0.98359375 0.41354166666666664 0.0296875 0.06041666666666667
cl4dn26v7001o356fc38c9lns 0 0.06796875 0.4552083333333333 0.0421875 0.06041666666666667
cl4dn2eky001r356f9iyqtonl 0 0.40362692039106146 0.5801617783985102 0.0515625 0.06458333333333334
cl4dn2man001v356fs0awxzwd 0 0.42530776515151514 0.678219696969697 0.0515625 0.06666666666666667
cl4dn3kvh0027356fw5hb6zil 0 0.24133711283185838 0.8789823008849557 0.0515625 0.07083333333333333
cl4dn3qvf002b356fqvwam33m 0 0.31633391203703703 0.9422325102880659 0.04375 0.0625
cl4dn3xp8002f356fgyjyt6l2 0 0.506896357913669 0.9621402877697842 0.0484375 0.058333333333333334
cl4dn4454002i356fujuhkkmk 0 0.6915334302325581 0.7835029069767442 0.0359375 0.04583333333333333
cl4dn4fgi002l356fi8q5o4hf 0 0.7566461267605634 0.8056044600938966 0.05 0.06666666666666667
cl4dn4rqx002p356f523pixqc 0 0.90859375 0.8778075396825397 0.0515625 0.06458333333333334
cl4dn5dr1002t356ffuci57qx 0 0.538713323954984 0.8876373258306539 0.0578125 0.07291666666666667
cl4dnao7p002x356f5zr1ficu 0 0.22526041666666666 0.3711805555555555 0.051562499999999976 0.06458333333333334
cl4dnbhn70030356fthswsrdj 0 0.2829460816062176 0.9246545768566494 0.0421875 0.0625
cl4dnfaoc0034356f93ugfa2p 0 0.8598958333333334 0.4357638888888889 0.046875 0.06458333333333334
cl4dniemg0038356f48cdk2md 0 0.3389852335164835 0.23719093406593406 0.0453125 0.06041666666666667
cl4dnu29k003c356f8jj3p32s 0 0.8074375 0.9182916666666666 0.05 0.06458333333333334
cl4dnva4g003g356f9g5rcuft 0 0.69035625 0.833575 0.0453125 0.05625
cl4dnx7aa003l356fsr4z3nrl 0 0.4516170058139535 0.49606750645994835 0.0453125 0.058333333333333334
cl4drtxmt0041356fzce45snx 0 0.013330853174603174 0.8521589191232048 0.026605017006802723 0.0749244142101285
cl68ztsov00033b6ggh2ri460 2 0.92265625 0.715 0.0421875 0.03333333333333333
