ckz3w7jvs001b3867v3h4p4s2 0 0.16328125 0.13541666666666666 0.0484375 0.06666666666666667
cl4dmy6pl0007356fb5434fln 0 0.12249087591240877 0.05512469586374696 0.05000000000000001 0.06041666666666667
cl4dmzfpu000e356febbq1mdv 0 0.4106706983362522 0.11273715703444248 0.0515625 0.07083333333333332
cl4dmznh7000h356fz64w6qfx 0 0.45279298568950566 0.18109370482798498 0.04375 0.06458333333333334
cl4dmzugt000l356fsxuain4w 0 0.5242815074665294 0.2423736268451768 0.0453125 0.06458333333333334
cl4dmzzr5000o356f0nurzmg1 2 0.7233169043624161 0.2617379753914989 0.0421875 0.06041666666666667
cl4dn074j000r356ft1vyetoc 0 0.8826881680522565 0.08930868962787016 0.053125 0.06875
cl4dn0l0k000u356f5463x7v8 0 0.25132042253521125 0.5141578638497653 0.04375 0.05624999999999994
cl4dn0osn000x356fvfwvgmvh 0 0.28346393504531725 0.5246034743202418 0.0453125 0.06250000000000006
cl4dn10tn0014356fmstmdw3n 0 0.4724254261363637 0.4630681818181818 0.046875 0.06041666666666667
cl4dn16y20017356flmtqfcq9 0 0.6673282836294416 0.43739689086294414 0.0484375 0.0625
cl4dn1d6p001a356fofmctpok 0 0.8781117584745763 0.5663076741996232 0.0515625 0.06874999999999994
cl4dn1ntd001e356f6imbmn4c 0 0.94921875 0.49583333333333335 0.0453125 0.058333333333333334
cl4dn1y19001k356ficmedsas 0 0.98359375 0.41354166666666664 0.0296875 0.06041666666666667
cl4dn26v7001o356fc38c9lns 0 0.06796875 0.4552083333333333 0.0421875 0.06041666666666667
cl4dn2eky001r356f9iyqtonl 0 0.4217516447368421 0.5989284290271133 0.0515625 0.06458333333333334
cl4dn2man001v356fs0awxzwd 0 0.42730138556618824 0.6822069377990431 0.0515625 0.06666666666666667
cl4dn3kvh0027356fw5hb6zil 0 0.24788643973214283 0.8833333333333333 0.0515625 0.07083333333333333
cl4dn3qvf002b356fqvwam33m 0 0.3156947261663286 0.9638057809330629 0.04375 0.0625
cl4dn3xp8002f356fgyjyt6l2 0 0.50703125 0.9625 0.0484375 0.058333333333333334
cl4dn4454002i356fujuhkkmk 0 0.7033775845864662 0.79375 0.0359375 0.04583333333333333
cl4dn4fgi002l356fi8q5o4hf 0 0.7654489436619718 0.8144072769953052 0.05 0.06666666666666667
cl4dn4rqx002p356f523pixqc 0 0.9193080357142858 0.8794642857142858 0.0515625 0.06458333333333334
cl4dn5dr1002t356ffuci57qx 0 0.53984375 0.8903939611217335 0.0578125 0.07291666666666667
cl4dnao7p002x356f5zr1ficu 0 0.22099454365079363 0.23933531746031747 0.051562499999999976 0.06458333333333334
cl4dnbhn70030356fthswsrdj 0 0.30940625 0.8813333333333334 0.0421875 0.0625
cl4dnfaoc0034356f93ugfa2p 0 0.7774816176470589 0.5141544117647059 0.04687500000000009 0.0645833333333334
cl4dniemg0038356f48cdk2md 0 0.3472594246031746 0.246875 0.0453125 0.06041666666666667
cl4dnu29k003c356f8jj3p32s 0 0.8115808823529411 0.7556985294117647 0.04999999999999991 0.06458333333333334
cl4dnva4g003g356f9g5rcuft 0 0.7002525845864661 0.8459508145363408 0.0453125 0.05625
cl4dnx7aa003l356fsr4z3nrl 0 0.45914417613636366 0.5036931818181818 0.0453125 0.058333333333333334
cl4drtxmt0041356fzce45snx 0 0.018291170634920632 0.8597174981103551 0.03085671768707483 0.06736583522297804
cl68ztsov00033b6ggh2ri460 2 0.92265625 0.7168796992481202 0.0421875 0.03333333333333333
