cl4e3u41h0007356fsnvcg4ia 0 0.0734375 0.271875 0.046875 0.06041666666666667
cl4e3ueop000b356f01i7ldq1 0 0.06446729274611399 0.4286647236614853 0.0625 0.07708333333333334
cl4e3ukq4000e356ff34zwnrn 0 0.140625 0.709375 0.0546875 0.07083333333333333
cl4e3uqus000h356fe27iuxa8 0 0.20325520833333335 0.8786458333333333 0.051562500000000025 0.06875
cl4e3uxro000k356fp9gecmfy 0 0.41484375 0.8802083333333334 0.0515625 0.06458333333333334
cl4e3v8ln000o356f3qmx8dpe 0 0.2777462121212121 0.4422979797979798 0.046875 0.0625
cl4e3vgyt000s356fzpl4rmbp 0 0.428125 0.46875 0.065625 0.08333333333333333
cl4e3vohl000v356fy39mbucz 0 0.6283498201438849 0.18147482014388489 0.046875 0.0625
cl4e3vusl000z356famxl2zb2 0 0.6091145833333333 0.24618055555555554 0.0578125 0.07291666666666664
cl4e3w0dk0012356fs5affwnl 0 0.8453835227272727 0.3969696969696969 0.0453125 0.0625
cl4e3wa6j0015356f6i69u7c1 0 0.6319602272727273 0.5614583333333333 0.059375 0.07291666666666667
cl4e3wjdu0019356fnueqbfih 0 0.653125 0.890625 0.05625 0.07708333333333334
cl4e3x3xe001c356fioyxs0uv 0 0.753125 0.6645833333333333 0.05 0.07083333333333333
cl4e3xy58001g356fmmazkw9m 0 0.5729166666666667 0.13472222222222224 0.046875 0.06250000000000001
cl4e3y4bo001k356fuf7l796k 0 0.37875457875457874 0.025457875457875458 0.053125 0.05
cl4e3ybxx001o356fk5wf5qlr 0 0.6487432065217391 0.07164855072463767 0.0640625 0.07916666666666666
cl4e3yxj7001s356fnluwh9ib 0 0.9813802083333332 0.31875 0.037239583333333395 0.07916666666666666
cl690f0jy00073b6g5g1429s9 0 0.4329775528169014 0.2973151408450704 0.022425176056338002 0.032130281690140865
