ckz3w7jvs001b3867v3h4p4s2 0 0.16328125 0.13541666666666666 0.0484375 0.06666666666666667
cl4dmy6pl0007356fb5434fln 0 0.1390625 0.06979166666666667 0.05 0.06041666666666667
cl4dmzfpu000e356febbq1mdv 0 0.43984375 0.12708333333333333 0.0515625 0.07083333333333333
cl4dmznh7000h356fz64w6qfx 0 0.450495988725065 0.1872190300664932 0.04375 0.06458333333333334
cl4dmzugt000l356fsxuain4w 0 0.52265625 0.25104166666666666 0.0453125 0.06458333333333334
cl4dmzzr5000o356f0nurzmg1 2 0.7418445121951219 0.30813008130081304 0.0421875 0.06041666666666667
cl4dn074j000r356ft1vyetoc 0 0.8879305225653207 0.09210461203483768 0.053125 0.06875
cl4dn0l0k000u356f5463x7v8 0 0.27997076023391815 0.5322916666666667 0.04375 0.05625
cl4dn0osn000x356fvfwvgmvh 0 0.29921875 0.5270833333333333 0.0453125 0.0625
cl4dn10tn0014356fmstmdw3n 0 0.49204302226027397 0.4913527397260274 0.046875 0.06041666666666667
cl4dn16y20017356flmtqfcq9 0 0.66796875 0.44166666666666665 0.0484375 0.0625
cl4dn1d6p001a356fofmctpok 0 0.90390625 0.5822916666666667 0.0515625 0.06875
cl4dn1ntd001e356f6imbmn4c 0 0.94921875 0.49583333333333335 0.0453125 0.058333333333333334
cl4dn1y19001k356ficmedsas 0 0.98359375 0.41354166666666664 0.0296875 0.06041666666666667
cl4dn26v7001o356fc38c9lns 0 0.06796875 0.4552083333333333 0.0421875 0.06041666666666667
cl4dn2eky001r356f9iyqtonl 0 0.4567671654929577 0.627195813771518 0.0515625 0.06458333333333334
cl4dn2man001v356fs0awxzwd 0 0.42890625 0.6854166666666667 0.0515625 0.06666666666666667
cl4dn3kvh0027356fw5hb6zil 0 0.27421875 0.8958333333333334 0.0515625 0.07083333333333333
cl4dn3qvf002b356fqvwam33m 0 0.321875 0.96875 0.04375 0.0625
cl4dn3xp8002f356fgyjyt6l2 0 0.50703125 0.9625 0.0484375 0.058333333333333334
cl4dn4454002i356fujuhkkmk 0 0.73515625 0.8166666666666667 0.0359375 0.04583333333333333
cl4dn4fgi002l356fi8q5o4hf 0 0.7878057065217391 0.8358242753623188 0.04999999999999991 0.06666666666666667
cl4dn4rqx002p356f523pixqc 0 0.9312575849514563 0.8916767799352752 0.0515625 0.06458333333333334
cl4dn5dr1002t356ffuci57qx 0 0.53984375 0.8947916666666667 0.0578125 0.07291666666666667
cl4dnao7p002x356f5zr1ficu 0 0.13910845588235293 0.2841299019607843 0.0515625 0.06458333333333334
cl4dnbhn70030356fthswsrdj 0 0.23392857142857143 0.8196699134199134 0.04375 0.0625
cl4dnfaoc0034356f93ugfa2p 0 0.4946231617647059 0.7239583333333334 0.046875 0.06458333333333334
cl4dniemg0038356f48cdk2md 0 0.38019301470588235 0.3042279411764706 0.0453125 0.06041666666666667
cl4dnu29k003c356f8jj3p32s 0 0.7659374999999999 0.7118749999999999 0.05 0.06458333333333334
cl4dnva4g003g356f9g5rcuft 0 0.7257864238410596 0.8689638520971302 0.05 0.06458333333333334
cl4dnx7aa003l356fsr4z3nrl 0 0.4827589897260274 0.5245647831050229 0.0453125 0.05833333333333339
cl4dpg8f1003p356f72ya9kx4 0 0.9499131944444444 0.17627314814814815 0.0421875 0.05625
cl4drfdke003t356firajhs9f 0 0.4201746323529412 0.2598651960784314 0.04843750000000004 0.06458333333333337
cl4drq4ne003x356fg6wuc2de 0 0.44730902777777776 0.7515046296296296 0.0453125 0.06458333333333334
cl4drtxmt0041356fzce45snx 0 0.025 0.88125 0.040625 0.0625
cl4dxi3z90049356fhg7pcjy2 0 0.3203125 0.7416666666666667 0.05625 0.06666666666666667
cl4dxk93t004d356fh5fmei69 0 0.0232421875 0.3046875 0.04140625 0.06875
cl68ztsov00033b6ggh2ri460 2 0.9364102056962025 0.7255063291139241 0.05232199367088608 0.039124472573839594
