ckz3w7jvs001b3867v3h4p4s2 0 0.16328125 0.13541666666666666 0.0484375 0.06666666666666667
cl4dmy6pl0007356fb5434fln 0 0.12649406934306567 0.061351885644768865 0.05 0.060416666666666674
cl4dmzfpu000e356febbq1mdv 0 0.4143725198412699 0.11005291005291004 0.0515625 0.07083333333333333
cl4dmznh7000h356fz64w6qfx 0 0.4523173243712056 0.18236213501011853 0.04375 0.06458333333333334
cl4dmzugt000l356fsxuain4w 0 0.5239049626673532 0.24438186577411602 0.0453125 0.06458333333333334
cl4dmzzr5000o356f0nurzmg1 2 0.7289681311881189 0.27065800330033 0.0421875 0.06041666666666667
cl4dn074j000r356ft1vyetoc 0 0.8837737529691211 0.08988766825019794 0.053125 0.06875
cl4dn0l0k000u356f5463x7v8 0 0.25945121951219513 0.5229928861788619 0.04375 0.05625000000000006
cl4dn0osn000x356fvfwvgmvh 0 0.28539699773413896 0.5260762839879154 0.0453125 0.0625
cl4dn10tn0014356fmstmdw3n 0 0.47727272727272724 0.4667613636363636 0.046875 0.06041666666666667
cl4dn16y20017356flmtqfcq9 0 0.6675602791878172 0.4389435279187817 0.0484375 0.0625
cl4dn1d6p001a356fofmctpok 0 0.8898297991071429 0.5705915178571428 0.0515625 0.06875
cl4dn1ntd001e356f6imbmn4c 0 0.94921875 0.49583333333333335 0.0453125 0.058333333333333334
cl4dn1y19001k356ficmedsas 0 0.98359375 0.41354166666666664 0.0296875 0.06041666666666667
cl4dn26v7001o356fc38c9lns 0 0.06796875 0.4552083333333333 0.0421875 0.06041666666666667
cl4dn2eky001r356f9iyqtonl 0 0.4312449596774194 0.6016330645161291 0.0515625 0.06458333333333334
cl4dn2man001v356fs0awxzwd 0 0.4284676535087719 0.6845394736842105 0.0515625 0.06666666666666667
cl4dn3kvh0027356fw5hb6zil 0 0.25357730263157896 0.8858187134502924 0.0515625 0.07083333333333333
cl4dn3qvf002b356fqvwam33m 0 0.31754880831643 0.965289046653144 0.04375 0.0625
cl4dn3xp8002f356fgyjyt6l2 0 0.50703125 0.9625 0.0484375 0.058333333333333334
cl4dn4454002i356fujuhkkmk 0 0.7145659722222222 0.7997222222222222 0.0359375 0.04583333333333333
cl4dn4fgi002l356fi8q5o4hf 0 0.771755642361111 0.8211226851851853 0.05 0.06666666666666667
cl4dn4rqx002p356f523pixqc 0 0.92265625 0.8816384763476347 0.0515625 0.06458333333333334
cl4dn5dr1002t356ffuci57qx 0 0.53984375 0.8917921446781389 0.0578125 0.07291666666666667
cl4dnao7p002x356f5zr1ficu 0 0.22225560897435898 0.21941773504273504 0.051562500000000025 0.06458333333333334
cl4dnbhn70030356fthswsrdj 0 0.27875 0.8570833333333333 0.040625 0.0625
cl4dnfaoc0034356f93ugfa2p 0 0.7150240384615385 0.5827724358974359 0.046875 0.06458333333333334
cl4dniemg0038356f48cdk2md 0 0.3556770833333333 0.25697916666666665 0.0453125 0.06041666666666667
cl4dnu29k003c356f8jj3p32s 0 0.8296875 0.6635416666666667 0.05 0.06458333333333334
cl4dnva4g003g356f9g5rcuft 0 0.706690340909091 0.8458775252525252 0.0453125 0.05625
cl4dnx7aa003l356fsr4z3nrl 0 0.46399147727272727 0.5073863636363637 0.0453125 0.05833333333333339
cl4dpg8f1003p356f72ya9kx4 0 0.95703125 0.4356570512820513 0.04266826923076934 0.05785256410256411
cl4drfdke003t356firajhs9f 0 0.96171875 0.5908854166666667 0.04765625 0.06510416666666667
cl4drtxmt0041356fzce45snx 0 0.02119295634920635 0.8641392668178384 0.03334396258503401 0.0629440665154951
cl68ztsov00033b6ggh2ri460 2 0.92265625 0.7179793233082706 0.0421875 0.03333333333333333
