ckz3w7jvs001b3867v3h4p4s2 0 0.16328125 0.13541666666666666 0.0484375 0.06666666666666667
cl4dmy6pl0007356fb5434fln 0 0.1299744106699752 0.06373294044665014 0.05 0.060416666666666674
cl4dmzfpu000e356febbq1mdv 0 0.4237711997487438 0.1108458961474037 0.051562500000000046 0.07083333333333335
cl4dmznh7000h356fz64w6qfx 0 0.45186199045967046 0.1835763587742122 0.04375 0.06458333333333334
cl4dmzugt000l356fsxuain4w 0 0.5235445095262616 0.2463042825266049 0.0453125 0.06458333333333337
cl4dmzzr5000o356f0nurzmg1 2 0.73515625 0.27670747422680414 0.0421875 0.06041666666666667
cl4dn074j000r356ft1vyetoc 0 0.8848129453681711 0.09044190419635788 0.053125 0.06875
cl4dn0l0k000u356f5463x7v8 0 0.2617559523809524 0.5312334656084656 0.04375 0.05625
cl4dn0osn000x356fvfwvgmvh 0 0.28844288793103445 0.5270833333333333 0.0453125 0.0625
cl4dn10tn0014356fmstmdw3n 0 0.48108870967741935 0.4706518817204301 0.046875 0.06041666666666667
cl4dn16y20017356flmtqfcq9 0 0.6677823604060913 0.44042406937394246 0.0484375 0.0625
cl4dn1d6p001a356fofmctpok 0 0.90234375 0.5756076388888889 0.0515625 0.06875
cl4dn1ntd001e356f6imbmn4c 0 0.94921875 0.49583333333333335 0.0453125 0.058333333333333334
cl4dn1y19001k356ficmedsas 0 0.98359375 0.41354166666666664 0.0296875 0.06041666666666667
cl4dn26v7001o356fc38c9lns 0 0.06796875 0.4552083333333333 0.0421875 0.06041666666666667
cl4dn2eky001r356f9iyqtonl 0 0.43914818548387097 0.6076545698924731 0.0515625 0.06458333333333334
cl4dn2man001v356fs0awxzwd 0 0.42890625 0.6854166666666667 0.0515625 0.06666666666666667
cl4dn3kvh0027356fw5hb6zil 0 0.25815625 0.8881111111111112 0.0515625 0.07083333333333333
cl4dn3qvf002b356fqvwam33m 0 0.31932365618661257 0.9667089249492901 0.04375 0.0625
cl4dn3xp8002f356fgyjyt6l2 0 0.50703125 0.9625 0.0484375 0.058333333333333334
cl4dn4454002i356fujuhkkmk 0 0.7190950750883391 0.8032391048292109 0.0359375 0.04583333333333333
cl4dn4fgi002l356fi8q5o4hf 0 0.7746148255813954 0.8252713178294574 0.05 0.06666666666666667
cl4dn4rqx002p356f523pixqc 0 0.92265625 0.8847187843784378 0.0515625 0.06458333333333334
cl4dn5dr1002t356ffuci57qx 0 0.53984375 0.8931305768005099 0.0578125 0.07291666666666667
cl4dnao7p002x356f5zr1ficu 0 0.21466069560669454 0.21232130404463043 0.051562499999999976 0.06458333333333334
cl4dnbhn70030356fthswsrdj 0 0.2484375 0.8375 0.04375 0.0625
cl4dnfaoc0034356f93ugfa2p 0 0.6680288461538462 0.6362980769230769 0.046875 0.06458333333333334
cl4dniemg0038356f48cdk2md 0 0.36151041666666667 0.2628125 0.0453125 0.06041666666666667
cl4dnu29k003c356f8jj3p32s 0 0.884375 0.7614583333333333 0.05 0.06458333333333334
cl4dnva4g003g356f9g5rcuft 0 0.7098721590909091 0.8487058080808081 0.0453125 0.05625
cl4dnx7aa003l356fsr4z3nrl 0 0.46863012566137563 0.5111221340388007 0.0453125 0.05833333333333339
cl4dpg8f1003p356f72ya9kx4 0 0.91953125 0.38229166666666664 0.0421875 0.05625
cl4drfdke003t356firajhs9f 0 0.73828125 0.5989583333333334 0.0484375 0.06458333333333334
cl4drq4ne003x356fg6wuc2de 0 0.146875 0.10208333333333333 0.04375 0.05416666666666667
cl4drtxmt0041356fzce45snx 0 0.02397073412698413 0.8683720710506425 0.0357249149659864 0.058711262282690885
cl68ztsov00033b6ggh2ri460 2 0.9237836234177216 0.7193037974683544 0.043018196202531736 0.0338080168776371
