ckz3w7jvs001b3867v3h4p4s2 0 0.16328125 0.13541666666666666 0.0484375 0.06666666666666667
cl4dmy6pl0007356fb5434fln 0 0.12885778535980147 0.06298852357320099 0.05 0.06041666666666666
cl4dmzfpu000e356febbq1mdv 0 0.4212272298994975 0.10933835845896149 0.0515625 0.07083333333333335
cl4dmznh7000h356fz64w6qfx 0 0.4520083477883781 0.18318607256432495 0.04375 0.06458333333333334
cl4dmzugt000l356fsxuain4w 0 0.5236603694644696 0.24568636285616202 0.0453125 0.06458333333333334
cl4dmzzr5000o356f0nurzmg1 2 0.7348468440594059 0.2737933168316832 0.0421875 0.06041666666666667
cl4dn074j000r356ft1vyetoc 0 0.884478919239905 0.09026375692794933 0.053125 0.06875
cl4dn0l0k000u356f5463x7v8 0 0.25958333333333333 0.531875 0.04375 0.05625
cl4dn0osn000x356fvfwvgmvh 0 0.28665266238670695 0.5270329808660624 0.0453125 0.0625
cl4dn10tn0014356fmstmdw3n 0 0.48042140151515156 0.4691603535353535 0.046875 0.06041666666666667
cl4dn16y20017356flmtqfcq9 0 0.6677109771573604 0.43994818104906935 0.0484375 0.0625
cl4dn1d6p001a356fofmctpok 0 0.90234375 0.572482638888889 0.0515625 0.06875
cl4dn1ntd001e356f6imbmn4c 0 0.94921875 0.49583333333333335 0.0453125 0.058333333333333334
cl4dn1y19001k356ficmedsas 0 0.98359375 0.41354166666666664 0.0296875 0.06041666666666667
cl4dn26v7001o356fc38c9lns 0 0.06796875 0.4552083333333333 0.0421875 0.06041666666666667
cl4dn2eky001r356f9iyqtonl 0 0.43660786290322584 0.6057190860215054 0.0515625 0.06458333333333334
cl4dn2man001v356fs0awxzwd 0 0.42890625 0.6854166666666667 0.0515625 0.06666666666666667
cl4dn3kvh0027356fw5hb6zil 0 0.25982730263157894 0.8913742690058479 0.0515625 0.07083333333333333
cl4dn3qvf002b356fqvwam33m 0 0.3187531693711968 0.9662525354969574 0.04375 0.0625
cl4dn3xp8002f356fgyjyt6l2 0 0.50703125 0.9625 0.0484375 0.058333333333333334
cl4dn4454002i356fujuhkkmk 0 0.7177037323321555 0.8021790341578328 0.0359375 0.04583333333333333
cl4dn4fgi002l356fi8q5o4hf 0 0.7740915697674419 0.8242248062015505 0.05 0.06666666666666667
cl4dn4rqx002p356f523pixqc 0 0.92265625 0.8837286853685369 0.0515625 0.06458333333333334
cl4dn5dr1002t356ffuci57qx 0 0.53984375 0.8927003664754621 0.0578125 0.07291666666666667
cl4dnao7p002x356f5zr1ficu 0 0.21380208333333334 0.215625 0.051562500000000025 0.06458333333333334
cl4dnbhn70030356fthswsrdj 0 0.24553571428571427 0.8535714285714285 0.04375 0.0625
cl4dnfaoc0034356f93ugfa2p 0 0.6835227272727272 0.6127840909090909 0.046875 0.06458333333333334
cl4dniemg0038356f48cdk2md 0 0.35963541666666665 0.2609375 0.0453125 0.06041666666666667
cl4dnu29k003c356f8jj3p32s 0 0.8828125 0.7109027777777778 0.05 0.06458333333333334
cl4dnva4g003g356f9g5rcuft 0 0.7088494318181818 0.8477967171717171 0.0453125 0.05625
cl4dnx7aa003l356fsr4z3nrl 0 0.46714015151515154 0.5097853535353535 0.0453125 0.058333333333333334
cl4dpg8f1003p356f72ya9kx4 0 0.9397017045454545 0.3921401515151515 0.0421875 0.05625
cl4drfdke003t356firajhs9f 0 0.80234375 0.6480113636363637 0.0484375 0.06458333333333334
cl4drq4ne003x356fg6wuc2de 0 0.091796875 0.0375 0.04375 0.05416666666666667
cl4drtxmt0041356fzce45snx 0 0.023077876984126982 0.8670115268329553 0.03495960884353742 0.06007180650037789
cl68ztsov00033b6ggh2ri460 2 0.92265625 0.7186936090225564 0.0421875 0.03333333333333333
