ckz3w7jvs001b3867v3h4p4s2 0 0.16328125 0.13541666666666666 0.0484375 0.06666666666666667
cl4dmy6pl0007356fb5434fln 0 0.13850418734491315 0.0694194582299421 0.05 0.06041666666666666
cl4dmzfpu000e356febbq1mdv 0 0.43984375 0.12708333333333333 0.0515625 0.07083333333333333
cl4dmznh7000h356fz64w6qfx 0 0.45074398308759756 0.18655771176640645 0.04375 0.06458333333333334
cl4dmzugt000l356fsxuain4w 0 0.5226594683316168 0.25102450223137657 0.0453125 0.0645833333333333
cl4dmzzr5000o356f0nurzmg1 2 0.7397098214285714 0.30238095238095236 0.0421875 0.06041666666666667
cl4dn074j000r356ft1vyetoc 0 0.887364533847981 0.09180275138558987 0.053125 0.06875
cl4dn0l0k000u356f5463x7v8 0 0.2777412280701754 0.5322916666666667 0.04375 0.05625
cl4dn0osn000x356fvfwvgmvh 0 0.29921875 0.5270833333333333 0.0453125 0.0625
cl4dn10tn0014356fmstmdw3n 0 0.4897581335616438 0.4887414383561644 0.046875 0.06041666666666667
cl4dn16y20017356flmtqfcq9 0 0.66796875 0.44166666666666665 0.0484375 0.0625
cl4dn1d6p001a356fofmctpok 0 0.90390625 0.5822916666666667 0.0515625 0.06875
cl4dn1ntd001e356f6imbmn4c 0 0.94921875 0.49583333333333335 0.0453125 0.058333333333333334
cl4dn1y19001k356ficmedsas 0 0.98359375 0.41354166666666664 0.0296875 0.06041666666666667
cl4dn26v7001o356fc38c9lns 0 0.06796875 0.4552083333333333 0.0421875 0.06041666666666667
cl4dn2eky001r356f9iyqtonl 0 0.4540823063380282 0.6248092723004695 0.0515625 0.06458333333333334
cl4dn2man001v356fs0awxzwd 0 0.42890625 0.6854166666666667 0.0515625 0.06666666666666667
cl4dn3kvh0027356fw5hb6zil 0 0.2719140625 0.894296875 0.0515625 0.07083333333333333
cl4dn3qvf002b356fqvwam33m 0 0.321875 0.96875 0.04375 0.0625
cl4dn3xp8002f356fgyjyt6l2 0 0.50703125 0.9625 0.0484375 0.058333333333333334
cl4dn4454002i356fujuhkkmk 0 0.7326116071428571 0.8144047619047619 0.0359375 0.04583333333333333
cl4dn4fgi002l356fi8q5o4hf 0 0.7857336956521739 0.8330615942028986 0.04999999999999991 0.06666666666666667
cl4dn4rqx002p356f523pixqc 0 0.9303322208737864 0.8904429611650485 0.0515625 0.06458333333333334
cl4dn5dr1002t356ffuci57qx 0 0.53984375 0.8947916666666667 0.0578125 0.07291666666666667
cl4dnao7p002x356f5zr1ficu 0 0.15460069444444444 0.2675925925925926 0.0515625 0.06458333333333337
cl4dnbhn70030356fthswsrdj 0 0.24053375912408761 0.8229166666666666 0.04375 0.0625
cl4dnfaoc0034356f93ugfa2p 0 0.5307203389830508 0.696239406779661 0.046875 0.06458333333333334
cl4dniemg0038356f48cdk2md 0 0.37769325657894737 0.2922697368421053 0.04531249999999996 0.06041666666666667
cl4dnu29k003c356f8jj3p32s 0 0.797048611111111 0.6449074074074074 0.05 0.06458333333333334
cl4dnva4g003g356f9g5rcuft 0 0.722630380794702 0.8655974061810154 0.05 0.06458333333333334
cl4dnx7aa003l356fsr4z3nrl 0 0.48014768835616434 0.5223886986301369 0.0453125 0.058333333333333334
cl4dpg8f1003p356f72ya9kx4 0 0.95859375 0.221875 0.0421875 0.05625
cl4drfdke003t356firajhs9f 0 0.4193359375 0.42942708333333335 0.0484375 0.06458333333333334
cl4drq4ne003x356fg6wuc2de 0 0.3862926136363637 0.6107954545454546 0.04531250000000005 0.06458333333333334
cl4drtxmt0041356fzce45snx 0 0.025 0.88125 0.040625 0.0625
cl4dxi3z90049356fhg7pcjy2 0 0.3765625 0.9520833333333333 0.05625 0.06666666666666667
cl68ztsov00033b6ggh2ri460 2 0.9341178797468356 0.7243802742616033 0.05063291139240515 0.03815928270042204
