ckz3w7jvs001b3867v3h4p4s2 0 0.16328125 0.13541666666666666 0.0484375 0.06666666666666667
cl4dmy6pl0007356fb5434fln 0 0.1390625 0.06979166666666667 0.05 0.06041666666666667
cl4dmzfpu000e356febbq1mdv 0 0.43984375 0.12708333333333333 0.0515625 0.07083333333333333
cl4dmznh7000h356fz64w6qfx 0 0.4506301496097138 0.1868612677074299 0.04375 0.06458333333333334
cl4dmzugt000l356fsxuain4w 0 0.52265625 0.25104166666666666 0.0453125 0.06458333333333334
cl4dmzzr5000o356f0nurzmg1 2 0.7409598214285714 0.3044642857142857 0.0421875 0.06041666666666667
cl4dn074j000r356ft1vyetoc 0 0.8876243319477435 0.09194131037212984 0.053125 0.06875
cl4dn0l0k000u356f5463x7v8 0 0.27876461988304096 0.5322916666666667 0.04375 0.05625
cl4dn0osn000x356fvfwvgmvh 0 0.29921875 0.5270833333333333 0.0453125 0.0625
cl4dn10tn0014356fmstmdw3n 0 0.49080693493150684 0.4899400684931507 0.046875 0.06041666666666667
cl4dn16y20017356flmtqfcq9 0 0.66796875 0.44166666666666665 0.0484375 0.0625
cl4dn1d6p001a356fofmctpok 0 0.90390625 0.5822916666666667 0.0515625 0.06875
cl4dn1ntd001e356f6imbmn4c 0 0.94921875 0.49583333333333335 0.0453125 0.058333333333333334
cl4dn1y19001k356ficmedsas 0 0.98359375 0.41354166666666664 0.0296875 0.06041666666666667
cl4dn26v7001o356fc38c9lns 0 0.06796875 0.4552083333333333 0.0421875 0.06041666666666667
cl4dn2eky001r356f9iyqtonl 0 0.4553147007042254 0.6259047339593115 0.0515625 0.06458333333333334
cl4dn2man001v356fs0awxzwd 0 0.42890625 0.6854166666666667 0.0515625 0.06666666666666667
cl4dn3kvh0027356fw5hb6zil 0 0.2730078125 0.8950260416666667 0.0515625 0.07083333333333333
cl4dn3qvf002b356fqvwam33m 0 0.321875 0.96875 0.04375 0.0625
cl4dn3xp8002f356fgyjyt6l2 0 0.50703125 0.9625 0.0484375 0.058333333333333334
cl4dn4454002i356fujuhkkmk 0 0.7344866071428571 0.8160714285714286 0.0359375 0.04583333333333333
cl4dn4fgi002l356fi8q5o4hf 0 0.7866847826086957 0.8343297101449275 0.050000000000000086 0.06666666666666667
cl4dn4rqx002p356f523pixqc 0 0.9307569781553399 0.8910093042071198 0.0515625 0.06458333333333334
cl4dn5dr1002t356ffuci57qx 0 0.53984375 0.8947916666666667 0.0578125 0.07291666666666667
cl4dnao7p002x356f5zr1ficu 0 0.14456935975609758 0.2749237804878049 0.0515625 0.06458333333333334
cl4dnbhn70030356fthswsrdj 0 0.23761160714285717 0.8214556277056277 0.04375 0.0625
cl4dnfaoc0034356f93ugfa2p 0 0.5114406779661017 0.7081038135593221 0.046875 0.06458333333333334
cl4dniemg0038356f48cdk2md 0 0.37826891447368427 0.2984100877192982 0.04531250000000005 0.06041666666666667
cl4dnu29k003c356f8jj3p32s 0 0.7637019230769231 0.6715544871794872 0.05 0.06458333333333334
cl4dnva4g003g356f9g5rcuft 0 0.7240790562913907 0.8671426600441501 0.05 0.06458333333333334
cl4dnx7aa003l356fsr4z3nrl 0 0.4813463184931507 0.5233875570776256 0.0453125 0.058333333333333334
cl4dpg8f1003p356f72ya9kx4 0 0.9596354166666666 0.19340277777777776 0.0421875 0.05625
cl4drfdke003t356firajhs9f 0 0.4363581730769231 0.3425480769230769 0.0484375 0.06458333333333334
cl4drq4ne003x356fg6wuc2de 0 0.4037642045454546 0.6847537878787879 0.04531250000000005 0.06458333333333334
cl4drtxmt0041356fzce45snx 0 0.025 0.88125 0.040625 0.0625
cl4dxi3z90049356fhg7pcjy2 0 0.3542613636363636 0.85625 0.05625 0.06666666666666667
cl4dxk93t004d356fh5fmei69 0 0.0140625 0.2954861111111111 0.028125 0.06458333333333337
cl68ztsov00033b6ggh2ri460 2 0.9351700949367089 0.7248971518987342 0.051408227848101264 0.038602320675105516
