ckz3w7jvs001b3867v3h4p4s2 0 0.16328125 0.13541666666666666 0.0484375 0.06666666666666667
cl4dmy6pl0007356fb5434fln 0 0.13633297146401985 0.06797198097601324 0.05 0.060416666666666674
cl4dmzfpu000e356febbq1mdv 0 0.4370601365546219 0.12244397759103641 0.0515625 0.07083333333333333
cl4dmznh7000h356fz64w6qfx 0 0.451028566782307 0.18579882191384792 0.04375 0.06458333333333334
cl4dmzugt000l356fsxuain4w 0 0.5228847515447992 0.24982299176107106 0.0453125 0.06458333333333334
cl4dmzzr5000o356f0nurzmg1 2 0.7365848214285714 0.29717261904761905 0.0421875 0.06041666666666667
cl4dn074j000r356ft1vyetoc 0 0.8867150385985749 0.09145635391923991 0.053125 0.06875
cl4dn0l0k000u356f5463x7v8 0 0.2751827485380117 0.5322916666666667 0.04375 0.05625
cl4dn0osn000x356fvfwvgmvh 0 0.29921875 0.5270833333333333 0.0453125 0.0625
cl4dn10tn0014356fmstmdw3n 0 0.48713613013698626 0.4857448630136986 0.046875 0.06041666666666667
cl4dn16y20017356flmtqfcq9 0 0.66796875 0.44166666666666665 0.0484375 0.0625
cl4dn1d6p001a356fofmctpok 0 0.9068892045454545 0.5849431818181817 0.0515625 0.06875
cl4dn1ntd001e356f6imbmn4c 0 0.94921875 0.49583333333333335 0.0453125 0.058333333333333334
cl4dn1y19001k356ficmedsas 0 0.98359375 0.41354166666666664 0.0296875 0.06041666666666667
cl4dn26v7001o356fc38c9lns 0 0.06796875 0.4552083333333333 0.0421875 0.06041666666666667
cl4dn2eky001r356f9iyqtonl 0 0.4510013204225352 0.6220706181533646 0.0515625 0.06458333333333334
cl4dn2man001v356fs0awxzwd 0 0.42890625 0.6854166666666667 0.0515625 0.06666666666666667
cl4dn3kvh0027356fw5hb6zil 0 0.2691796875 0.8924739583333333 0.0515625 0.07083333333333333
cl4dn3qvf002b356fqvwam33m 0 0.321875 0.96875 0.04375 0.0625
cl4dn3xp8002f356fgyjyt6l2 0 0.50703125 0.9625 0.0484375 0.058333333333333334
cl4dn4454002i356fujuhkkmk 0 0.7279241071428572 0.8102380952380952 0.0359375 0.04583333333333333
cl4dn4fgi002l356fi8q5o4hf 0 0.7833559782608696 0.8298913043478261 0.05 0.06666666666666667
cl4dn4rqx002p356f523pixqc 0 0.9292703276699029 0.8890271035598706 0.0515625 0.06458333333333334
cl4dn5dr1002t356ffuci57qx 0 0.53984375 0.8947916666666667 0.0578125 0.07291666666666667
cl4dnao7p002x356f5zr1ficu 0 0.2133204759414226 0.20338650627615065 0.051562499999999976 0.06458333333333334
cl4dnbhn70030356fthswsrdj 0 0.23414689781021897 0.8229166666666666 0.04375 0.0625
cl4dnfaoc0034356f93ugfa2p 0 0.5740953947368421 0.6694627192982456 0.046875 0.06458333333333334
cl4dniemg0038356f48cdk2md 0 0.37483428030303034 0.28603219696969695 0.0453125 0.06041666666666664
cl4dnu29k003c356f8jj3p32s 0 0.8087500000000001 0.6902083333333333 0.05 0.06458333333333334
cl4dnva4g003g356f9g5rcuft 0 0.7190086920529801 0.8617342715231788 0.05 0.06458333333333334
cl4dnx7aa003l356fsr4z3nrl 0 0.4771511130136986 0.5198915525114155 0.0453125 0.05833333333333327
cl4dpg8f1003p356f72ya9kx4 0 0.9418911637931033 0.23961925287356323 0.0421875 0.05625
cl4drfdke003t356firajhs9f 0 0.5771701388888889 0.3591435185185185 0.0484375 0.06458333333333334
cl4drq4ne003x356fg6wuc2de 0 0.3323784722222222 0.4744212962962963 0.0453125 0.06458333333333334
cl4drtxmt0041356fzce45snx 0 0.025 0.88125 0.040625 0.0625
cl68ztsov00033b6ggh2ri460 2 0.9314873417721519 0.7230880801687763 0.04869462025316462 0.037051687763713065
