ckz3w7jvs001b3867v3h4p4s2 0 0.16328125 0.13541666666666666 0.0484375 0.06666666666666667
cl4dmy6pl0007356fb5434fln 0 0.1390625 0.06979166666666667 0.05 0.06041666666666667
cl4dmzfpu000e356febbq1mdv 0 0.43984375 0.12708333333333333 0.0515625 0.07083333333333333
cl4dmznh7000h356fz64w6qfx 0 0.4501260299219427 0.1882055868748193 0.04375 0.06458333333333334
cl4dmzugt000l356fsxuain4w 0 0.52265625 0.25104166666666666 0.0453125 0.06458333333333334
cl4dmzzr5000o356f0nurzmg1 2 0.74296875 0.315625 0.0421875 0.06041666666666667
cl4dn074j000r356ft1vyetoc 0 0.8887748663895486 0.09255492874109264 0.053125 0.06875
cl4dn0l0k000u356f5463x7v8 0 0.2921875 0.534375 0.04375 0.05625
cl4dn0osn000x356fvfwvgmvh 0 0.29921875 0.5270833333333333 0.0453125 0.0625
cl4dn10tn0014356fmstmdw3n 0 0.4954516267123288 0.49524828767123286 0.046875 0.06041666666666667
cl4dn16y20017356flmtqfcq9 0 0.66796875 0.44166666666666665 0.0484375 0.0625
cl4dn1d6p001a356fofmctpok 0 0.90390625 0.5822916666666667 0.0515625 0.06875
cl4dn1ntd001e356f6imbmn4c 0 0.94921875 0.49583333333333335 0.0453125 0.058333333333333334
cl4dn1y19001k356ficmedsas 0 0.98359375 0.41354166666666664 0.0296875 0.06041666666666667
cl4dn26v7001o356fc38c9lns 0 0.06796875 0.4552083333333333 0.0421875 0.06041666666666667
cl4dn2eky001r356f9iyqtonl 0 0.46015625 0.6302083333333334 0.0515625 0.06458333333333334
cl4dn2man001v356fs0awxzwd 0 0.42890625 0.6854166666666667 0.0515625 0.06666666666666667
cl4dn3kvh0027356fw5hb6zil 0 0.27421875 0.8958333333333334 0.0515625 0.07083333333333333
cl4dn3qvf002b356fqvwam33m 0 0.321875 0.96875 0.04375 0.0625
cl4dn3xp8002f356fgyjyt6l2 0 0.50703125 0.9625 0.0484375 0.058333333333333334
cl4dn4454002i356fujuhkkmk 0 0.73515625 0.8166666666666667 0.0359375 0.04583333333333333
cl4dn4fgi002l356fi8q5o4hf 0 0.7908967391304348 0.839945652173913 0.05 0.06666666666666667
cl4dn4rqx002p356f523pixqc 0 0.9329115316901408 0.895055751173709 0.0515625 0.06458333333333334
cl4dn5dr1002t356ffuci57qx 0 0.53984375 0.8947916666666667 0.0578125 0.07291666666666667
cl4dnao7p002x356f5zr1ficu 0 0.10896786971830985 0.2871038732394366 0.05156249999999999 0.0645833333333333
cl4dnbhn70030356fthswsrdj 0 0.22377232142857145 0.8147456709956711 0.04375 0.0625
cl4dnfaoc0034356f93ugfa2p 0 0.4415625 0.744375 0.046875 0.06458333333333334
cl4dniemg0038356f48cdk2md 0 0.3739430147058823 0.30925245098039217 0.0453125 0.06041666666666667
cl4dnu29k003c356f8jj3p32s 0 0.7084374999999999 0.6590625 0.05 0.06458333333333334
cl4dnva4g003g356f9g5rcuft 0 0.7265625 0.8697916666666666 0.05 0.06458333333333334
cl4dnx7aa003l356fsr4z3nrl 0 0.48665453767123285 0.5278110730593607 0.0453125 0.05833333333333327
cl4dpg8f1003p356f72ya9kx4 0 0.97890625 0.12369791666666667 0.0421875 0.05625
cl4drfdke003t356firajhs9f 0 0.4841796875 0.4125 0.0484375 0.06458333333333334
cl4drq4ne003x356fg6wuc2de 0 0.5384650735294118 0.9344975490196078 0.0453125 0.06458333333333334
cl4drtxmt0041356fzce45snx 0 0.025 0.88125 0.040625 0.0625
cl4dxi3z90049356fhg7pcjy2 0 0.305078125 0.4479166666666667 0.05625 0.06666666666666667
cl4dxk93t004d356fh5fmei69 0 0.089453125 0.3609375 0.046875 0.06875
cl68ztsov00033b6ggh2ri460 2 0.9375 0.7260416666666667 0.053125 0.03958333333333333
