ckz3w7jvs001b3867v3h4p4s2 0 0.16328125 0.13541666666666666 0.0484375 0.06666666666666667
cl4dmy6pl0007356fb5434fln 0 0.13047068858560792 0.06406379239040529 0.05 0.06041666666666666
cl4dmzfpu000e356febbq1mdv 0 0.4249018530150754 0.11151591289782245 0.0515625 0.07083333333333333
cl4dmznh7000h356fz64w6qfx 0 0.4517969427580225 0.18374981931193987 0.04375 0.06458333333333334
cl4dmzugt000l356fsxuain4w 0 0.5234930162203913 0.24657891349124614 0.0453125 0.06458333333333334
cl4dmzzr5000o356f0nurzmg1 2 0.73515625 0.27808204467353953 0.0421875 0.06041666666666667
cl4dn074j000r356ft1vyetoc 0 0.8849614014251781 0.090521080760095 0.053125 0.06875
cl4dn0l0k000u356f5463x7v8 0 0.2629464285714286 0.5307043650793651 0.04375 0.05625
cl4dn0osn000x356fvfwvgmvh 0 0.2893049568965517 0.5270833333333333 0.0453125 0.0625
cl4dn10tn0014356fmstmdw3n 0 0.48092741935483874 0.47151209677419353 0.046875 0.06041666666666667
cl4dn16y20017356flmtqfcq9 0 0.6678140862944162 0.44063557529610825 0.0484375 0.0625
cl4dn1d6p001a356fofmctpok 0 0.90234375 0.5769965277777778 0.0515625 0.06875
cl4dn1ntd001e356f6imbmn4c 0 0.94921875 0.49583333333333335 0.0453125 0.058333333333333334
cl4dn1y19001k356ficmedsas 0 0.98359375 0.41354166666666664 0.0296875 0.06041666666666667
cl4dn26v7001o356fc38c9lns 0 0.06796875 0.4552083333333333 0.0421875 0.06041666666666667
cl4dn2eky001r356f9iyqtonl 0 0.44027721774193546 0.6085147849462366 0.0515625 0.06458333333333334
cl4dn2man001v356fs0awxzwd 0 0.42890625 0.6854166666666667 0.0515625 0.06666666666666667
cl4dn3kvh0027356fw5hb6zil 0 0.25715625000000003 0.8863333333333333 0.0515625 0.07083333333333333
cl4dn3qvf002b356fqvwam33m 0 0.31957720588235294 0.9669117647058824 0.04375 0.0625
cl4dn3xp8002f356fgyjyt6l2 0 0.50703125 0.9625 0.0484375 0.058333333333333334
cl4dn4454002i356fujuhkkmk 0 0.7197134496466431 0.8037102473498233 0.0359375 0.04583333333333333
cl4dn4fgi002l356fi8q5o4hf 0 0.7748473837209302 0.8257364341085272 0.05 0.06666666666666667
cl4dn4rqx002p356f523pixqc 0 0.92265625 0.8851588283828383 0.0515625 0.06458333333333334
cl4dn5dr1002t356ffuci57qx 0 0.53984375 0.89332178138942 0.0578125 0.07291666666666667
cl4dnao7p002x356f5zr1ficu 0 0.2145560930962343 0.2116239539748954 0.051562499999999976 0.06458333333333334
cl4dnbhn70030356fthswsrdj 0 0.23892045454545455 0.8231060606060605 0.04375 0.0625
cl4dnfaoc0034356f93ugfa2p 0 0.6639204545454546 0.6461174242424242 0.046875 0.06458333333333334
cl4dniemg0038356f48cdk2md 0 0.36234375 0.26364583333333336 0.0453125 0.060416666666666695
cl4dnu29k003c356f8jj3p32s 0 0.88125 0.7766098484848485 0.05 0.06458333333333334
cl4dnva4g003g356f9g5rcuft 0 0.7103600543478261 0.8496829710144927 0.04572010869565215 0.0569746376811595
cl4dnx7aa003l356fsr4z3nrl 0 0.4692915013227513 0.5118276014109348 0.0453125 0.05833333333333327
cl4dpg8f1003p356f72ya9kx4 0 0.9213778409090908 0.3665719696969697 0.0421875 0.05625
cl4drfdke003t356firajhs9f 0 0.7115767045454546 0.581344696969697 0.0484375 0.06458333333333334
cl4drq4ne003x356fg6wuc2de 0 0.13678977272727272 0.15303030303030302 0.04375 0.05416666666666667
cl4drtxmt0041356fzce45snx 0 0.02424342105263158 0.8691447368421052 0.03608552631578947 0.05846491228070185
cl68ztsov00033b6ggh2ri460 2 0.9243848892405063 0.7195991561181434 0.04346123417721515 0.03406118143459918
