ckz3w7jvs001b3867v3h4p4s2 0 0.15211189516129034 0.13766129032258065 0.0484375 0.06666666666666667
cl4dmy6pl0007356fb5434fln 0 0.10277217741935485 0.035342741935483875 0.05000000000000001 0.06041666666666667
cl4dmz269000a356fbourf6gh 0 0.37497859589041094 0.06976312785388128 0.046875 0.06041666666666667
cl4dmzfpu000e356febbq1mdv 0 0.3998098183012259 0.12239127262113252 0.0515625 0.07083333333333333
cl4dmznh7000h356fz64w6qfx 0 0.4545858629661752 0.17631269875686614 0.04375 0.06458333333333334
cl4dmzugt000l356fsxuain4w 0 0.5257007917095777 0.23480411088225198 0.0453125 0.06458333333333334
cl4dmzzr5000o356f0nurzmg1 2 0.7009363072519084 0.2287134223918575 0.0421875 0.06041666666666667
cl4dn074j000r356ft1vyetoc 0 0.8740423387096774 0.0827755376344086 0.053125 0.06875
cl4dn0l0k000u356f5463x7v8 0 0.23077256944444446 0.46944444444444444 0.04375 0.05625
cl4dn0osn000x356fvfwvgmvh 0 0.2761777756797583 0.5190521148036253 0.0453125 0.0625
cl4dn0tn50010356fijf6pqfh 0 0.38890624999999995 0.48333333333333334 0.051562499999999956 0.06666666666666667
cl4dn10tn0014356fmstmdw3n 0 0.453125 0.45446120689655173 0.046875 0.06041666666666667
cl4dn16y20017356flmtqfcq9 0 0.6664538388324873 0.4315672588832487 0.0484375 0.0625
cl4dn1d6p001a356fofmctpok 0 0.8424845950704226 0.532350352112676 0.0515625 0.06874999999999994
cl4dn1ntd001e356f6imbmn4c 0 0.9443309294871796 0.4859508547008547 0.0453125 0.058333333333333334
cl4dn1y19001k356ficmedsas 0 0.9876512096774194 0.4207549283154122 0.02157258064516121 0.06041666666666667
cl4dn26v7001o356fc38c9lns 0 0.06796875 0.4552083333333333 0.0421875 0.06041666666666667
cl4dn2eky001r356f9iyqtonl 0 0.38453125000000005 0.5720138888888889 0.051562500000000046 0.06458333333333334
cl4dn2man001v356fs0awxzwd 0 0.42290545255183415 0.673415071770335 0.0515625 0.06666666666666667
cl4dn36ry0023356f0cgb198p 0 0.47755681818181817 0.9697916666666667 0.04375 0.06041666666666667
cl4dn3kvh0027356fw5hb6zil 0 0.226875 0.8721527777777778 0.052708333333333315 0.07236111111111114
cl4dn3qvf002b356fqvwam33m 0 0.3128472222222222 0.936033950617284 0.04375 0.0625
cl4dn3xp8002f356fgyjyt6l2 0 0.5041872751798561 0.954916067146283 0.0484375 0.058333333333333334
cl4dn4454002i356fujuhkkmk 0 0.6754482581967214 0.774146174863388 0.0359375 0.04583333333333333
cl4dn4fgi002l356fi8q5o4hf 0 0.7476858108108109 0.793018018018018 0.05 0.07391891891891902
cl4dn4rqx002p356f523pixqc 0 0.9045922256097562 0.8697916666666666 0.0515625 0.06458333333333334
cl4dn5dr1002t356ffuci57qx 0 0.5326592644694534 0.8827940782422293 0.0578125 0.07291666666666667
cl4dnao7p002x356f5zr1ficu 0 0.07671874999999999 0.3672916666666667 0.05156249999999999 0.06458333333333334
cl4dnbhn70030356fthswsrdj 0 0.31192434210526315 0.9214912280701755 0.0421875 0.0625
cl4dnfaoc0034356f93ugfa2p 0 0.96875 0.34849537037037037 0.04583333333333321 0.06458333333333334
cl4dniemg0038356f48cdk2md 0 0.32334558823529413 0.20931372549019608 0.040625 0.05416666666666667
cl4dnva4g003g356f9g5rcuft 0 0.6712582236842105 0.8190241228070175 0.0453125 0.05625
cl4dnx7aa003l356fsr4z3nrl 0 0.45030048076923074 0.4846153846153846 0.0453125 0.058333333333333334
cl68ztsov00033b6ggh2ri460 2 0.92265625 0.7127349624060151 0.0421875 0.03333333333333333
