ckz3w7jvs001b3867v3h4p4s2 0 0.16328125 0.13541666666666666 0.0484375 0.06666666666666667
cl4dmy6pl0007356fb5434fln 0 0.13211460918114143 0.0651597394540943 0.05 0.06041666666666667
cl4dmzfpu000e356febbq1mdv 0 0.42864714195979897 0.11373534338358458 0.0515625 0.07083333333333333
cl4dmznh7000h356fz64w6qfx 0 0.45158147224631395 0.18432440734316277 0.04375 0.06458333333333334
cl4dmzugt000l356fsxuain4w 0 0.5233224446446962 0.2474886285616203 0.0453125 0.0645833333333333
cl4dmzzr5000o356f0nurzmg1 2 0.73515625 0.28275462962962966 0.0421875 0.06041666666666667
cl4dn074j000r356ft1vyetoc 0 0.8854531621140141 0.09078335312747426 0.053125 0.06875
cl4dn0l0k000u356f5463x7v8 0 0.2668898809523809 0.5289517195767196 0.04375 0.05625000000000006
cl4dn0osn000x356fvfwvgmvh 0 0.29216056034482757 0.5270833333333333 0.0453125 0.0625
cl4dn10tn0014356fmstmdw3n 0 0.4803931451612903 0.47436155913978495 0.046875 0.06041666666666667
cl4dn16y20017356flmtqfcq9 0 0.6679191782994923 0.4413361886632826 0.0484375 0.0625
cl4dn1d6p001a356fofmctpok 0 0.903125 0.5809895833333333 0.0515625 0.06875
cl4dn1ntd001e356f6imbmn4c 0 0.94921875 0.49583333333333335 0.0453125 0.058333333333333334
cl4dn1y19001k356ficmedsas 0 0.98359375 0.41354166666666664 0.0296875 0.06041666666666667
cl4dn26v7001o356fc38c9lns 0 0.06796875 0.4552083333333333 0.0421875 0.06041666666666667
cl4dn2eky001r356f9iyqtonl 0 0.44347098214285713 0.6121279761904762 0.0515625 0.06458333333333334
cl4dn2man001v356fs0awxzwd 0 0.42890625 0.6854166666666667 0.0515625 0.06666666666666667
cl4dn3kvh0027356fw5hb6zil 0 0.2602481617647059 0.8865196078431372 0.0515625 0.07083333333333333
cl4dn3qvf002b356fqvwam33m 0 0.3204170892494929 0.9675836713995943 0.04375 0.0625
cl4dn3xp8002f356fgyjyt6l2 0 0.50703125 0.9625 0.0484375 0.058333333333333334
cl4dn4454002i356fujuhkkmk 0 0.7217618153710247 0.8052709069493521 0.0359375 0.04583333333333333
cl4dn4fgi002l356fi8q5o4hf 0 0.7756177325581396 0.8272771317829457 0.05 0.06666666666666667
cl4dn4rqx002p356f523pixqc 0 0.92265625 0.8866164741474147 0.0515625 0.06458333333333334
cl4dn5dr1002t356ffuci57qx 0 0.53984375 0.8939551465901848 0.0578125 0.07291666666666667
cl4dnao7p002x356f5zr1ficu 0 0.2142095972803347 0.20931398186889819 0.051562499999999976 0.06458333333333334
cl4dnbhn70030356fthswsrdj 0 0.22633928571428572 0.8559523809523809 0.04375 0.0625
cl4dnfaoc0034356f93ugfa2p 0 0.6362980769230769 0.6396634615384615 0.046875 0.06458333333333334
cl4dniemg0038356f48cdk2md 0 0.3651041666666667 0.26640625 0.0453125 0.06041666666666667
cl4dnu29k003c356f8jj3p32s 0 0.8410714285714287 0.7566964285714286 0.05 0.06458333333333334
cl4dnva4g003g356f9g5rcuft 0 0.7121603260869566 0.8560839371980677 0.049320652173913085 0.06337560386473425
cl4dnx7aa003l356fsr4z3nrl 0 0.47148230820105824 0.5141644620811288 0.0453125 0.05833333333333339
cl4dpg8f1003p356f72ya9kx4 0 0.9358258928571429 0.3257440476190476 0.0421875 0.05625
cl4drfdke003t356firajhs9f 0 0.6068080357142857 0.6558035714285714 0.0484375 0.06458333333333334
cl4drq4ne003x356fg6wuc2de 0 0.1900669642857143 0.24925595238095238 0.0453125 0.06458333333333334
cl4drtxmt0041356fzce45snx 0 0.024461348684210526 0.8726315789473683 0.03739309210526316 0.05962719298245614
cl68ztsov00033b6ggh2ri460 2 0.9263765822784809 0.7205775316455696 0.04492879746835445 0.03489978902953581
