ckz3w7jvs001b3867v3h4p4s2 0 0.16328125 0.13541666666666666 0.0484375 0.06666666666666667
cl4dmy6pl0007356fb5434fln 0 0.13189748759305212 0.06501499172870141 0.05 0.06041666666666667
cl4dmzfpu000e356febbq1mdv 0 0.4281524811557789 0.11344221105527638 0.0515625 0.07083333333333333
cl4dmznh7000h356fz64w6qfx 0 0.4516099306157849 0.18424851835790693 0.04375 0.06458333333333334
cl4dmzugt000l356fsxuain4w 0 0.5233449729660145 0.24736847751458976 0.0453125 0.0645833333333333
cl4dmzzr5000o356f0nurzmg1 2 0.73515625 0.2820339347079038 0.0421875 0.06041666666666664
cl4dn074j000r356ft1vyetoc 0 0.8853882125890736 0.09074871338083929 0.053125 0.06875
cl4dn0l0k000u356f5463x7v8 0 0.2663690476190476 0.529183201058201 0.04375 0.05625
cl4dn0osn000x356fvfwvgmvh 0 0.2917834051724138 0.5270833333333333 0.0453125 0.0625
cl4dn10tn0014356fmstmdw3n 0 0.48046370967741936 0.4739852150537634 0.046875 0.06041666666666667
cl4dn16y20017356flmtqfcq9 0 0.6679052982233503 0.441243654822335 0.0484375 0.0625
cl4dn1d6p001a356fofmctpok 0 0.902783203125 0.5806477864583334 0.0515625 0.06875
cl4dn1ntd001e356f6imbmn4c 0 0.94921875 0.49583333333333335 0.0453125 0.058333333333333334
cl4dn1y19001k356ficmedsas 0 0.98359375 0.41354166666666664 0.0296875 0.06041666666666667
cl4dn26v7001o356fc38c9lns 0 0.06796875 0.4552083333333333 0.0421875 0.06041666666666667
cl4dn2eky001r356f9iyqtonl 0 0.4430803571428571 0.6116071428571428 0.0515625 0.06458333333333334
cl4dn2man001v356fs0awxzwd 0 0.42890625 0.6854166666666667 0.0515625 0.06666666666666667
cl4dn3kvh0027356fw5hb6zil 0 0.25896139705882354 0.8856617647058823 0.0515625 0.07083333333333333
cl4dn3qvf002b356fqvwam33m 0 0.32030616125760647 0.9674949290060851 0.04375 0.0625
cl4dn3xp8002f356fgyjyt6l2 0 0.50703125 0.9625 0.0484375 0.058333333333333334
cl4dn4454002i356fujuhkkmk 0 0.7214912765017668 0.8050647820965843 0.0359375 0.04583333333333333
cl4dn4fgi002l356fi8q5o4hf 0 0.775515988372093 0.8270736434108527 0.05 0.06666666666666667
cl4dn4rqx002p356f523pixqc 0 0.92265625 0.8864239548954895 0.0515625 0.06458333333333334
cl4dn5dr1002t356ffuci57qx 0 0.53984375 0.8938714945825367 0.0578125 0.07291666666666667
cl4dnao7p002x356f5zr1ficu 0 0.2142553608786611 0.20961907252440726 0.0515625 0.06458333333333334
cl4dnbhn70030356fthswsrdj 0 0.2258522727272727 0.8518939393939394 0.04375 0.0625
cl4dnfaoc0034356f93ugfa2p 0 0.6409254807692307 0.6419070512820514 0.046875 0.06458333333333334
cl4dniemg0038356f48cdk2md 0 0.36473958333333334 0.2660416666666666 0.0453125 0.06041666666666664
cl4dnu29k003c356f8jj3p32s 0 0.849609375 0.7604166666666666 0.05 0.06458333333333334
cl4dnva4g003g356f9g5rcuft 0 0.711922554347826 0.8552385265700484 0.04884510869565215 0.06253019323671498
cl4dnx7aa003l356fsr4z3nrl 0 0.4711929563492063 0.5138558201058202 0.0453125 0.05833333333333339
cl4dpg8f1003p356f72ya9kx4 0 0.93125 0.33125 0.0421875 0.05625
cl4drfdke003t356firajhs9f 0 0.6171875 0.6411458333333333 0.0484375 0.06458333333333334
cl4drq4ne003x356fg6wuc2de 0 0.184765625 0.2328125 0.0453125 0.06458333333333334
cl4drtxmt0041356fzce45snx 0 0.024432565789473684 0.8721710526315789 0.037220394736842105 0.059473684210526304
cl68ztsov00033b6ggh2ri460 2 0.9261135284810127 0.7204483122362869 0.04473496835443029 0.034789029535864914
