ckz3w7jvs001b3867v3h4p4s2 0 0.16328125 0.13541666666666666 0.0484375 0.06666666666666667
cl4dmy6pl0007356fb5434fln 0 0.1284235421836228 0.0626990281224152 0.05 0.06041666666666666
cl4dmzfpu000e356febbq1mdv 0 0.42023790829145724 0.10875209380234505 0.051562499999999956 0.07083333333333332
cl4dmznh7000h356fz64w6qfx 0 0.45206526452732004 0.18303429459381323 0.04375 0.06458333333333334
cl4dmzugt000l356fsxuain4w 0 0.523705426107106 0.24544606076210093 0.0453125 0.06458333333333334
cl4dmzzr5000o356f0nurzmg1 2 0.7337639232673268 0.27321575907590756 0.0421875 0.06041666666666664
cl4dn074j000r356ft1vyetoc 0 0.8843490201900238 0.09019447743467933 0.053125 0.06875
cl4dn0l0k000u356f5463x7v8 0 0.2603125 0.5304166666666668 0.04375 0.05625000000000006
cl4dn0osn000x356fvfwvgmvh 0 0.28642135574018124 0.5268567472306143 0.0453125 0.0625
cl4dn10tn0014356fmstmdw3n 0 0.4798413825757576 0.46871843434343435 0.046875 0.06041666666666667
cl4dn16y20017356flmtqfcq9 0 0.6676832170050762 0.4397631133671743 0.0484375 0.0625
cl4dn1d6p001a356fofmctpok 0 0.90107421875 0.5717447916666667 0.0515625 0.06875
cl4dn1ntd001e356f6imbmn4c 0 0.94921875 0.49583333333333335 0.0453125 0.058333333333333334
cl4dn1y19001k356ficmedsas 0 0.98359375 0.41354166666666664 0.0296875 0.06041666666666667
cl4dn26v7001o356fc38c9lns 0 0.06796875 0.4552083333333333 0.0421875 0.06041666666666667
cl4dn2eky001r356f9iyqtonl 0 0.4356199596774194 0.6049663978494624 0.0515625 0.06458333333333334
cl4dn2man001v356fs0awxzwd 0 0.42890625 0.6854166666666667 0.0515625 0.06666666666666667
cl4dn3kvh0027356fw5hb6zil 0 0.25867598684210524 0.8903508771929824 0.0515625 0.07083333333333333
cl4dn3qvf002b356fqvwam33m 0 0.31853131338742396 0.9660750507099392 0.04375 0.0625
cl4dn3xp8002f356fgyjyt6l2 0 0.50703125 0.9625 0.0484375 0.058333333333333334
cl4dn4454002i356fujuhkkmk 0 0.7171626545936396 0.8017667844522969 0.0359375 0.04583333333333333
cl4dn4fgi002l356fi8q5o4hf 0 0.7738880813953488 0.8238178294573644 0.05 0.06666666666666667
cl4dn4rqx002p356f523pixqc 0 0.92265625 0.8833436468646865 0.0515625 0.06458333333333334
cl4dn5dr1002t356ffuci57qx 0 0.53984375 0.8925330624601657 0.0578125 0.07291666666666667
cl4dnao7p002x356f5zr1ficu 0 0.21197916666666666 0.21927083333333333 0.051562499999999976 0.06458333333333334
cl4dnbhn70030356fthswsrdj 0 0.2572544642857143 0.8514880952380952 0.04375 0.0625
cl4dnfaoc0034356f93ugfa2p 0 0.6898026315789474 0.6083881578947369 0.046875 0.06458333333333334
cl4dniemg0038356f48cdk2md 0 0.35890625 0.2602083333333333 0.0453125 0.06041666666666667
cl4dnu29k003c356f8jj3p32s 0 0.8730902777777778 0.6917824074074074 0.05 0.06458333333333334
cl4dnva4g003g356f9g5rcuft 0 0.7084517045454546 0.8474431818181818 0.0453125 0.05625
cl4dnx7aa003l356fsr4z3nrl 0 0.4665601325757576 0.5093434343434343 0.0453125 0.058333333333333334
cl4dpg8f1003p356f72ya9kx4 0 0.9294270833333333 0.39479166666666665 0.0421875 0.05625
cl4drfdke003t356firajhs9f 0 0.82421875 0.623263888888889 0.0484375 0.06458333333333334
cl4drq4ne003x356fg6wuc2de 0 0.0697265625 0.02560763888888889 0.043098958333333326 0.04635416666666667
cl4drtxmt0041356fzce45snx 0 0.02273065476190476 0.866482426303855 0.03466198979591837 0.06060090702947853
cl68ztsov00033b6ggh2ri460 2 0.92265625 0.7185620300751879 0.0421875 0.03333333333333333
