ckz3w7jvs001b3867v3h4p4s2 0 0.16328125 0.13541666666666666 0.0484375 0.06666666666666667
cl4dmy6pl0007356fb5434fln 0 0.12392791970802919 0.05736009732360097 0.04999999999999999 0.06041666666666667
cl4dmzfpu000e356febbq1mdv 0 0.41170506786339756 0.11181771745475774 0.0515625 0.07083333333333335
cl4dmznh7000h356fz64w6qfx 0 0.45262223547268 0.18154903873952008 0.04375 0.06458333333333334
cl4dmzugt000l356fsxuain4w 0 0.5241463375386199 0.24309453312736012 0.0453125 0.06458333333333334
cl4dmzzr5000o356f0nurzmg1 2 0.7250786493288591 0.2652614653243848 0.0421875 0.060416666666666695
cl4dn074j000r356ft1vyetoc 0 0.8830778652019002 0.08951652810768013 0.053125 0.06875
cl4dn0l0k000u356f5463x7v8 0 0.2534771126760563 0.5166226525821596 0.04375 0.05625
cl4dn0osn000x356fvfwvgmvh 0 0.28415785498489426 0.5251321752265861 0.0453125 0.06249999999999994
cl4dn10tn0014356fmstmdw3n 0 0.4741654829545454 0.4643939393939394 0.046875 0.06041666666666667
cl4dn16y20017356flmtqfcq9 0 0.6674115640862944 0.43795209390862944 0.0484375 0.0625
cl4dn1d6p001a356fofmctpok 0 0.8803363347457627 0.5682850753295668 0.0515625 0.06875
cl4dn1ntd001e356f6imbmn4c 0 0.94921875 0.49583333333333335 0.0453125 0.058333333333333334
cl4dn1y19001k356ficmedsas 0 0.98359375 0.41354166666666664 0.0296875 0.06041666666666667
cl4dn26v7001o356fc38c9lns 0 0.06796875 0.4552083333333333 0.0421875 0.06041666666666667
cl4dn2eky001r356f9iyqtonl 0 0.4252055921052632 0.5997657496012759 0.051562500000000046 0.06458333333333334
cl4dn2man001v356fs0awxzwd 0 0.4277200458532695 0.6830442583732058 0.0515625 0.06666666666666667
cl4dn3kvh0027356fw5hb6zil 0 0.24935128348214283 0.8833333333333333 0.0515625 0.07083333333333333
cl4dn3qvf002b356fqvwam33m 0 0.31636029411764705 0.9643382352941177 0.04375 0.0625
cl4dn3xp8002f356fgyjyt6l2 0 0.50703125 0.9625 0.0484375 0.058333333333333334
cl4dn4454002i356fujuhkkmk 0 0.7063381109022556 0.79375 0.0359375 0.04583333333333333
cl4dn4fgi002l356fi8q5o4hf 0 0.7676866319444444 0.8167824074074074 0.05 0.06666666666666667
cl4dn4rqx002p356f523pixqc 0 0.9214714972527472 0.879945054945055 0.0515625 0.06458333333333334
cl4dn5dr1002t356ffuci57qx 0 0.53984375 0.8908958731676226 0.0578125 0.07291666666666667
cl4dnao7p002x356f5zr1ficu 0 0.22109375 0.23645833333333333 0.0515625 0.06458333333333334
cl4dnbhn70030356fthswsrdj 0 0.2977741745283019 0.8715408805031447 0.0421875 0.0625
cl4dnfaoc0034356f93ugfa2p 0 0.746875 0.540625 0.046875 0.06458333333333334
cl4dniemg0038356f48cdk2md 0 0.35066257911392407 0.2508834388185654 0.0453125 0.06041666666666667
cl4dnu29k003c356f8jj3p32s 0 0.8453125 0.7239583333333334 0.05 0.06458333333333334
cl4dnva4g003g356f9g5rcuft 0 0.7032131109022556 0.8452929197994988 0.0453125 0.05625
cl4dnx7aa003l356fsr4z3nrl 0 0.4608842329545454 0.5050189393939395 0.0453125 0.05833333333333339
cl4drtxmt0041356fzce45snx 0 0.019332837301587302 0.8613047996976568 0.03174957482993197 0.06577853363567646
cl68ztsov00033b6ggh2ri460 2 0.92265625 0.7172744360902256 0.0421875 0.03333333333333333
