cl4e3u41h0007356fsnvcg4ia 0 0.0734375 0.271875 0.046875 0.06041666666666667
cl4e3ueop000b356f01i7ldq1 0 0.06738180051813472 0.4325507340241796 0.0625 0.07708333333333334
cl4e3ukq4000e356ff34zwnrn 0 0.14609375 0.7333333333333333 0.0546875 0.07083333333333333
cl4e3uqus000h356fe27iuxa8 0 0.19856770833333334 0.8673958333333334 0.051562500000000025 0.06875
cl4e3uxro000k356fp9gecmfy 0 0.41484375 0.8802083333333334 0.0515625 0.06458333333333334
cl4e3v8ln000o356f3qmx8dpe 0 0.2862689393939394 0.4468434343434344 0.046875 0.0625
cl4e3vgyt000s356fzpl4rmbp 0 0.428125 0.46875 0.065625 0.08333333333333333
cl4e3vohl000v356fy39mbucz 0 0.6299685251798561 0.1830935251798561 0.046875 0.0625
cl4e3vusl000z356famxl2zb2 0 0.65109375 0.278125 0.0578125 0.07291666666666667
cl4e3w0dk0012356fs5affwnl 0 0.8504415760869565 0.4016757246376812 0.0453125 0.0625
cl4e3wa6j0015356f6i69u7c1 0 0.6370738636363636 0.5614583333333333 0.059375 0.07291666666666667
cl4e3wjdu0019356fnueqbfih 0 0.653125 0.890625 0.05625 0.07708333333333334
cl4e3x3xe001c356fioyxs0uv 0 0.753125 0.6645833333333333 0.05 0.07083333333333333
cl4e3xy58001g356fmmazkw9m 0 0.43921875000000005 0.18125 0.0515625 0.07083333333333333
cl4e3y4bo001k356fuf7l796k 0 0.3832875457875458 0.028754578754578757 0.053125 0.05
cl4e3ybxx001o356fk5wf5qlr 0 0.6565692934782609 0.077518115942029 0.0640625 0.07916666666666666
cl4e3yxj7001s356fnluwh9ib 0 0.9628125000000001 0.3797916666666667 0.046875 0.07291666666666667
cl690f0jy00073b6g5g1429s9 0 0.4341659330985916 0.3004841549295775 0.026386443661971893 0.038468309859154934
