ckz3w7jvs001b3867v3h4p4s2 0 0.16328125 0.13541666666666666 0.0484375 0.06666666666666667
cl4dmy6pl0007356fb5434fln 0 0.11920620437956204 0.05001520681265206 0.05 0.06041666666666667
cl4dmzfpu000e356febbq1mdv 0 0.4083064251313485 0.1148387332165791 0.0515625 0.07083333333333333
cl4dmznh7000h356fz64w6qfx 0 0.4531832718993929 0.18005294160161894 0.04375 0.06458333333333334
cl4dmzugt000l356fsxuain4w 0 0.5245904673017507 0.24072584105732922 0.0453125 0.06458333333333334
cl4dmzzr5000o356f0nurzmg1 2 0.7191176470588235 0.2537785947712418 0.0421875 0.06041666666666667
cl4dn074j000r356ft1vyetoc 0 0.8817974317102137 0.08883363024544734 0.053125 0.06875
cl4dn0l0k000u356f5463x7v8 0 0.24639084507042255 0.5085240610328638 0.04375 0.05625
cl4dn0osn000x356fvfwvgmvh 0 0.281877832326284 0.5233950151057402 0.0453125 0.0625
cl4dn10tn0014356fmstmdw3n 0 0.4673146802325581 0.45891472868217054 0.046875 0.06041666666666667
cl4dn16y20017356flmtqfcq9 0 0.6671379282994924 0.43612785532994924 0.0484375 0.0625
cl4dn1d6p001a356fofmctpok 0 0.8730270127118643 0.5617879001883239 0.0515625 0.06874999999999994
cl4dn1ntd001e356f6imbmn4c 0 0.94921875 0.49583333333333335 0.0453125 0.058333333333333334
cl4dn1y19001k356ficmedsas 0 0.98359375 0.41354166666666664 0.0296875 0.06041666666666667
cl4dn26v7001o356fc38c9lns 0 0.06796875 0.4552083333333333 0.0421875 0.06041666666666667
cl4dn2eky001r356f9iyqtonl 0 0.41385690789473684 0.5970145534290271 0.051562499999999956 0.06458333333333334
cl4dn2man001v356fs0awxzwd 0 0.42634444776714514 0.6802930622009569 0.0515625 0.06666666666666667
cl4dn3kvh0027356fw5hb6zil 0 0.24453822544642856 0.8833333333333333 0.0515625 0.07083333333333333
cl4dn3qvf002b356fqvwam33m 0 0.3141734279918864 0.9625887423935091 0.04375 0.0625
cl4dn3xp8002f356fgyjyt6l2 0 0.50703125 0.9625 0.0484375 0.058333333333333334
cl4dn4454002i356fujuhkkmk 0 0.6972020348837209 0.7910610465116279 0.0359375 0.04583333333333333
cl4dn4fgi002l356fi8q5o4hf 0 0.7612235915492958 0.8101819248826291 0.05 0.06666666666666667
cl4dn4rqx002p356f523pixqc 0 0.9143629807692308 0.8783653846153847 0.0515625 0.06458333333333334
cl4dn5dr1002t356ffuci57qx 0 0.53984375 0.8892467335882728 0.0578125 0.07291666666666667
cl4dnao7p002x356f5zr1ficu 0 0.22076480263157894 0.2612390350877193 0.0515625 0.06458333333333334
cl4dnbhn70030356fthswsrdj 0 0.3100347222222222 0.8849305555555556 0.0421875 0.0625
cl4dnfaoc0034356f93ugfa2p 0 0.8123766447368421 0.4785635964912281 0.046875 0.06458333333333334
cl4dniemg0038356f48cdk2md 0 0.3407709478021978 0.24433379120879117 0.0453125 0.06041666666666664
cl4dnu29k003c356f8jj3p32s 0 0.7874348958333334 0.8388888888888889 0.050000000000000086 0.06458333333333334
cl4dnva4g003g356f9g5rcuft 0 0.694749273255814 0.8432897286821706 0.0453125 0.05625
cl4dnx7aa003l356fsr4z3nrl 0 0.4553960755813954 0.500266472868217 0.0453125 0.058333333333333334
cl4drtxmt0041356fzce45snx 0 0.015910218253968256 0.8560893801965231 0.028815901360544217 0.07099395313681024
cl68ztsov00033b6ggh2ri460 2 0.92265625 0.7159774436090225 0.0421875 0.03333333333333333
