ckz3w7jvs001b3867v3h4p4s2 0 0.16328125 0.13541666666666666 0.0484375 0.06666666666666667
cl4dmy6pl0007356fb5434fln 0 0.12671758684863524 0.06156172456575682 0.05 0.06041666666666667
cl4dmzfpu000e356febbq1mdv 0 0.4150669642857143 0.10982142857142856 0.051562500000000046 0.07083333333333332
cl4dmznh7000h356fz64w6qfx 0 0.45228886600173457 0.1824380239953744 0.04375 0.06458333333333334
cl4dmzugt000l356fsxuain4w 0 0.523882434346035 0.24450201682114656 0.0453125 0.0645833333333333
cl4dmzzr5000o356f0nurzmg1 2 0.7295095915841584 0.2709467821782178 0.0421875 0.060416666666666695
cl4dn074j000r356ft1vyetoc 0 0.8838387024940617 0.08992230799683294 0.053125 0.06875
cl4dn0l0k000u356f5463x7v8 0 0.2605182926829268 0.5240599593495935 0.04375 0.05625
cl4dn0osn000x356fvfwvgmvh 0 0.2855126510574018 0.5261644008056394 0.0453125 0.0625
cl4dn10tn0014356fmstmdw3n 0 0.4775627367424242 0.46698232323232325 0.046875 0.06041666666666667
cl4dn16y20017356flmtqfcq9 0 0.6675741592639594 0.4390360617597293 0.0484375 0.0625
cl4dn1d6p001a356fofmctpok 0 0.8910993303571428 0.5707217261904761 0.0515625 0.06875
cl4dn1ntd001e356f6imbmn4c 0 0.94921875 0.49583333333333335 0.0453125 0.058333333333333334
cl4dn1y19001k356ficmedsas 0 0.98359375 0.41354166666666664 0.0296875 0.06041666666666667
cl4dn26v7001o356fc38c9lns 0 0.06796875 0.4552083333333333 0.0421875 0.06041666666666667
cl4dn2eky001r356f9iyqtonl 0 0.4317389112903226 0.6020094086021505 0.0515625 0.06458333333333334
cl4dn2man001v356fs0awxzwd 0 0.4285374302232855 0.6846790271132376 0.0515625 0.06666666666666667
cl4dn3kvh0027356fw5hb6zil 0 0.2541529605263158 0.8863304093567251 0.0515625 0.07083333333333333
cl4dn3qvf002b356fqvwam33m 0 0.3176597363083164 0.9653777890466532 0.04375 0.0625
cl4dn3xp8002f356fgyjyt6l2 0 0.50703125 0.9625 0.0484375 0.058333333333333334
cl4dn4454002i356fujuhkkmk 0 0.7150369920494699 0.8001472320376913 0.0359375 0.04583333333333333
cl4dn4fgi002l356fi8q5o4hf 0 0.7721354166666667 0.8215277777777777 0.05 0.06666666666666667
cl4dn4rqx002p356f523pixqc 0 0.92265625 0.8818309955995599 0.0515625 0.06458333333333334
cl4dn5dr1002t356ffuci57qx 0 0.53984375 0.8918757966857871 0.0578125 0.07291666666666667
cl4dnao7p002x356f5zr1ficu 0 0.22281650641025644 0.21848290598290598 0.051562500000000025 0.06458333333333334
cl4dnbhn70030356fthswsrdj 0 0.28312499999999996 0.8580555555555556 0.040625 0.0625
cl4dnfaoc0034356f93ugfa2p 0 0.7125 0.5833333333333334 0.046875 0.06458333333333334
cl4dniemg0038356f48cdk2md 0 0.3560416666666667 0.25734375000000004 0.0453125 0.06041666666666667
cl4dnu29k003c356f8jj3p32s 0 0.8418402777777778 0.665162037037037 0.05 0.06458333333333334
cl4dnva4g003g356f9g5rcuft 0 0.7068892045454546 0.846054292929293 0.0453125 0.05625
cl4dnx7aa003l356fsr4z3nrl 0 0.4642814867424242 0.5076073232323232 0.0453125 0.05833333333333327
cl4dpg8f1003p356f72ya9kx4 0 0.9494419642857143 0.4245535714285714 0.0421875 0.05625
cl4drfdke003t356firajhs9f 0 0.9458705357142858 0.5849702380952381 0.0484375 0.06458333333333334
cl4drtxmt0041356fzce45snx 0 0.02136656746031746 0.8644038170823886 0.033492772108843535 0.06267951625094478
cl68ztsov00033b6ggh2ri460 2 0.92265625 0.7180451127819548 0.0421875 0.03333333333333333
