ckz3w7jvs001b3867v3h4p4s2 0 0.16328125 0.13541666666666666 0.0484375 0.06666666666666667
cl4dmy6pl0007356fb5434fln 0 0.12023266423357663 0.051611922141119225 0.04999999999999999 0.060416666666666674
cl4dmzfpu000e356febbq1mdv 0 0.4090452605078809 0.1141819906596614 0.0515625 0.07083333333333332
cl4dmznh7000h356fz64w6qfx 0 0.45306130745880313 0.18037818010985834 0.04375 0.06458333333333334
cl4dmzugt000l356fsxuain4w 0 0.524493917353244 0.2412407741160316 0.0453125 0.06458333333333334
cl4dmzzr5000o356f0nurzmg1 2 0.7204963235294117 0.2562295751633987 0.0421875 0.060416666666666695
cl4dn074j000r356ft1vyetoc 0 0.8820757868171022 0.08898208630245447 0.053125 0.06875
cl4dn0l0k000u356f5463x7v8 0 0.247931338028169 0.5102846244131456 0.04375 0.05625000000000006
cl4dn0osn000x356fvfwvgmvh 0 0.28237348942598184 0.5237726586102719 0.0453125 0.0625
cl4dn10tn0014356fmstmdw3n 0 0.469313226744186 0.46061046511627907 0.046875 0.06041666666666667
cl4dn16y20017356flmtqfcq9 0 0.6671974143401015 0.43652442893401017 0.0484375 0.0625
cl4dn1d6p001a356fofmctpok 0 0.874615995762712 0.5632003295668551 0.0515625 0.06875
cl4dn1ntd001e356f6imbmn4c 0 0.94921875 0.49583333333333335 0.0453125 0.058333333333333334
cl4dn1y19001k356ficmedsas 0 0.98359375 0.41354166666666664 0.0296875 0.06041666666666667
cl4dn26v7001o356fc38c9lns 0 0.06796875 0.4552083333333333 0.0421875 0.06041666666666667
cl4dn2eky001r356f9iyqtonl 0 0.4163240131578948 0.597612639553429 0.051562500000000046 0.06458333333333334
cl4dn2man001v356fs0awxzwd 0 0.4266434908293461 0.6808911483253588 0.0515625 0.06666666666666667
cl4dn3kvh0027356fw5hb6zil 0 0.24558454241071428 0.8833333333333333 0.0515625 0.07083333333333333
cl4dn3qvf002b356fqvwam33m 0 0.3146488336713996 0.9629690669371197 0.04375 0.0625
cl4dn3xp8002f356fgyjyt6l2 0 0.50703125 0.9625 0.0484375 0.058333333333333334
cl4dn4454002i356fujuhkkmk 0 0.6988372093023256 0.7932412790697675 0.0359375 0.04583333333333333
cl4dn4fgi002l356fi8q5o4hf 0 0.762544014084507 0.8115023474178404 0.05 0.06666666666666667
cl4dn4rqx002p356f523pixqc 0 0.9159083104395604 0.8787087912087912 0.0515625 0.06458333333333334
cl4dn5dr1002t356ffuci57qx 0 0.53984375 0.8896052421924793 0.0578125 0.07291666666666667
cl4dnao7p002x356f5zr1ficu 0 0.218984375 0.25395833333333334 0.0515625 0.06458333333333334
cl4dnbhn70030356fthswsrdj 0 0.3095138888888889 0.8828472222222222 0.0421875 0.0625
cl4dnfaoc0034356f93ugfa2p 0 0.797578125 0.49041666666666667 0.04687500000000009 0.06458333333333334
cl4dniemg0038356f48cdk2md 0 0.3412860576923077 0.24639423076923078 0.0453125 0.06041666666666667
cl4dnu29k003c356f8jj3p32s 0 0.7827343750000001 0.8109375 0.050000000000000086 0.06458333333333334
cl4dnva4g003g356f9g5rcuft 0 0.6958393895348837 0.8461967054263566 0.0453125 0.05625
cl4dnx7aa003l356fsr4z3nrl 0 0.45648619186046513 0.5014777131782946 0.0453125 0.058333333333333334
cl4drtxmt0041356fzce45snx 0 0.016654265873015873 0.8572231670445957 0.02945365646258503 0.0698601662887377
cl68ztsov00033b6ggh2ri460 2 0.92265625 0.7162593984962407 0.0421875 0.03333333333333333
