ckz3w7jvs001b3867v3h4p4s2 0 0.16328125 0.13541666666666666 0.0484375 0.06666666666666667
cl4dmy6pl0007356fb5434fln 0 0.13171138337468982 0.06489092224979322 0.05 0.06041666666666666
cl4dmzfpu000e356febbq1mdv 0 0.42772848618090453 0.11319095477386935 0.0515625 0.07083333333333333
cl4dmznh7000h356fz64w6qfx 0 0.4516343235039028 0.18418347065625904 0.04375 0.06458333333333334
cl4dmzugt000l356fsxuain4w 0 0.5233642829557158 0.2472654909028493 0.0453125 0.06458333333333337
cl4dmzzr5000o356f0nurzmg1 2 0.73515625 0.281518470790378 0.0421875 0.06041666666666664
cl4dn074j000r356ft1vyetoc 0 0.8853325415676959 0.09071902216943785 0.053125 0.06875
cl4dn0l0k000u356f5463x7v8 0 0.26592261904761905 0.5293816137566137 0.04375 0.05624999999999994
cl4dn0osn000x356fvfwvgmvh 0 0.2914601293103448 0.5270833333333333 0.0453125 0.0625
cl4dn10tn0014356fmstmdw3n 0 0.48052419354838716 0.4736626344086021 0.046875 0.06041666666666667
cl4dn16y20017356flmtqfcq9 0 0.6678934010152284 0.44116434010152283 0.0484375 0.0625
cl4dn1d6p001a356fofmctpok 0 0.902490234375 0.5803548177083333 0.0515625 0.06875
cl4dn1ntd001e356f6imbmn4c 0 0.94921875 0.49583333333333335 0.0453125 0.058333333333333334
cl4dn1y19001k356ficmedsas 0 0.98359375 0.41354166666666664 0.0296875 0.06041666666666667
cl4dn26v7001o356fc38c9lns 0 0.06796875 0.4552083333333333 0.0421875 0.06041666666666667
cl4dn2eky001r356f9iyqtonl 0 0.44274553571428565 0.6111607142857143 0.0515625 0.06458333333333334
cl4dn2man001v356fs0awxzwd 0 0.42890625 0.6854166666666667 0.0515625 0.06666666666666667
cl4dn3kvh0027356fw5hb6zil 0 0.25785845588235295 0.8849264705882353 0.0515625 0.07083333333333333
cl4dn3qvf002b356fqvwam33m 0 0.32021108012170385 0.9674188640973631 0.04375 0.0625
cl4dn3xp8002f356fgyjyt6l2 0 0.50703125 0.9625 0.0484375 0.058333333333333334
cl4dn4454002i356fujuhkkmk 0 0.7212593860424028 0.8048881036513545 0.0359375 0.04583333333333333
cl4dn4fgi002l356fi8q5o4hf 0 0.7754287790697674 0.8268992248062015 0.05 0.06666666666666667
cl4dn4rqx002p356f523pixqc 0 0.92265625 0.8862589383938394 0.0515625 0.06458333333333334
cl4dn5dr1002t356ffuci57qx 0 0.53984375 0.8937997928616954 0.0578125 0.07291666666666667
cl4dnao7p002x356f5zr1ficu 0 0.21429458682008368 0.20988057880055788 0.051562499999999976 0.06458333333333334
cl4dnbhn70030356fthswsrdj 0 0.22755681818181817 0.8473484848484849 0.04375 0.0625
cl4dnfaoc0034356f93ugfa2p 0 0.6448918269230769 0.6438301282051282 0.046875 0.06458333333333334
cl4dniemg0038356f48cdk2md 0 0.3644270833333333 0.2657291666666667 0.0453125 0.060416666666666695
cl4dnu29k003c356f8jj3p32s 0 0.861328125 0.7583333333333333 0.05 0.06458333333333334
cl4dnva4g003g356f9g5rcuft 0 0.71171875 0.8545138888888888 0.0484375 0.06180555555555559
cl4dnx7aa003l356fsr4z3nrl 0 0.4709449404761905 0.5135912698412698 0.0453125 0.058333333333333334
cl4dpg8f1003p356f72ya9kx4 0 0.9265625 0.32916666666666666 0.0421875 0.05625
cl4drfdke003t356firajhs9f 0 0.621875 0.6296875 0.0484375 0.06458333333333334
cl4drq4ne003x356fg6wuc2de 0 0.177734375 0.21302083333333333 0.0453125 0.06458333333333334
cl4drtxmt0041356fzce45snx 0 0.024407894736842104 0.8717763157894737 0.03707236842105263 0.0593421052631579
cl68ztsov00033b6ggh2ri460 2 0.9258880537974683 0.7203375527426161 0.044568829113924124 0.03469409282700428
