cl4e3u41h0007356fsnvcg4ia 0 0.0734375 0.271875 0.046875 0.06041666666666667
cl4e3ueop000b356f01i7ldq1 0 0.06968911917098446 0.4356271588946459 0.0625 0.07708333333333334
cl4e3ukq4000e356ff34zwnrn 0 0.1511252866972477 0.7487194189602447 0.0546875 0.07083333333333333
cl4e3uqus000h356fe27iuxa8 0 0.20078125 0.8552083333333333 0.0515625 0.06875
cl4e3uxro000k356fp9gecmfy 0 0.41484375 0.8802083333333334 0.0515625 0.06458333333333334
cl4e3v8ln000o356f3qmx8dpe 0 0.292588876146789 0.45026758409785933 0.046875 0.0625
cl4e3vgyt000s356fzpl4rmbp 0 0.428125 0.46875 0.065625 0.08333333333333333
cl4e3vohl000v356fy39mbucz 0 0.63125 0.184375 0.046875 0.0625
cl4e3vusl000z356famxl2zb2 0 0.6688802083333333 0.2875 0.0578125 0.07291666666666667
cl4e3w0dk0012356fs5affwnl 0 0.8530230978260869 0.4008152173913044 0.0453125 0.0625
cl4e3wa6j0015356f6i69u7c1 0 0.6409995719178082 0.5618578767123288 0.059375 0.07291666666666667
cl4e3wjdu0019356fnueqbfih 0 0.653125 0.890625 0.05625 0.07708333333333334
cl4e3x3xe001c356fioyxs0uv 0 0.753125 0.6645833333333333 0.05 0.07083333333333333
cl4e3xy58001g356fmmazkw9m 0 0.34440104166666663 0.11302083333333333 0.0515625 0.07083333333333333
cl4e3y4bo001k356fuf7l796k 0 0.38687614468864473 0.031364468864468864 0.053125 0.05
cl4e3ybxx001o356fk5wf5qlr 0 0.6627649456521739 0.08216485507246378 0.0640625 0.07916666666666666
cl4e3yxj7001s356fnluwh9ib 0 0.9110677083333334 0.3697916666666667 0.046875 0.07291666666666667
cl690f0jy00073b6g5g1429s9 0 0.4351067341549296 0.3029929577464789 0.0295224471830986 0.04348591549295774
