ckz3w7jvs001b3867v3h4p4s2 0 0.16328125 0.13541666666666666 0.0484375 0.06666666666666667
cl4dmy6pl0007356fb5434fln 0 0.13257986972704713 0.06546991315136476 0.05 0.06041666666666666
cl4dmzfpu000e356febbq1mdv 0 0.4297071293969849 0.11436348408710219 0.0515625 0.07083333333333335
cl4dmznh7000h356fz64w6qfx 0 0.4515204900260191 0.18448702659728244 0.04375 0.06458333333333334
cl4dmzugt000l356fsxuain4w 0 0.5232741696704428 0.24774609509097148 0.0453125 0.0645833333333333
cl4dmzzr5000o356f0nurzmg1 2 0.73515625 0.2844907407407407 0.0421875 0.06041666666666664
cl4dn074j000r356ft1vyetoc 0 0.8855923396674583 0.09085758115597783 0.053125 0.06875
cl4dn0l0k000u356f5463x7v8 0 0.2680059523809524 0.5284556878306879 0.04375 0.05625000000000006
cl4dn0osn000x356fvfwvgmvh 0 0.29296875 0.5270833333333333 0.0453125 0.0625
cl4dn10tn0014356fmstmdw3n 0 0.480241935483871 0.4751680107526882 0.046875 0.06041666666666667
cl4dn16y20017356flmtqfcq9 0 0.667948921319797 0.44153447546531305 0.0484375 0.0625
cl4dn1d6p001a356fofmctpok 0 0.903857421875 0.5817220052083333 0.0515625 0.06875
cl4dn1ntd001e356f6imbmn4c 0 0.94921875 0.49583333333333335 0.0453125 0.058333333333333334
cl4dn1y19001k356ficmedsas 0 0.98359375 0.41354166666666664 0.0296875 0.06041666666666667
cl4dn26v7001o356fc38c9lns 0 0.06796875 0.4552083333333333 0.0421875 0.06041666666666667
cl4dn2eky001r356f9iyqtonl 0 0.4443080357142857 0.6132440476190476 0.0515625 0.06458333333333334
cl4dn2man001v356fs0awxzwd 0 0.42890625 0.6854166666666667 0.0515625 0.06666666666666667
cl4dn3kvh0027356fw5hb6zil 0 0.26300551470588235 0.888357843137255 0.0515625 0.07083333333333333
cl4dn3qvf002b356fqvwam33m 0 0.32065479208924946 0.9677738336713996 0.04375 0.0625
cl4dn3xp8002f356fgyjyt6l2 0 0.50703125 0.9625 0.0484375 0.058333333333333334
cl4dn4454002i356fujuhkkmk 0 0.7223415415194346 0.8057126030624264 0.0359375 0.04583333333333333
cl4dn4fgi002l356fi8q5o4hf 0 0.7758357558139535 0.8277131782945736 0.05 0.06666666666666667
cl4dn4rqx002p356f523pixqc 0 0.92265625 0.8870290154015401 0.0515625 0.06458333333333334
cl4dn5dr1002t356ffuci57qx 0 0.53984375 0.894134400892288 0.0578125 0.07291666666666667
cl4dnao7p002x356f5zr1ficu 0 0.21411153242677824 0.20866021617852162 0.0515625 0.06458333333333334
cl4dnbhn70030356fthswsrdj 0 0.22291666666666665 0.8548611111111111 0.04375 0.0625
cl4dnfaoc0034356f93ugfa2p 0 0.6296875 0.6453869047619047 0.046875 0.06458333333333334
cl4dniemg0038356f48cdk2md 0 0.36588541666666663 0.2671875 0.0453125 0.06041666666666667
cl4dnu29k003c356f8jj3p32s 0 0.8307291666666666 0.740625 0.05 0.06458333333333334
cl4dnva4g003g356f9g5rcuft 0 0.7127582644628099 0.8574638429752066 0.05 0.06458333333333334
cl4dnx7aa003l356fsr4z3nrl 0 0.47210234788359784 0.5148258377425045 0.0453125 0.058333333333333334
cl4dpg8f1003p356f72ya9kx4 0 0.9405381944444444 0.303587962962963 0.0421875 0.05625
cl4drfdke003t356firajhs9f 0 0.5755580357142857 0.6736607142857143 0.0484375 0.06458333333333334
cl4drq4ne003x356fg6wuc2de 0 0.20286458333333335 0.27395833333333336 0.04531250000000002 0.06458333333333334
cl4drtxmt0041356fzce45snx 0 0.024523026315789474 0.8736184210526315 0.037763157894736846 0.059956140350877145
cl68ztsov00033b6ggh2ri460 2 0.9269402689873416 0.7208544303797468 0.04534414556962023 0.03513713080168775
