ckz3w7jvs001b3867v3h4p4s2 0 0.1511693548387097 0.13754704301075268 0.0484375 0.06666666666666665
cl4dmy6pl0007356fb5434fln 0 0.10191532258064515 0.03465725806451613 0.04999999999999999 0.06041666666666667
cl4dmz269000a356fbourf6gh 0 0.37388698630136985 0.06830764840182649 0.046875 0.06041666666666667
cl4dmzfpu000e356febbq1mdv 0 0.39939114492119093 0.12276342673671922 0.051562500000000046 0.07083333333333335
cl4dmznh7000h356fz64w6qfx 0 0.4546549761491761 0.1761283969355305 0.04375 0.06458333333333334
cl4dmzugt000l356fsxuain4w 0 0.5257555033470649 0.23451231548232065 0.0453125 0.06458333333333337
cl4dmzzr5000o356f0nurzmg1 2 0.6997197041984733 0.22682092875318066 0.0421875 0.06041666666666667
cl4dn074j000r356ft1vyetoc 0 0.8736139112903226 0.08243279569892473 0.053125 0.06875
cl4dn0l0k000u356f5463x7v8 0 0.23003472222222224 0.4682638888888889 0.04375 0.05625
cl4dn0osn000x356fvfwvgmvh 0 0.27589690332326283 0.5188381168177241 0.0453125 0.0625
cl4dn0tn50010356fijf6pqfh 0 0.4174479166666667 0.5111111111111111 0.051562500000000046 0.06111111111111113
cl4dn10tn0014356fmstmdw3n 0 0.45369318181818186 0.45066287878787875 0.046875 0.06041666666666667
cl4dn16y20017356flmtqfcq9 0 0.6664201300761421 0.4313425338409475 0.0484375 0.0625
cl4dn1d6p001a356fofmctpok 0 0.8406139964788732 0.5293573943661972 0.0515625 0.06875
cl4dn1ntd001e356f6imbmn4c 0 0.9444671474358974 0.4855876068376068 0.0453125 0.058333333333333334
cl4dn1y19001k356ficmedsas 0 0.9880796370967742 0.4215165770609319 0.0207157258064516 0.06041666666666667
cl4dn26v7001o356fc38c9lns 0 0.06796875 0.4552083333333333 0.0421875 0.06041666666666667
cl4dn2eky001r356f9iyqtonl 0 0.3827604166666666 0.5704398148148149 0.051562499999999956 0.06458333333333334
cl4dn2man001v356fs0awxzwd 0 0.4227359948165869 0.6730761562998405 0.0515625 0.06666666666666667
cl4dn36ry0023356f0cgb198p 0 0.47916666666666663 0.939236111111111 0.0416666666666667 0.06041666666666667
cl4dn3kvh0027356fw5hb6zil 0 0.22554687499999998 0.8719560185185186 0.053003472222222216 0.07275462962962961
cl4dn3qvf002b356fqvwam33m 0 0.3126012731481481 0.9355967078189301 0.04375 0.0625
cl4dn3xp8002f356fgyjyt6l2 0 0.5039961780575539 0.954406474820144 0.0484375 0.058333333333333334
cl4dn4454002i356fujuhkkmk 0 0.674577356557377 0.7732752732240438 0.0359375 0.04583333333333333
cl4dn4fgi002l356fi8q5o4hf 0 0.7471114864864865 0.7920608108108108 0.05 0.07468468468468466
cl4dn4rqx002p356f523pixqc 0 0.9041063262195121 0.8697916666666666 0.0515625 0.06458333333333334
cl4dn5dr1002t356ffuci57qx 0 0.5322322146302251 0.8824524383708466 0.0578125 0.07291666666666667
cl4dnao7p002x356f5zr1ficu 0 0.11015625 0.3975694444444445 0.0515625 0.06458333333333334
cl4dnbhn70030356fthswsrdj 0 0.3262408088235294 0.9280637254901961 0.0421875 0.0625
cl4dnfaoc0034356f93ugfa2p 0 0.9776041666666668 0.3458719135802469 0.03993055555555554 0.06458333333333334
cl4dniemg0038356f48cdk2md 0 0.32230392156862747 0.20861928104575164 0.040625 0.05416666666666667
cl4dnva4g003g356f9g5rcuft 0 0.6700349506578948 0.8180921052631579 0.0453125 0.05625
cl4dnx7aa003l356fsr4z3nrl 0 0.45064102564102565 0.48370726495726496 0.0453125 0.058333333333333334
cl68ztsov00033b6ggh2ri460 2 0.92265625 0.7125751879699248 0.0421875 0.03333333333333333
