ckz3w7jvs001b3867v3h4p4s2 0 0.16328125 0.13541666666666666 0.0484375 0.06666666666666667
cl4dmy6pl0007356fb5434fln 0 0.12074589416058394 0.052410279805352795 0.05 0.06041666666666666
cl4dmzfpu000e356febbq1mdv 0 0.4094146781961471 0.11385361938120256 0.0515625 0.07083333333333333
cl4dmznh7000h356fz64w6qfx 0 0.45300032523850825 0.18054079936397802 0.04375 0.06458333333333334
cl4dmzugt000l356fsxuain4w 0 0.5244456423789907 0.24149824064538278 0.0453125 0.06458333333333334
cl4dmzzr5000o356f0nurzmg1 2 0.7211776426174497 0.257459451901566 0.0421875 0.06041666666666667
cl4dn074j000r356ft1vyetoc 0 0.8822149643705464 0.08905631433095804 0.053125 0.06875
cl4dn0l0k000u356f5463x7v8 0 0.24870158450704224 0.5111649061032864 0.04375 0.05625
cl4dn0osn000x356fvfwvgmvh 0 0.28262131797583084 0.5239614803625378 0.0453125 0.0625
cl4dn10tn0014356fmstmdw3n 0 0.4703125 0.46145833333333336 0.046875 0.06041666666666667
cl4dn16y20017356flmtqfcq9 0 0.667227157360406 0.4367227157360406 0.0484375 0.0625
cl4dn1d6p001a356fofmctpok 0 0.8754104872881356 0.5639065442561205 0.0515625 0.06875
cl4dn1ntd001e356f6imbmn4c 0 0.94921875 0.49583333333333335 0.0453125 0.058333333333333334
cl4dn1y19001k356ficmedsas 0 0.98359375 0.41354166666666664 0.0296875 0.06041666666666667
cl4dn26v7001o356fc38c9lns 0 0.06796875 0.4552083333333333 0.0421875 0.06041666666666667
cl4dn2eky001r356f9iyqtonl 0 0.41755756578947373 0.59791168261563 0.051562500000000046 0.06458333333333334
cl4dn2man001v356fs0awxzwd 0 0.4267930123604466 0.6811901913875598 0.0515625 0.06666666666666667
cl4dn3kvh0027356fw5hb6zil 0 0.24610770089285716 0.8833333333333333 0.0515625 0.07083333333333333
cl4dn3qvf002b356fqvwam33m 0 0.31488653651115617 0.9631592292089249 0.04375 0.0625
cl4dn3xp8002f356fgyjyt6l2 0 0.50703125 0.9625 0.0484375 0.058333333333333334
cl4dn4454002i356fujuhkkmk 0 0.6997826597744361 0.79375 0.0359375 0.04583333333333333
cl4dn4fgi002l356fi8q5o4hf 0 0.7632042253521127 0.812162558685446 0.05 0.06666666666666667
cl4dn4rqx002p356f523pixqc 0 0.9166809752747254 0.8788804945054945 0.0515625 0.06458333333333334
cl4dn5dr1002t356ffuci57qx 0 0.53984375 0.8897844964945826 0.0578125 0.07291666666666667
cl4dnao7p002x356f5zr1ficu 0 0.2197296626984127 0.24945436507936508 0.0515625 0.06458333333333334
cl4dnbhn70030356fthswsrdj 0 0.3092534722222222 0.8818055555555555 0.0421875 0.0625
cl4dnfaoc0034356f93ugfa2p 0 0.7909090909090908 0.49706439393939394 0.04687499999999991 0.06458333333333334
cl4dniemg0038356f48cdk2md 0 0.3421999007936508 0.246875 0.0453125 0.06041666666666667
cl4dnu29k003c356f8jj3p32s 0 0.7849431818181818 0.7858901515151515 0.05 0.06458333333333334
cl4dnva4g003g356f9g5rcuft 0 0.696657659774436 0.8467496867167921 0.0453125 0.05625
cl4dnx7aa003l356fsr4z3nrl 0 0.45703125 0.5020833333333333 0.0453125 0.058333333333333334
cl4drtxmt0041356fzce45snx 0 0.017026289682539685 0.8577900604686318 0.02977253401360544 0.06929327286470142
cl68ztsov00033b6ggh2ri460 2 0.92265625 0.7164003759398496 0.0421875 0.03333333333333333
