ckz3w7jvs001b3867v3h4p4s2 0 0.16328125 0.13541666666666666 0.0484375 0.06666666666666667
cl4dmy6pl0007356fb5434fln 0 0.12019844890510949 0.051558698296836986 0.05 0.06041666666666667
cl4dmzfpu000e356febbq1mdv 0 0.4090206326619965 0.11420388207822535 0.0515625 0.07083333333333335
cl4dmznh7000h356fz64w6qfx 0 0.45306537294015614 0.18036733882625036 0.04375 0.06458333333333334
cl4dmzugt000l356fsxuain4w 0 0.524497135684861 0.2412236096807415 0.0453125 0.0645833333333333
cl4dmzzr5000o356f0nurzmg1 2 0.7204503676470588 0.25614787581699344 0.0421875 0.06041666666666664
cl4dn074j000r356ft1vyetoc 0 0.8820665083135392 0.0889771377672209 0.053125 0.06875
cl4dn0l0k000u356f5463x7v8 0 0.2478799882629108 0.5102259389671361 0.04375 0.05625
cl4dn0osn000x356fvfwvgmvh 0 0.2823569675226586 0.5237600704934542 0.0453125 0.0625
cl4dn10tn0014356fmstmdw3n 0 0.46924660852713174 0.4605539405684755 0.046875 0.06041666666666667
cl4dn16y20017356flmtqfcq9 0 0.6671954314720813 0.4365112098138748 0.0484375 0.0625
cl4dn1d6p001a356fofmctpok 0 0.874563029661017 0.5631532485875705 0.0515625 0.06874999999999994
cl4dn1ntd001e356f6imbmn4c 0 0.94921875 0.49583333333333335 0.0453125 0.058333333333333334
cl4dn1y19001k356ficmedsas 0 0.98359375 0.41354166666666664 0.0296875 0.06041666666666667
cl4dn26v7001o356fc38c9lns 0 0.06796875 0.4552083333333333 0.0421875 0.06041666666666667
cl4dn2eky001r356f9iyqtonl 0 0.41624177631578946 0.5975927033492823 0.0515625 0.06458333333333334
cl4dn2man001v356fs0awxzwd 0 0.42663352272727273 0.6808712121212122 0.0515625 0.06666666666666667
cl4dn3kvh0027356fw5hb6zil 0 0.24554966517857144 0.8833333333333333 0.0515625 0.07083333333333333
cl4dn3qvf002b356fqvwam33m 0 0.3146329868154158 0.9629563894523326 0.04375 0.0625
cl4dn3xp8002f356fgyjyt6l2 0 0.50703125 0.9625 0.0484375 0.058333333333333334
cl4dn4454002i356fujuhkkmk 0 0.6987827034883721 0.7931686046511628 0.0359375 0.04583333333333333
cl4dn4fgi002l356fi8q5o4hf 0 0.7625 0.8114583333333333 0.05 0.06666666666666667
cl4dn4rqx002p356f523pixqc 0 0.9158567994505494 0.8786973443223443 0.0515625 0.06458333333333334
cl4dn5dr1002t356ffuci57qx 0 0.53984375 0.8895932919056724 0.0578125 0.07291666666666667
cl4dnao7p002x356f5zr1ficu 0 0.21890625 0.25437499999999996 0.0515625 0.06458333333333334
cl4dnbhn70030356fthswsrdj 0 0.30953125 0.8829166666666667 0.0421875 0.0625
cl4dnfaoc0034356f93ugfa2p 0 0.798125 0.4897916666666667 0.04687499999999991 0.06458333333333334
cl4dniemg0038356f48cdk2md 0 0.3412688873626374 0.24632554945054946 0.0453125 0.06041666666666667
cl4dnu29k003c356f8jj3p32s 0 0.7825 0.8135416666666667 0.04999999999999991 0.06458333333333334
cl4dnva4g003g356f9g5rcuft 0 0.6958030523255814 0.8460998062015505 0.0453125 0.05625
cl4dnx7aa003l356fsr4z3nrl 0 0.45644985465116283 0.501437338501292 0.0453125 0.058333333333333334
cl4drtxmt0041356fzce45snx 0 0.016629464285714286 0.8571853741496599 0.029432397959183676 0.06989795918367345
cl68ztsov00033b6ggh2ri460 2 0.92265625 0.71625 0.0421875 0.03333333333333333
