ckz3w7jvs001b3867v3h4p4s2 0 0.15305443548387096 0.13777553763440858 0.0484375 0.06666666666666665
cl4dmy6pl0007356fb5434fln 0 0.10362903225806452 0.03602822580645161 0.05000000000000001 0.06041666666666667
cl4dmz269000a356fbourf6gh 0 0.3760702054794521 0.07121860730593607 0.046875 0.06041666666666667
cl4dmzfpu000e356febbq1mdv 0 0.40022849168126096 0.12201911850554582 0.0515625 0.07083333333333332
cl4dmznh7000h356fz64w6qfx 0 0.4545167497831743 0.1764970005782018 0.04375 0.06458333333333334
cl4dmzugt000l356fsxuain4w 0 0.5256460800720906 0.23509590628218333 0.0453125 0.06458333333333334
cl4dmzzr5000o356f0nurzmg1 2 0.7021529103053435 0.23060591603053435 0.0421875 0.06041666666666667
cl4dn074j000r356ft1vyetoc 0 0.8744707661290322 0.08311827956989247 0.053125 0.06875
cl4dn0l0k000u356f5463x7v8 0 0.23151041666666666 0.470625 0.04375 0.05625
cl4dn0osn000x356fvfwvgmvh 0 0.27645864803625375 0.5192661127895267 0.0453125 0.0625
cl4dn0tn50010356fijf6pqfh 0 0.36640625 0.4583333333333333 0.0515625 0.06666666666666667
cl4dn10tn0014356fmstmdw3n 0 0.453125 0.4534841954022989 0.046875 0.06041666666666667
cl4dn16y20017356flmtqfcq9 0 0.6664875475888324 0.4317919839255499 0.0484375 0.0625
cl4dn1d6p001a356fofmctpok 0 0.8443551936619718 0.5353433098591549 0.0515625 0.06875
cl4dn1ntd001e356f6imbmn4c 0 0.9441947115384615 0.48631410256410257 0.0453125 0.058333333333333334
cl4dn1y19001k356ficmedsas 0 0.9872227822580644 0.41999327956989246 0.022429435483870996 0.06041666666666667
cl4dn26v7001o356fc38c9lns 0 0.06796875 0.4552083333333333 0.0421875 0.06041666666666667
cl4dn2eky001r356f9iyqtonl 0 0.3863020833333334 0.5735879629629629 0.051562500000000046 0.06458333333333334
cl4dn2man001v356fs0awxzwd 0 0.42307491028708133 0.6737539872408294 0.0515625 0.06666666666666667
cl4dn3kvh0027356fw5hb6zil 0 0.228203125 0.872349537037037 0.05241319444444446 0.07196759259259254
cl4dn3qvf002b356fqvwam33m 0 0.31309317129629627 0.9364711934156379 0.04375 0.0625
cl4dn3xp8002f356fgyjyt6l2 0 0.5043783723021582 0.9554256594724221 0.0484375 0.058333333333333334
cl4dn4454002i356fujuhkkmk 0 0.6763191598360656 0.7750170765027323 0.0359375 0.04583333333333333
cl4dn4fgi002l356fi8q5o4hf 0 0.7482601351351351 0.7939752252252252 0.05 0.07315315315315314
cl4dn4rqx002p356f523pixqc 0 0.905078125 0.8697916666666666 0.0515625 0.06458333333333334
cl4dn5dr1002t356ffuci57qx 0 0.5330863143086817 0.883135718113612 0.0578125 0.07291666666666667
cl4dnao7p002x356f5zr1ficu 0 0.08515625 0.46770833333333334 0.0515625 0.06458333333333334
cl4dnbhn70030356fthswsrdj 0 0.2972450657894737 0.9382675438596491 0.0421875 0.0625
cl4dnfaoc0034356f93ugfa2p 0 0.9635416666666666 0.3501736111111111 0.046875 0.06458333333333334
cl4dniemg0038356f48cdk2md 0 0.32438725490196074 0.2100081699346405 0.040625 0.05416666666666667
cl4dnva4g003g356f9g5rcuft 0 0.6724814967105263 0.8199561403508772 0.0453125 0.05625
cl4dnx7aa003l356fsr4z3nrl 0 0.4499599358974359 0.48552350427350427 0.0453125 0.058333333333333334
cl68ztsov00033b6ggh2ri460 2 0.92265625 0.7128947368421054 0.0421875 0.03333333333333333
