ckz3w7jvs001b3867v3h4p4s2 0 0.16328125 0.13541666666666666 0.0484375 0.06666666666666667
cl4dmy6pl0007356fb5434fln 0 0.13456498138957818 0.06679332092638544 0.05 0.060416666666666674
cl4dmzfpu000e356febbq1mdv 0 0.43406643907563025 0.11745448179271707 0.0515625 0.07083333333333332
cl4dmznh7000h356fz64w6qfx 0 0.45126029921942756 0.18518086874819312 0.04375 0.06458333333333334
cl4dmzugt000l356fsxuain4w 0 0.5230681964469619 0.24884461894953655 0.0453125 0.06458333333333334
cl4dmzzr5000o356f0nurzmg1 2 0.73515625 0.29189814814814813 0.0421875 0.06041666666666667
cl4dn074j000r356ft1vyetoc 0 0.8861861638954869 0.09117428741092638 0.053125 0.06875
cl4dn0l0k000u356f5463x7v8 0 0.27193396226415095 0.5302476415094339 0.04375 0.05625
cl4dn0osn000x356fvfwvgmvh 0 0.296417025862069 0.5270833333333333 0.0453125 0.0625
cl4dn10tn0014356fmstmdw3n 0 0.48134191176470587 0.47977941176470584 0.046875 0.06041666666666667
cl4dn16y20017356flmtqfcq9 0 0.66796875 0.44166666666666665 0.0484375 0.0625
cl4dn1d6p001a356fofmctpok 0 0.906982421875 0.5848470052083333 0.0515625 0.06875
cl4dn1ntd001e356f6imbmn4c 0 0.94921875 0.49583333333333335 0.0453125 0.058333333333333334
cl4dn1y19001k356ficmedsas 0 0.98359375 0.41354166666666664 0.0296875 0.06041666666666667
cl4dn26v7001o356fc38c9lns 0 0.06796875 0.4552083333333333 0.0421875 0.06041666666666667
cl4dn2eky001r356f9iyqtonl 0 0.44787946428571435 0.6180059523809525 0.0515625 0.06458333333333334
cl4dn2man001v356fs0awxzwd 0 0.42890625 0.6854166666666667 0.0515625 0.06666666666666667
cl4dn3kvh0027356fw5hb6zil 0 0.266953125 0.8909895833333333 0.0515625 0.07083333333333333
cl4dn3qvf002b356fqvwam33m 0 0.32166899087221096 0.9685851926977687 0.04375 0.0625
cl4dn3xp8002f356fgyjyt6l2 0 0.50703125 0.9625 0.0484375 0.058333333333333334
cl4dn4454002i356fujuhkkmk 0 0.7248150397526502 0.8075971731448763 0.0359375 0.04583333333333333
cl4dn4fgi002l356fi8q5o4hf 0 0.778153409090909 0.8291666666666667 0.05 0.06666666666666667
cl4dn4rqx002p356f523pixqc 0 0.9239955357142857 0.8885416666666667 0.0515625 0.06458333333333334
cl4dn5dr1002t356ffuci57qx 0 0.53984375 0.8947916666666667 0.0578125 0.07291666666666667
cl4dnao7p002x356f5zr1ficu 0 0.21369312238493726 0.2058708158995816 0.051562500000000025 0.06458333333333334
cl4dnbhn70030356fthswsrdj 0 0.2289461678832117 0.8229166666666666 0.04375 0.0625
cl4dnfaoc0034356f93ugfa2p 0 0.5931712962962963 0.6561342592592593 0.046875 0.06458333333333334
cl4dniemg0038356f48cdk2md 0 0.37213541666666666 0.2833333333333333 0.0453125 0.06041666666666667
cl4dnu29k003c356f8jj3p32s 0 0.8394791666666667 0.6938194444444445 0.05 0.06458333333333334
cl4dnva4g003g356f9g5rcuft 0 0.7160640495867769 0.859667699724518 0.05 0.06458333333333334
cl4dnx7aa003l356fsr4z3nrl 0 0.47474785052910057 0.5176477072310406 0.0453125 0.05833333333333339
cl4dpg8f1003p356f72ya9kx4 0 0.9293229166666667 0.27090277777777777 0.0421875 0.05625
cl4drfdke003t356firajhs9f 0 0.5890104166666666 0.5424305555555555 0.0484375 0.06458333333333334
cl4drq4ne003x356fg6wuc2de 0 0.2722395833333333 0.38604166666666667 0.0453125 0.06458333333333334
cl4drtxmt0041356fzce45snx 0 0.024786184210526314 0.8778289473684211 0.039342105263157894 0.06135964912280703
cl68ztsov00033b6ggh2ri460 2 0.929345332278481 0.7220358649789029 0.04711629746835442 0.036149789029535855
