cl4e3u41h0007356fsnvcg4ia 0 0.0734375 0.271875 0.046875 0.06041666666666667
cl4e3ueop000b356f01i7ldq1 0 0.06620790155440415 0.4309855354058722 0.0625 0.07708333333333334
cl4e3ukq4000e356ff34zwnrn 0 0.15688244047619046 0.7218253968253968 0.0546875 0.07083333333333333
cl4e3uqus000h356fe27iuxa8 0 0.20045572916666665 0.8719270833333332 0.051562499999999976 0.06875
cl4e3uxro000k356fp9gecmfy 0 0.41484375 0.8802083333333334 0.0515625 0.06458333333333334
cl4e3v8ln000o356f3qmx8dpe 0 0.28283617424242424 0.4450126262626262 0.046875 0.0625
cl4e3vgyt000s356fzpl4rmbp 0 0.428125 0.46875 0.065625 0.08333333333333333
cl4e3vohl000v356fy39mbucz 0 0.6293165467625899 0.18244154676258992 0.046875 0.0625
cl4e3vusl000z356famxl2zb2 0 0.6184375 0.2547916666666667 0.0578125 0.0729166666666667
cl4e3w0dk0012356fs5affwnl 0 0.8490482954545454 0.40185606060606055 0.0453125 0.0625
cl4e3wa6j0015356f6i69u7c1 0 0.6350142045454545 0.5614583333333333 0.059375 0.07291666666666667
cl4e3wjdu0019356fnueqbfih 0 0.653125 0.890625 0.05625 0.07708333333333334
cl4e3x3xe001c356fioyxs0uv 0 0.753125 0.6645833333333333 0.05 0.07083333333333333
cl4e3xy58001g356fmmazkw9m 0 0.503515625 0.186875 0.05109375000000007 0.06999999999999999
cl4e3y4bo001k356fuf7l796k 0 0.3814617673992674 0.027426739926739926 0.05312500000000005 0.05
cl4e3ybxx001o356fk5wf5qlr 0 0.6534171195652174 0.07515398550724636 0.0640625 0.07916666666666666
cl4e3yxj7001s356fnluwh9ib 0 0.9489583333333333 0.3496527777777778 0.046875 0.07291666666666667
cl690f0jy00073b6g5g1429s9 0 0.4336872799295774 0.2992077464788732 0.024790933098591504 0.035915492957746466
