ckz3w7jvs001b3867v3h4p4s2 0 0.15610383064516128 0.1381451612903226 0.0484375 0.06666666666666667
cl4dmy6pl0007356fb5434fln 0 0.10640120967741935 0.038245967741935484 0.05 0.06041666666666667
cl4dmz269000a356fbourf6gh 0 0.3796018835616438 0.07592751141552512 0.046875 0.06041666666666667
cl4dmzfpu000e356febbq1mdv 0 0.4015830232049037 0.12081509048453007 0.051562500000000046 0.07083333333333335
cl4dmznh7000h356fz64w6qfx 0 0.4542931483087598 0.17709327117664067 0.04375 0.06458333333333334
cl4dmzugt000l356fsxuain4w 0 0.5254690718331616 0.23603995022313765 0.0453125 0.0645833333333333
cl4dmzzr5000o356f0nurzmg1 2 0.7060889790076337 0.23672868956743004 0.0421875 0.06041666666666667
cl4dn074j000r356ft1vyetoc 0 0.8758568548387096 0.08422715053763441 0.053125 0.06875
cl4dn0l0k000u356f5463x7v8 0 0.23389756944444445 0.4744444444444444 0.04375 0.05625
cl4dn0osn000x356fvfwvgmvh 0 0.27736735271903323 0.5199584592145016 0.0453125 0.06250000000000006
cl4dn0tn50010356fijf6pqfh 0 0.3062959558823529 0.35698529411764707 0.0515625 0.06666666666666667
cl4dn10tn0014356fmstmdw3n 0 0.453125 0.450323275862069 0.046875 0.06041666666666667
cl4dn16y20017356flmtqfcq9 0 0.6665966053299492 0.4325190355329949 0.0484375 0.0625
cl4dn1d6p001a356fofmctpok 0 0.8497563844086022 0.5411850358422938 0.0515625 0.06874999999999994
cl4dn1ntd001e356f6imbmn4c 0 0.9437540064102563 0.48748931623931624 0.0453125 0.058333333333333334
cl4dn1y19001k356ficmedsas 0 0.9858366935483872 0.41752912186379926 0.0252016129032258 0.06041666666666667
cl4dn26v7001o356fc38c9lns 0 0.06796875 0.4552083333333333 0.0421875 0.06041666666666667
cl4dn2eky001r356f9iyqtonl 0 0.39182524441340777 0.5781948324022346 0.051562499999999956 0.06458333333333334
cl4dn2man001v356fs0awxzwd 0 0.42362315590111643 0.6748504784688996 0.051562500000000046 0.06666666666666667
cl4dn3kvh0027356fw5hb6zil 0 0.23241864669421486 0.8730199724517906 0.0515625 0.07083333333333333
cl4dn3qvf002b356fqvwam33m 0 0.3138888888888889 0.9378858024691358 0.04375 0.0625
cl4dn3xp8002f356fgyjyt6l2 0 0.5049966276978417 0.9570743405275779 0.0484375 0.058333333333333334
cl4dn4454002i356fujuhkkmk 0 0.6791367827868853 0.7778346994535519 0.0359375 0.04583333333333333
cl4dn4fgi002l356fi8q5o4hf 0 0.7501182432432432 0.7970720720720721 0.05 0.07067567567567572
cl4dn4rqx002p356f523pixqc 0 0.9066501524390244 0.8697916666666666 0.0515625 0.06458333333333334
cl4dn5dr1002t356ffuci57qx 0 0.5344679461414791 0.88424102357985 0.0578125 0.07291666666666667
cl4dnao7p002x356f5zr1ficu 0 0.15234375 0.47929166666666667 0.0515625 0.06458333333333334
cl4dnbhn70030356fthswsrdj 0 0.29466145833333335 0.9345486111111111 0.0421875 0.0625
cl4dnfaoc0034356f93ugfa2p 0 0.9413602941176471 0.3637867647058824 0.046875 0.06458333333333334
cl4dniemg0038356f48cdk2md 0 0.3310971467391305 0.22429800724637683 0.044191576086956494 0.05892210144927536
cl4dnva4g003g356f9g5rcuft 0 0.6764391447368421 0.8229714912280702 0.0453125 0.05625
cl4dnx7aa003l356fsr4z3nrl 0 0.4488581730769231 0.48846153846153845 0.0453125 0.058333333333333334
cl68ztsov00033b6ggh2ri460 2 0.92265625 0.7134116541353384 0.0421875 0.03333333333333333
