cl4e3u41h0007356fsnvcg4ia 0 0.0734375 0.271875 0.046875 0.06041666666666667
cl4e3ueop000b356f01i7ldq1 0 0.07009391191709843 0.4361668825561313 0.0625 0.07708333333333334
cl4e3ukq4000e356ff34zwnrn 0 0.1538489105504587 0.7498662079510704 0.0546875 0.07083333333333333
cl4e3uqus000h356fe27iuxa8 0 0.20078125 0.8552083333333333 0.0515625 0.06875
cl4e3uxro000k356fp9gecmfy 0 0.41484375 0.8802083333333334 0.0515625 0.06458333333333334
cl4e3v8ln000o356f3qmx8dpe 0 0.2931622706422018 0.4506498470948012 0.046875 0.0625
cl4e3vgyt000s356fzpl4rmbp 0 0.428125 0.46875 0.065625 0.08333333333333333
cl4e3vohl000v356fy39mbucz 0 0.6314748201438849 0.18459982014388487 0.046875 0.0625
cl4e3vusl000z356famxl2zb2 0 0.679296875 0.28489583333333335 0.0578125 0.07291666666666667
cl4e3w0dk0012356fs5affwnl 0 0.8534759963768115 0.40066425120772947 0.0453125 0.0625
cl4e3wa6j0015356f6i69u7c1 0 0.6415346746575342 0.5624286529680365 0.059375 0.07291666666666667
cl4e3wjdu0019356fnueqbfih 0 0.653125 0.890625 0.05625 0.07708333333333334
cl4e3x3xe001c356fioyxs0uv 0 0.753125 0.6645833333333333 0.05 0.07083333333333333
cl4e3xy58001g356fmmazkw9m 0 0.3251953125 0.10390625 0.0515625 0.07083333333333333
cl4e3y4bo001k356fuf7l796k 0 0.3875057234432234 0.03182234432234432 0.053125 0.05
cl4e3ybxx001o356fk5wf5qlr 0 0.663851902173913 0.08298007246376812 0.0640625 0.07916666666666666
cl4e3yxj7001s356fnluwh9ib 0 0.90390625 0.3815104166666667 0.046875 0.07291666666666667
cl690f0jy00073b6g5g1429s9 0 0.43515625 0.303125 0.0296875 0.04375
