ckz3w7jvs001b3867v3h4p4s2 0 0.16328125 0.13541666666666666 0.0484375 0.06666666666666667
cl4dmy6pl0007356fb5434fln 0 0.1366121277915633 0.06815808519437552 0.05 0.060416666666666674
cl4dmzfpu000e356febbq1mdv 0 0.4375328256302521 0.12323179271708685 0.0515625 0.07083333333333335
cl4dmznh7000h356fz64w6qfx 0 0.45099197745013014 0.18589639346631973 0.04375 0.06458333333333334
cl4dmzugt000l356fsxuain4w 0 0.5228557865602472 0.24997747167868176 0.0453125 0.0645833333333333
cl4dmzzr5000o356f0nurzmg1 2 0.7369866071428571 0.29784226190476193 0.0421875 0.06041666666666667
cl4dn074j000r356ft1vyetoc 0 0.8867985451306414 0.09150089073634206 0.053125 0.06875
cl4dn0l0k000u356f5463x7v8 0 0.27551169590643276 0.5322916666666667 0.04375 0.05625
cl4dn0osn000x356fvfwvgmvh 0 0.29921875 0.5270833333333333 0.0453125 0.0625
cl4dn10tn0014356fmstmdw3n 0 0.48747324486301374 0.48613013698630136 0.046875 0.06041666666666667
cl4dn16y20017356flmtqfcq9 0 0.66796875 0.44166666666666665 0.0484375 0.0625
cl4dn1d6p001a356fofmctpok 0 0.90625 0.584375 0.0515625 0.06875
cl4dn1ntd001e356f6imbmn4c 0 0.94921875 0.49583333333333335 0.0453125 0.058333333333333334
cl4dn1y19001k356ficmedsas 0 0.98359375 0.41354166666666664 0.0296875 0.06041666666666667
cl4dn26v7001o356fc38c9lns 0 0.06796875 0.4552083333333333 0.0421875 0.06041666666666667
cl4dn2eky001r356f9iyqtonl 0 0.4513974471830986 0.6224227308294209 0.0515625 0.06458333333333334
cl4dn2man001v356fs0awxzwd 0 0.42890625 0.6854166666666667 0.0515625 0.06666666666666667
cl4dn3kvh0027356fw5hb6zil 0 0.26953125 0.8927083333333333 0.0515625 0.07083333333333333
cl4dn3qvf002b356fqvwam33m 0 0.321875 0.96875 0.04375 0.0625
cl4dn3xp8002f356fgyjyt6l2 0 0.50703125 0.9625 0.0484375 0.058333333333333334
cl4dn4454002i356fujuhkkmk 0 0.7285267857142858 0.8107738095238095 0.0359375 0.04583333333333333
cl4dn4fgi002l356fi8q5o4hf 0 0.7836616847826088 0.8302989130434782 0.050000000000000086 0.06666666666666667
cl4dn4rqx002p356f523pixqc 0 0.9294068567961166 0.8892091423948221 0.0515625 0.06458333333333334
cl4dn5dr1002t356ffuci57qx 0 0.53984375 0.8947916666666667 0.0578125 0.07291666666666667
cl4dnao7p002x356f5zr1ficu 0 0.21395089285714283 0.2080357142857143 0.051562499999999976 0.06458333333333334
cl4dnbhn70030356fthswsrdj 0 0.23496806569343068 0.8229166666666666 0.04375 0.0625
cl4dnfaoc0034356f93ugfa2p 0 0.5689903846153845 0.6717147435897436 0.046875 0.06458333333333334
cl4dniemg0038356f48cdk2md 0 0.37526041666666665 0.2864583333333333 0.0453125 0.06041666666666667
cl4dnu29k003c356f8jj3p32s 0 0.7978515625 0.7044270833333334 0.05 0.06458333333333334
cl4dnva4g003g356f9g5rcuft 0 0.7194743377483444 0.8622309602649006 0.05 0.06458333333333334
cl4dnx7aa003l356fsr4z3nrl 0 0.4775363869863014 0.5202126141552512 0.0453125 0.05833333333333339
cl4dpg8f1003p356f72ya9kx4 0 0.9438308189655172 0.23767959770114944 0.0421875 0.05625
cl4drfdke003t356firajhs9f 0 0.5703125 0.36041666666666666 0.0484375 0.06458333333333334
cl4drq4ne003x356fg6wuc2de 0 0.34453125 0.48993055555555554 0.0453125 0.06458333333333334
cl4drtxmt0041356fzce45snx 0 0.025 0.88125 0.040625 0.0625
cl68ztsov00033b6ggh2ri460 2 0.9318255537974685 0.7232542194092827 0.04894382911392405 0.037194092827004255
