0 0.09705668604651163 0.3331395348837209 0.028125 0.04583333333333333
0 0.1743874156671664 0.7041104447776111 0.026899831334332824 0.025337331334332802
0 0.36370330459770117 0.5746048850574713 0.028125 0.03125
0 0.3726023706896552 0.07611350574712644 0.02117456896551726 0.032399425287356315
0 0.7603064903846154 0.20490785256410254 0.0234375 0.035416666666666666
0 0.60078125 0.7875 0.0234375 0.0375
0 0.3284128289473684 0.8520833333333333 0.0265625 0.03333333333333333
0 0.6359375 0.7385416666666667 0.021875 0.03333333333333333
0 0.8126233552631579 0.5544956140350876 0.0203125 0.03333333333333333
0 0.0858141447368421 0.5946820175438597 0.0265625 0.03497807017543859
