0 0.05625 0.45625 0.021875 0.04583333333333333
0 0.17265625 0.7010416666666667 0.0328125 0.03125
0 0.3626503164556962 0.5816904008438819 0.028125 0.03125
0 0.37442434210526315 0.07236842105263158 0.01875 0.03333333333333333
0 0.7528645833333333 0.2170138888888889 0.0234375 0.035416666666666666
0 0.6765625 0.7510416666666667 0.025 0.03958333333333333
0 0.3109375 0.9104166666666667 0.028125 0.03333333333333333
0 0.8765625 0.21145833333333333 0.021875 0.027083333333333334
0 0.07890625 0.0375 0.0203125 0.025
0 0.25078125 0.5239583333333333 0.0234375 0.03125
0 0.93125 0.020833333333333332 0.025 0.029166666666666667
0 0.6921875 0.99375 0.021875 0.0125
