0 0.0859375 0.35982142857142857 0.028125 0.04583333333333333
0 0.17372569444444444 0.7044953703703705 0.028534722222222243 0.026972222222222206
0 0.363876582278481 0.5767853375527426 0.028125 0.03125
0 0.37222222222222223 0.07662037037037037 0.01875 0.03009259259259259
0 0.7576099537037037 0.20473251028806586 0.02201003086419755 0.0344650205761317
0 0.66015625 0.7520833333333333 0.021875 0.03958333333333333
0 0.43046875 0.840625 0.0265625 0.03333333333333333
0 0.81171875 0.890625 0.021875 0.03333333333333333
0 0.7421875 0.25729166666666664 0.0203125 0.03333333333333333
0 0.94921875 0.15208333333333332 0.0234375 0.03125
0 0.09296875 0.004166666666666667 0.0171875 0.008333333333333333
