0 0.0803760593220339 0.3737641242937853 0.028125 0.04583333333333333
0 0.17342013888888888 0.7046990740740742 0.029756944444444433 0.0281944444444445
0 0.36370253164556965 0.5774815400843882 0.028125 0.03125
0 0.37256944444444445 0.07615740740740741 0.01875 0.031018518518518518
0 0.75546875 0.20558226495726498 0.0234375 0.035416666666666666
0 0.641015625 0.71875 0.03046875 0.03333333333333333
0 0.38984375 0.9140350877192983 0.0265625 0.03333333333333333
0 0.8515625 0.20208333333333334 0.0203125 0.03333333333333333
0 0.81796875 0.06770833333333333 0.0234375 0.03125
0 0.113203125 0.9627083333333334 0.025 0.03125
0 0.09140625 0.007083333333333333 0.0203125 0.014166666666666666
0 0.8335069444444445 0.016087962962962964 0.025 0.03217592592592593
