0 0.13385416666666666 0.2684027777777778 0.034375 0.039583333333333366
0 0.17556339017991004 0.7037184532733634 0.029251780359820102 0.027689280359820146
0 0.362902706185567 0.5681808419243987 0.028125 0.03125
0 0.3746430049668874 0.07382726269315673 0.0328125 0.041666666666666664
0 0.76796875 0.19167588495575222 0.0234375 0.035416666666666666
0 0.8416145833333333 0.6154166666666666 0.0296875 0.0375
0 0.614375 0.7274999999999999 0.03125 0.0375
0 0.35078125 0.9016666666666667 0.0265625 0.03333333333333333
0 0.7739955357142857 0.038392857142857145 0.0296875 0.03333333333333333
0 0.3484375 0.09791666666666667 0.025 0.03125
0 0.05546875 0.9760416666666667 0.0234375 0.029166666666666667
