0 0.07068452380952381 0.389484126984127 0.028125 0.04583333333333333
0 0.17298263888888887 0.7049907407407408 0.03150694444444444 0.029944444444444447
0 0.36345332278481013 0.5784783755274262 0.028125 0.03125
0 0.37306660353535354 0.07549452861952861 0.01875 0.0323442760942761
0 0.75546875 0.20894764957264958 0.0234375 0.035416666666666666
0 0.62109375 0.7572916666666667 0.0296875 0.0375
0 0.3311053240740741 0.8712191358024691 0.0265625 0.03333333333333333
0 0.99296875 0.3458333333333333 0.0140625 0.025
0 0.08844572368421053 0.013267543859649122 0.0203125 0.018640350877192978
0 0.9717261904761905 0.0591765873015873 0.025 0.03204365079365079
0 0.06271306818181818 0.5845643939393939 0.0234375 0.03125
0 0.61640625 0.9916666666666667 0.0296875 0.016666666666666666
