0 0.1216796875 0.2984375 0.034375 0.03958333333333333
0 0.1751370408545727 0.7038605697151424 0.028399081709145423 0.026836581709145452
0 0.3627454501915709 0.5707734674329502 0.028125 0.03125
0 0.3746851679104478 0.0736473880597015 0.028428171641791032 0.04020522388059701
0 0.7667827560240964 0.19428965863453815 0.0234375 0.035416666666666666
0 0.84296875 0.6083333333333333 0.0296875 0.0375
0 0.6149456521739131 0.6839673913043478 0.03125 0.0375
0 0.39140625 0.7354166666666667 0.0265625 0.03333333333333333
0 0.993359375 0.17291666666666666 0.01328125 0.03125
0 0.6399147727272727 0.03797348484848485 0.025 0.03125
0 0.8375 0.675 0.028125 0.03333333333333333
