0 0.1484375 0.246875 0.034375 0.03958333333333333
0 0.17599910982008996 0.7035732133933034 0.0301232196401799 0.028560719640179855
0 0.3636517396907216 0.5651847079037801 0.028125 0.03125
0 0.3722371688741722 0.07575193156732891 0.0328125 0.04166666666666666
0 0.7683948863636363 0.18835227272727273 0.0234375 0.035416666666666666
0 0.86640625 0.6125 0.0296875 0.0375
0 0.5958881578947368 0.7041666666666667 0.03125 0.0375
0 0.43203125 0.7583333333333333 0.0265625 0.03333333333333333
0 0.64734375 0.23041666666666666 0.0296875 0.03333333333333333
0 0.8671875 0.725 0.034375 0.041666666666666664
