0 0.13333333333333333 0.27326388888888886 0.034375 0.039583333333333304
0 0.17554933470764617 0.7037231384307846 0.029223669415292353 0.027661169415292383
0 0.36287854381443296 0.5682774914089347 0.028125 0.03125
0 0.37472061258278144 0.0737651766004415 0.0328125 0.04166666666666667
0 0.76796875 0.19178650442477876 0.0234375 0.035416666666666666
0 0.8417708333333334 0.6160416666666666 0.0296875 0.0375
0 0.6134375000000001 0.723125 0.03125 0.0375
0 0.35078125 0.8997916666666667 0.0265625 0.03333333333333333
0 0.7850446428571429 0.03482142857142857 0.0296875 0.03333333333333333
0 0.35234375 0.10260416666666666 0.025 0.03125
0 0.06328125 0.96875 0.0234375 0.029166666666666667
0 0.00625 0.60234375 0.0125 0.034895833333333334
