0 0.1472972972972973 0.14726914414414416 0.034375 0.039583333333333345
0 0.09609375 0.878125 0.0203125 0.027083333333333334
0 0.17421875 0.7037923177083333 0.0328125 0.03125
0 0.3609375 0.5499556737588652 0.028125 0.03125
0 0.37488839285714287 0.07261904761904761 0.03459821428571428 0.04166666666666666
0 0.640625 0.04583333333333333 0.03125 0.041666666666666664
0 0.7796875 0.16979166666666667 0.0296875 0.035416666666666666
0 0.90234375 0.48333333333333334 0.0296875 0.0375
0 0.5765625 0.6375 0.03125 0.0375
0 0.48984375 0.7958333333333333 0.0265625 0.03333333333333333
0 0.73828125 0.13020833333333334 0.0234375 0.03125
