0 0.14677083333333335 0.24243055555555554 0.034375 0.03958333333333333
0 0.1760740723388306 0.7035482258870565 0.03027314467766118 0.028710644677661178
0 0.36378060567010306 0.5646692439862543 0.028125 0.03125
0 0.371823261589404 0.07608305739514348 0.0328125 0.041666666666666664
0 0.7692471590909091 0.18797348484848486 0.0234375 0.035416666666666666
0 0.88203125 0.6219135802469136 0.0296875 0.0375
0 0.5939144736842106 0.7041666666666667 0.03125 0.0375
0 0.41015625 0.742361111111111 0.0265625 0.03333333333333333
0 0.64296875 0.284375 0.0296875 0.03333333333333333
0 0.17546875 0.98 0.0203125 0.029166666666666667
0 0.89921875 0.6510416666666666 0.034375 0.041666666666666664
