0 0.0859375 0.3574404761904762 0.028125 0.04583333333333333
0 0.17378125 0.7044583333333333 0.028312500000000008 0.026749999999999947
0 0.3639082278481013 0.5766587552742616 0.028125 0.03125
0 0.37215909090909094 0.07670454545454546 0.01875 0.029924242424242423
0 0.7580729166666667 0.20462962962962963 0.02170138888888884 0.03425925925925925
0 0.658203125 0.7575520833333333 0.02265625 0.03697916666666667
0 0.428125 0.8171875 0.0265625 0.03333333333333333
0 0.81796875 0.8625 0.021875 0.03333333333333333
0 0.727734375 0.2796875 0.0203125 0.03333333333333333
0 0.97890625 0.128125 0.0234375 0.03125
