0 0.145625 0.239375 0.034375 0.03958333333333333
0 0.17612560907046476 0.7035310469765117 0.030376218140929546 0.028813718140929485
0 0.3638692010309278 0.5643148625429554 0.028125 0.03125
0 0.3715387003311258 0.076310706401766 0.0328125 0.04166666666666666
0 0.769833096590909 0.18771306818181818 0.0234375 0.035416666666666666
0 0.88203125 0.6236111111111111 0.0296875 0.0375
0 0.5925575657894737 0.7041666666666667 0.03125 0.0375
0 0.394921875 0.7489583333333333 0.0265625 0.03333333333333333
0 0.64265625 0.3145833333333333 0.0296875 0.03333333333333333
0 0.15807291666666667 0.9458333333333333 0.0203125 0.029166666666666667
0 0.9489583333333333 0.6402777777777777 0.034375 0.041666666666666664
