0 0.14601814516129033 0.13625672043010753 0.034375 0.03958333333333333
0 0.09049479166666667 0.9758680555555556 0.02682291666666666 0.021875
0 0.17451923076923076 0.703125 0.03261217948717947 0.03285256410256399
0 0.36140625000000004 0.5477083333333332 0.028125 0.03124999999999994
0 0.37463541666666667 0.07194444444444444 0.03510416666666667 0.04166666666666666
0 0.6357954545454546 0.048248106060606054 0.03125 0.04166666666666666
0 0.7807569781553398 0.1665554207119741 0.0359375 0.035416666666666666
0 0.9072048611111111 0.46435185185185185 0.0296875 0.0375
0 0.5697916666666667 0.607175925925926 0.03125 0.0375
0 0.4627604166666667 0.710763888888889 0.0265625 0.03333333333333333
0 0.8984375 0.2777777777777778 0.028125 0.037500000000000026
0 0.05963541666666666 0.7444444444444444 0.023437499999999993 0.03333333333333333
