0 0.06357421875 0.45 0.028125 0.04583333333333333
0 0.17265625 0.7021367521367522 0.0328125 0.03125
0 0.3628125 0.5810416666666666 0.028125 0.03125
0 0.374164979757085 0.07306005398110661 0.01875 0.03333333333333333
0 0.7544369103773585 0.215625 0.0234375 0.035416666666666666
0 0.6856026785714285 0.7831845238095239 0.02433035714285712 0.02767857142857141
0 0.359375 0.9416666666666667 0.028125 0.03333333333333333
0 0.778125 0.309375 0.021875 0.03125
0 0.08359375 0.03260416666666667 0.0203125 0.019375
0 0.3268973214285714 0.4290178571428571 0.0234375 0.03125
0 0.18125 0.9885416666666667 0.021875 0.022916666666666665
0 0.99140625 0.17708333333333334 0.0171875 0.029166666666666667
