0 0.14572916666666666 0.23965277777777777 0.034375 0.03958333333333333
0 0.1761209239130435 0.7035326086956523 0.03036684782608696 0.028804347826086978
0 0.3638611469072165 0.5643470790378007 0.028125 0.03125
0 0.37156456953642386 0.07629001103752758 0.0328125 0.04166666666666666
0 0.7697798295454545 0.1877367424242424 0.0234375 0.035416666666666666
0 0.88203125 0.6234567901234568 0.0296875 0.0375
0 0.5926809210526316 0.7041666666666667 0.03125 0.0375
0 0.39609375 0.7458333333333333 0.0265625 0.03333333333333333
0 0.64234375 0.3125 0.0296875 0.03333333333333333
0 0.15598958333333332 0.95 0.0203125 0.029166666666666667
0 0.9447916666666666 0.6409722222222223 0.034375 0.041666666666666664
