0 0.14751420454545455 0.15151515151515152 0.034375 0.039583333333333345
0 0.13489583333333333 0.873263888888889 0.028125 0.03125
0 0.17421875 0.7041015625 0.0328125 0.03125
0 0.3609375 0.5512189716312057 0.028125 0.03125
0 0.3749826388888889 0.07287037037037036 0.0344097222222222 0.04166666666666666
0 0.6768229166666667 0.017534722222222222 0.0296875 0.024652777777777777
0 0.7792236328125 0.17102864583333333 0.0259765625 0.035416666666666666
0 0.91015625 0.4947916666666667 0.0296875 0.0375
0 0.5802083333333333 0.6451388888888889 0.03125 0.0375
0 0.4841145833333333 0.836111111111111 0.0265625 0.03333333333333333
0 0.7138020833333333 0.056597222222222215 0.0234375 0.031249999999999993
