0 0.0625 0.4302364864864865 0.028125 0.04583333333333333
0 0.17265625 0.7036057692307692 0.0328125 0.03125
0 0.36303006329113924 0.5801714135021097 0.028125 0.03125
0 0.37381705465587045 0.07398785425101215 0.01875 0.03333333333333333
0 0.7567891725352113 0.2149794600938967 0.0234375 0.035416666666666666
0 0.6609375 0.7822916666666667 0.025 0.027083333333333334
0 0.42075892857142855 0.8535714285714285 0.028125 0.03333333333333333
0 0.796875 0.4772321428571428 0.021875 0.03125
0 0.08671875 0.025365990990990996 0.0203125 0.018750000000000003
0 0.284375 0.315625 0.0234375 0.03125
0 0.80953125 0.8197916666666667 0.0234375 0.03125
