0 0.15274621212121212 0.18153409090909092 0.034375 0.03958333333333333
0 0.17712354760119942 0.7031984007996002 0.03237209520239881 0.030809595202398773
0 0.3618167775665399 0.5575530735107731 0.028125 0.03125
0 0.37564732142857143 0.07464285714285715 0.033080357142857154 0.041666666666666664
0 0.77578125 0.1774621212121212 0.0234375 0.035416666666666666
0 0.9092633928571429 0.5476190476190476 0.0296875 0.03749999999999994
0 0.5967606707317074 0.693140243902439 0.03125 0.0375
0 0.45122767857142854 0.7758928571428572 0.0265625 0.03333333333333333
0 0.9612723214285713 0.25029761904761905 0.0296875 0.03333333333333333
0 0.10625 0.8802083333333334 0.021875 0.022916666666666665
