0 0.12254464285714287 0.29404761904761906 0.034375 0.03958333333333333
0 0.17519326274362818 0.7038418290854572 0.028511525487256374 0.026949025487256386
0 0.3626736111111111 0.570486111111111 0.028125 0.03125
0 0.37496501865671644 0.07346082089552237 0.02954757462686568 0.04057835820895523
0 0.7670086596385542 0.19398845381526103 0.0234375 0.035416666666666666
0 0.83046875 0.6208333333333333 0.0296875 0.0375
0 0.6145380434782608 0.6855978260869565 0.03125 0.0375
0 0.36744791666666665 0.7458333333333333 0.0265625 0.03333333333333333
0 0.979296875 0.14036458333333332 0.0296875 0.03333333333333333
0 0.6251953125 0.06171875 0.025 0.03125
0 0.03046875 0.3203125 0.0296875 0.03333333333333333
0 0.869140625 0.6838541666666667 0.0421875 0.04375
