0 0.08183262711864406 0.3702683615819209 0.028125 0.04583333333333333
0 0.17349652777777777 0.7046481481481481 0.029451388888888895 0.027888888888888866
0 0.3637460443037975 0.5773074894514767 0.028125 0.03125
0 0.3724826388888889 0.07627314814814816 0.01875 0.03078703703703704
0 0.7557002314814815 0.20515689300411524 0.023283179012345733 0.03531378600823046
0 0.63796875 0.7195833333333332 0.0296875 0.0375
0 0.4037224264705882 0.9014705882352941 0.0265625 0.03333333333333333
0 0.77890625 0.9895833333333334 0.0203125 0.020833333333333332
0 0.8073153409090909 0.20492424242424243 0.02031249999999991 0.03333333333333333
0 0.8389756944444444 0.10127314814814815 0.0234375 0.03125
0 0.09375 0.9802083333333333 0.025 0.03125
0 0.09140625 0.005756578947368421 0.0203125 0.011513157894736841
0 0.80625 0.014583333333333334 0.025 0.029166666666666667
