0 0.0521875 0.4708333333333333 0.021875 0.04583333333333333
0 0.1731713598901099 0.7013850732600733 0.030752060439560424 0.02918956043956046
0 0.36253164556962025 0.5821650843881856 0.028125 0.03125
0 0.3746141194331984 0.07186234817813766 0.01875 0.03333333333333334
0 0.7520520833333333 0.21809722222222222 0.022854166666666665 0.034638888888888886
0 0.65625 0.7708333333333334 0.025 0.03333333333333333
0 0.29791666666666666 0.8548611111111111 0.021875 0.03333333333333333
0 0.9515625 0.250625 0.021875 0.027083333333333334
0 0.07890625 0.042499999999999996 0.0203125 0.024999999999999998
0 0.16328125 0.5569444444444444 0.0265625 0.03333333333333333
0 0.6658482142857143 0.9004464285714285 0.025892857142857207 0.03244047619047616
