0 0.08527542372881355 0.36200564971751414 0.028125 0.04583333333333333
0 0.17367708333333334 0.7045277777777776 0.028729166666666674 0.02716666666666671
0 0.3638488924050633 0.5768960970464135 0.028125 0.03125
0 0.3722774621212121 0.07654671717171717 0.01875 0.03023989898989899
0 0.7572048611111111 0.20482253086419752 0.02228009259259265 0.03464506172839507
0 0.65734375 0.7545833333333333 0.025937500000000037 0.0375
0 0.4291294642857143 0.8580357142857142 0.0265625 0.03333333333333333
0 0.798828125 0.9119791666666667 0.021875 0.03333333333333333
0 0.75703125 0.23125 0.0203125 0.03333333333333333
0 0.923828125 0.14791666666666667 0.0234375 0.03125
0 0.09181743421052631 0.004166666666666667 0.017187499999999988 0.008333333333333333
