0 0.15 0.20084876543209876 0.034375 0.03958333333333333
0 0.1767299943778111 0.7033295852073962 0.03158498875562219 0.030022488755622235
0 0.3628148764258555 0.560214670468948 0.028125 0.03125
0 0.3682015728476821 0.07898040838852098 0.0328125 0.04166666666666667
0 0.77578125 0.18223484848484847 0.0234375 0.035416666666666666
0 0.8901562500000001 0.5754166666666667 0.0296875 0.0375
0 0.5910214552238806 0.6782649253731343 0.03125 0.0375
0 0.4699776785714286 0.9110119047619047 0.0265625 0.03333333333333333
0 0.8583333333333334 0.42118055555555556 0.0296875 0.03333333333333333
0 0.51 0.16624999999999998 0.03125 0.03333333333333333
