0 0.0859375 0.3601190476190476 0.028125 0.04583333333333333
0 0.17371875 0.7044999999999999 0.02856249999999998 0.026999999999999958
0 0.3638726265822785 0.5768011603375527 0.028125 0.03125
0 0.3722301136363636 0.07660984848484849 0.01875 0.03011363636363636
0 0.7575520833333333 0.20474537037037036 0.02204861111111116 0.034490740740740745
0 0.659375 0.7510416666666667 0.021875 0.03958333333333333
0 0.43046875 0.84375 0.0265625 0.03333333333333333
0 0.809375 0.8916666666666667 0.021875 0.03333333333333333
0 0.74453125 0.25416666666666665 0.0203125 0.03333333333333333
0 0.94609375 0.15104166666666666 0.0234375 0.03125
0 0.09280427631578947 0.004166666666666667 0.0171875 0.008333333333333333
