0 0.15 0.19486882716049383 0.034375 0.03958333333333333
0 0.17687523425787105 0.703281171914043 0.03187546851574212 0.030312968515742136
0 0.362446530418251 0.5592324144486692 0.028125 0.03125
0 0.37154947916666664 0.07725694444444445 0.0328125 0.04166666666666667
0 0.77578125 0.18047348484848486 0.0234375 0.035416666666666666
0 0.8994791666666666 0.5670138888888889 0.0296875 0.0375
0 0.5939132462686567 0.6830845771144279 0.03125 0.0375
0 0.4891493055555555 0.8559027777777778 0.0265625 0.03333333333333333
0 0.9185763888888889 0.36469907407407404 0.0296875 0.03333333333333333
0 0.1546875 0.9300925925925926 0.0265625 0.03125
0 0.4 0.09270833333333334 0.025 0.027083333333333334
