0 0.02763671875 0.5119791666666667 0.0171875 0.04791666666666667
0 0.17301260964912282 0.7020833333333333 0.0265625 0.025
0 0.36484375 0.5839135021097046 0.0234375 0.025
0 0.3745592948717949 0.07200854700854702 0.01875 0.03215811965811966
0 0.7501781798245614 0.2205957602339181 0.0203125 0.03125
0 0.6817187499999999 0.8533333333333334 0.028437499999999984 0.024166666666666597
0 0.36676136363636364 0.8172348484848484 0.021875 0.025
0 0.9505208333333334 0.5309027777777777 0.015625 0.022916666666666606
0 0.0751781798245614 0.054495614035087715 0.0203125 0.02499999999999999
0 0.0720703125 0.28736979166666665 0.0203125 0.03333333333333333
0 0.8189453125 0.8299479166666667 0.021484375 0.0296875
0 0.51484375 0.99375 0.0171875 0.0125
