0 0.11976562500000001 0.2994270833333334 0.034375 0.04239583333333332
0 0.17509018928035983 0.7038761869065467 0.02830537856071964 0.026742878560719656
0 0.36280531609195404 0.5710129310344828 0.028125 0.03125
0 0.3744519589552239 0.07380286069651741 0.027495335820895538 0.03989427860696517
0 0.7665945030120482 0.1945406626506024 0.0234375 0.035416666666666666
0 0.8588541666666666 0.5923611111111111 0.0296875 0.0375
0 0.6152853260869565 0.682608695652174 0.03125 0.0375
0 0.41129261363636366 0.7316287878787879 0.026562500000000044 0.03333333333333333
0 0.653515625 0.01640625 0.025 0.0296875
0 0.8002604166666666 0.7041666666666667 0.02812499999999991 0.03333333333333333
