0 0.128125 0.27881944444444445 0.034375 0.039583333333333366
0 0.1754040948275862 0.7037715517241379 0.02893318965517242 0.02737068965517236
0 0.36262886597938143 0.5692762027491408 0.028125 0.03125
0 0.3755225579470199 0.07312362030905077 0.0328125 0.04166666666666666
0 0.7678557981927712 0.1928589357429719 0.0234375 0.035416666666666666
0 0.8415482954545455 0.6204545454545455 0.0296875 0.0375
0 0.6126953125 0.6981770833333333 0.03125 0.0375
0 0.3302734375 0.84921875 0.0265625 0.03333333333333333
0 0.8722301136363637 0.045075757575757575 0.0296875 0.03333333333333333
0 0.47159090909090906 0.16221590909090908 0.025 0.03125
0 0.1095703125 0.9278645833333333 0.0234375 0.029166666666666667
0 0.0728515625 0.49140625 0.0296875 0.03333333333333333
0 0.98359375 0.6322916666666667 0.0328125 0.04375
