0 0.07958156779661016 0.37567090395480224 0.028125 0.04583333333333333
0 0.17337847222222222 0.7047268518518519 0.029923611111111102 0.028361111111111132
0 0.3636787974683544 0.577576476793249 0.028125 0.03125
0 0.37261679292929295 0.07609427609427609 0.01875 0.031144781144781142
0 0.75546875 0.20590277777777777 0.0234375 0.035416666666666666
0 0.63369140625 0.7266927083333333 0.0310546875 0.029427083333333333
0 0.38046875 0.9186403508771931 0.0265625 0.03333333333333333
0 0.87265625 0.20416666666666666 0.0203125 0.03333333333333333
0 0.8046875 0.04583333333333333 0.0234375 0.03125
0 0.123984375 0.9652083333333333 0.025 0.03125
0 0.09140625 0.008333333333333333 0.0203125 0.016666666666666666
0 0.84375 0.034375 0.025 0.035416666666666666
