0 0.0578125 0.45208333333333334 0.021875 0.04583333333333333
0 0.17265625 0.7012286324786324 0.0328125 0.03125
0 0.3626780063291139 0.581579641350211 0.028125 0.03125
0 0.37438006072874497 0.07248650472334682 0.01875 0.03333333333333333
0 0.7530924479166667 0.21671006944444443 0.0234375 0.035416666666666666
0 0.6806640625 0.7546875 0.022265625 0.03472222222222214
0 0.3126201923076923 0.9193910256410257 0.028125 0.03333333333333333
0 0.8515625 0.221875 0.021875 0.03125
0 0.079931640625 0.03704427083333333 0.0203125 0.025
0 0.27421875 0.5010416666666667 0.0234375 0.03125
0 0.9328125 0.04791666666666667 0.025 0.029166666666666667
