0 0.13420138888888888 0.265162037037037 0.034375 0.03958333333333333
0 0.17557276049475262 0.7037153298350826 0.029270520989505243 0.02770802098950528
0 0.3629188144329897 0.5681164089347079 0.028125 0.03125
0 0.3745912665562914 0.07386865342163355 0.0328125 0.041666666666666664
0 0.76796875 0.19160213864306783 0.0234375 0.035416666666666666
0 0.8415104166666667 0.615 0.0296875 0.0375
0 0.615 0.7304166666666667 0.03125 0.0375
0 0.35078125 0.9029166666666666 0.0265625 0.03333333333333333
0 0.7666294642857143 0.04077380952380952 0.0296875 0.03333333333333333
0 0.3458333333333333 0.09479166666666666 0.025 0.03125
0 0.05546875 0.98125 0.0234375 0.029166666666666667
