0 0.128125 0.27708333333333335 0.034375 0.03958333333333333
0 0.17542752061469263 0.7037637431284357 0.02898004122938531 0.02741754122938538
0 0.36266913659793815 0.5691151202749141 0.028125 0.03125
0 0.37539321192052977 0.07322709713024284 0.0328125 0.04166666666666667
0 0.7679499246987952 0.19273343373493976 0.0234375 0.035416666666666666
0 0.8424360795454545 0.6206912878787879 0.0296875 0.0375
0 0.61123046875 0.6962239583333333 0.03125 0.0375
0 0.32783203125 0.8602864583333333 0.0265625 0.03333333333333333
0 0.8623883928571429 0.03422619047619047 0.0296875 0.03333333333333333
0 0.4502232142857143 0.1575892857142857 0.025 0.03125
0 0.09833984375 0.9272135416666667 0.0234375 0.029166666666666667
0 0.07138671875 0.5141927083333333 0.0296875 0.03333333333333333
0 0.9921875 0.6260416666666667 0.015625 0.04375
