0 0.04453125 0.4791666666666667 0.021875 0.04583333333333333
0 0.17384100274725273 0.7018315018315018 0.02807348901098903 0.02651098901098905
0 0.36387087264150947 0.5829009433962266 0.025383254716981128 0.027594339622641566
0 0.37486082995951414 0.07120445344129554 0.01875 0.03333333333333333
0 0.7512395833333333 0.21918055555555555 0.021229166666666632 0.032472222222222236
0 0.6384375 0.8266666666666667 0.025 0.03333333333333333
0 0.3172475961538462 0.8105769230769231 0.021875 0.03333333333333333
0 0.99296875 0.3802083333333333 0.0140625 0.022916666666666665
0 0.07745807926829268 0.04872967479674797 0.0203125 0.025
0 0.04921875 0.4576388888888889 0.0265625 0.03333333333333333
0 0.72265625 0.7802083333333333 0.0203125 0.03125
