0 0.026171875 0.5182291666666666 0.0171875 0.04791666666666667
0 0.17153234649122806 0.7020833333333333 0.0265625 0.025
0 0.36484375 0.5846255274261604 0.0234375 0.025
0 0.37401842948717945 0.0734508547008547 0.01875 0.030715811965811975
0 0.749438048245614 0.22158260233918128 0.0203125 0.03125
0 0.70234375 0.8512345679012346 0.02170138888888893 0.02962962962962964
0 0.3776041666666667 0.8802083333333334 0.02395833333333335 0.02986111111111119
0 0.8735243055555555 0.5721064814814815 0.019965277777777856 0.027083333333333334
0 0.07443804824561404 0.0574561403508772 0.0203125 0.02500000000000001
0 0.15036458333333333 0.2497916666666667 0.02718750000000001 0.029305555555555578
0 0.8375 0.9260416666666667 0.01875 0.035416666666666666
0 0.49890625 0.994375 0.0171875 0.011249999999999953
