0 0.026806640625 0.5156901041666667 0.0171875 0.04791666666666667
0 0.17224506578947368 0.7020833333333333 0.0265625 0.025
0 0.36484375 0.584282700421941 0.0234375 0.025
0 0.37427884615384616 0.07275641025641025 0.01875 0.03141025641025641
0 0.7497944078947368 0.22110745614035088 0.0203125 0.03125
0 0.6921875 0.8532407407407407 0.023958333333333394 0.023611111111111072
0 0.382421875 0.8450520833333334 0.021875 0.025520833333333333
0 0.915234375 0.5578125 0.01796875 0.028125
0 0.07479440789473685 0.05603070175438596 0.0203125 0.02499999999999999
0 0.11020220588235294 0.2582720588235294 0.02334558823529411 0.03198529411764707
0 0.835546875 0.8776041666666666 0.01953125 0.028125
0 0.5075520833333333 0.99375 0.0171875 0.0125
