0 0.16328125 0.13541666666666666 0.0484375 0.06666666666666667
0 0.12805133374689825 0.06245088916459884 0.05 0.06041666666666667
0 0.41933283730158727 0.10839947089947091 0.051562499999999956 0.07083333333333335
0 0.452114050303556 0.1829041991905175 0.04375 0.06458333333333334
0 0.5237440460865088 0.24524008753861998 0.0453125 0.06458333333333334
2 0.7328357054455445 0.2727207095709571 0.0421875 0.060416666666666695
0 0.8842376781472684 0.09013509501187648 0.053125 0.06875
0 0.2609375 0.5291666666666667 0.04375 0.05625
0 0.2862230929003021 0.5267056898288016 0.0453125 0.0625
0 0.47934422348484845 0.4683396464646465 0.046875 0.06041666666666667
0 0.6676594225888325 0.4396044839255499 0.0484375 0.0625
0 0.8988978794642858 0.5715215773809524 0.0515625 0.06875
0 0.94921875 0.49583333333333335 0.0453125 0.058333333333333334
0 0.98359375 0.41354166666666664 0.0296875 0.06041666666666667
0 0.06796875 0.4552083333333333 0.0421875 0.06041666666666667
0 0.43477318548387095 0.6043212365591397 0.0515625 0.06458333333333334
0 0.42890625 0.6854166666666667 0.0515625 0.06666666666666667
0 0.2576891447368421 0.8894736842105264 0.0515625 0.07083333333333333
0 0.31834115111561867 0.965922920892495 0.04375 0.0625
0 0.50703125 0.9625 0.0484375 0.058333333333333334
0 0.7166988736749117 0.8014134275618374 0.0359375 0.04583333333333333
0 0.7737136627906976 0.823468992248062 0.05 0.06666666666666667
0 0.92265625 0.8830136138613862 0.0515625 0.06458333333333334
0 0.53984375 0.8923896590184831 0.0578125 0.07291666666666667
0 0.222265625 0.21354166666666666 0.0515625 0.06458333333333334
0 0.266015625 0.846875 0.04375 0.0625
0 0.69375 0.603125 0.046875 0.06458333333333334
0 0.35828125 0.25958333333333333 0.0453125 0.06041666666666667
0 0.88359375 0.665625 0.05 0.06458333333333334
0 0.7081107954545455 0.8471401515151515 0.0453125 0.05625
0 0.46606297348484843 0.5089646464646465 0.0453125 0.058333333333333334
0 0.935546875 0.40677083333333336 0.0421875 0.05625
0 0.863671875 0.6109375 0.0484375 0.06458333333333334
0 0.022433035714285714 0.8660289115646258 0.03440688775510205 0.061054421768707456
2 0.92265625 0.7184492481203008 0.0421875 0.03333333333333333
