0 0.0734375 0.271875 0.046875 0.06041666666666667
0 0.071875 0.43854166666666666 0.0625 0.07708333333333334
0 0.17890625 0.7604166666666666 0.0546875 0.07083333333333333
0 0.20078125 0.8552083333333333 0.0515625 0.06875
0 0.41484375 0.8802083333333334 0.0515625 0.06458333333333334
0 0.2984375 0.45416666666666666 0.046875 0.0625
0 0.428125 0.46875 0.065625 0.08333333333333333
0 0.6335431654676259 0.1866681654676259 0.046875 0.0625
0 0.7116145833333334 0.32798611111111114 0.0578125 0.07291666666666667
0 0.85546875 0.4 0.0453125 0.0625
0 0.6464576198630138 0.5676797945205478 0.059375 0.0729166666666666
0 0.653125 0.890625 0.05625 0.07708333333333334
0 0.753125 0.6645833333333333 0.05 0.07083333333333333
0 0.27890625 0.25625 0.0453125 0.06666666666666667
0 0.393297847985348 0.03603479853479853 0.053125 0.05
0 0.67265625 0.08958333333333333 0.0640625 0.07916666666666666
0 0.904296875 0.48010416666666667 0.053125 0.07291666666666667
0 0.43515625 0.303125 0.0296875 0.04375
