0 0.0734375 0.271875 0.046875 0.06041666666666667
0 0.07066062176165804 0.4369224956822107 0.0625 0.07708333333333334
0 0.15766198394495412 0.7514717125382263 0.0546875 0.07083333333333333
0 0.20078125 0.8552083333333333 0.0515625 0.06875
0 0.41484375 0.8802083333333334 0.0515625 0.06458333333333334
0 0.2939650229357798 0.45118501529051985 0.046875 0.0625
0 0.428125 0.46875 0.065625 0.08333333333333333
0 0.6317895683453237 0.18491456834532374 0.046875 0.0625
0 0.6861111111111111 0.309375 0.0578125 0.07291666666666667
0 0.8541100543478262 0.40045289855072463 0.0453125 0.0625
0 0.6422838184931507 0.5632277397260274 0.059375 0.0729166666666666
0 0.653125 0.890625 0.05625 0.07708333333333334
0 0.753125 0.6645833333333333 0.05 0.07083333333333333
0 0.29539930555555555 0.09733796296296296 0.0515625 0.07083333333333333
0 0.3883871336996337 0.032463369963369966 0.05312499999999996 0.05
0 0.6653736413043478 0.0841213768115942 0.0640625 0.07916666666666666
0 0.913888888888889 0.39872685185185186 0.046875 0.07291666666666667
0 0.43515625 0.303125 0.0296875 0.04375
