0 0.16328125 0.13541666666666666 0.0484375 0.06666666666666667
0 0.1390625 0.06979166666666667 0.05 0.06041666666666667
0 0.43984375 0.12708333333333333 0.0515625 0.07083333333333333
0 0.4503049111014744 0.18772857039606822 0.04375 0.06458333333333334
0 0.52265625 0.25104166666666666 0.0453125 0.06458333333333334
2 0.7427400914634147 0.3141006097560976 0.0421875 0.06041666666666667
0 0.888366612232779 0.09233719319081551 0.053125 0.06875
0 0.2838235294117647 0.5327818627450981 0.04375 0.05625
0 0.29921875 0.5270833333333333 0.0453125 0.0625
0 0.4938035102739726 0.4933647260273972 0.046875 0.06041666666666667
0 0.66796875 0.44166666666666665 0.0484375 0.0625
0 0.90390625 0.5822916666666667 0.0515625 0.06875
0 0.94921875 0.49583333333333335 0.0453125 0.058333333333333334
0 0.98359375 0.41354166666666664 0.0296875 0.06041666666666667
0 0.06796875 0.4552083333333333 0.0421875 0.06041666666666667
0 0.4588358274647887 0.6290346244131456 0.0515625 0.06458333333333334
0 0.42890625 0.6854166666666667 0.0515625 0.06666666666666667
0 0.27421875 0.8958333333333334 0.0515625 0.07083333333333333
0 0.321875 0.96875 0.04375 0.0625
0 0.50703125 0.9625 0.0484375 0.058333333333333334
0 0.73515625 0.8166666666666667 0.0359375 0.04583333333333333
0 0.7894021739130436 0.8379528985507246 0.050000000000000086 0.06666666666666667
0 0.9319705703883494 0.8926274271844661 0.0515625 0.06458333333333334
0 0.53984375 0.8947916666666667 0.0578125 0.07291666666666667
0 0.12042410714285715 0.28229166666666666 0.0515625 0.06458333333333334
0 0.22868303571428572 0.8171266233766233 0.04375 0.0625
0 0.46670673076923075 0.7318108974358974 0.046875 0.06458333333333334
0 0.3809727822580645 0.2979502688172043 0.0453125 0.06041666666666667
0 0.7421875 0.6877083333333334 0.05 0.06458333333333334
0 0.7265625 0.8697916666666666 0.05 0.06458333333333334
0 0.48477097602739727 0.5262414383561644 0.0453125 0.05833333333333339
0 0.9594618055555555 0.15034722222222224 0.0421875 0.056250000000000015
0 0.4126116071428571 0.3191964285714286 0.04843749999999995 0.06458333333333334
0 0.4967633928571429 0.8415178571428572 0.0453125 0.06458333333333334
0 0.025 0.88125 0.040625 0.0625
0 0.32232142857142854 0.58125 0.05625 0.06666666666666667
0 0.06372767857142857 0.3260416666666667 0.046875 0.06875
2 0.9375 0.7260416666666667 0.053125 0.03958333333333333
