0 0.16328125 0.13541666666666666 0.0484375 0.06666666666666667
0 0.1390004652605459 0.06975031017369727 0.05 0.06041666666666667
0 0.43984375 0.12708333333333333 0.0515625 0.07083333333333333
0 0.45067893538594966 0.18673117230413414 0.04375 0.06458333333333334
0 0.52265625 0.25104166666666666 0.0453125 0.06458333333333334
2 0.7404241071428571 0.3035714285714286 0.0421875 0.06041666666666667
0 0.8875129899049881 0.09188192794932701 0.053125 0.06875
0 0.2783260233918129 0.5322916666666667 0.04375 0.05625
0 0.29921875 0.5270833333333333 0.0453125 0.0625
0 0.49035744863013697 0.4894263698630137 0.046875 0.06041666666666667
0 0.66796875 0.44166666666666665 0.0484375 0.0625
0 0.90390625 0.5822916666666667 0.0515625 0.06875
0 0.94921875 0.49583333333333335 0.0453125 0.058333333333333334
0 0.98359375 0.41354166666666664 0.0296875 0.06041666666666667
0 0.06796875 0.4552083333333333 0.0421875 0.06041666666666667
0 0.4547865316901408 0.6254352503912363 0.0515625 0.06458333333333334
0 0.42890625 0.6854166666666667 0.0515625 0.06666666666666667
0 0.27253906250000004 0.8947135416666666 0.0515625 0.07083333333333333
0 0.321875 0.96875 0.04375 0.0625
0 0.50703125 0.9625 0.0484375 0.058333333333333334
0 0.7336830357142857 0.8153571428571429 0.0359375 0.04583333333333333
0 0.7862771739130435 0.833786231884058 0.050000000000000086 0.06666666666666667
0 0.9305749393203884 0.8907665857605178 0.0515625 0.06458333333333334
0 0.53984375 0.8947916666666667 0.0578125 0.07291666666666667
0 0.14701286764705884 0.2713848039215686 0.0515625 0.0645833333333333
0 0.23895089285714283 0.8221049783549784 0.04375 0.0625
0 0.5197033898305085 0.7030190677966102 0.046875 0.06458333333333334
0 0.3780222039473684 0.29577850877192985 0.0453125 0.060416666666666695
0 0.7805147058823529 0.6610906862745097 0.05 0.06458333333333334
0 0.7234581953642384 0.8664804083885209 0.05 0.06458333333333334
0 0.48083261986301373 0.5229594748858447 0.0453125 0.05833333333333327
0 0.96328125 0.19016203703703702 0.0421875 0.05625
0 0.43313419117647056 0.37665441176470593 0.0484375 0.06458333333333334
0 0.4052083333333333 0.6440972222222222 0.04531249999999996 0.06458333333333334
0 0.025 0.88125 0.040625 0.0625
0 0.368125 0.8866666666666667 0.05625 0.06666666666666667
0 0.010781250000000001 0.2677083333333333 0.021562500000000002 0.06875
2 0.9347191455696203 0.7246756329113924 0.05107594936708857 0.03841244725738401
