0 0.16328125 0.13541666666666666 0.0484375 0.06666666666666667
0 0.12078010948905109 0.052463503649635035 0.05 0.06041666666666667
0 0.4094393060420315 0.11383172796263864 0.0515625 0.07083333333333333
0 0.45299625975715524 0.180551640647586 0.04375 0.06458333333333334
0 0.5244424240473738 0.24151540508067282 0.0453125 0.0645833333333333
2 0.7212195889261744 0.25754334451901567 0.0421875 0.06041666666666667
0 0.8822242428741094 0.08906126286619159 0.053125 0.06875
0 0.24875293427230044 0.5112235915492958 0.04375 0.05624999999999994
0 0.2826378398791541 0.5239740684793556 0.0453125 0.0625
0 0.4703539299242424 0.46148989898989895 0.046875 0.06041666666666667
0 0.6672291402284264 0.43673593485617596 0.0484375 0.0625
0 0.8754634533898304 0.5639536252354048 0.0515625 0.06874999999999994
0 0.94921875 0.49583333333333335 0.0453125 0.058333333333333334
0 0.98359375 0.41354166666666664 0.0296875 0.06041666666666667
0 0.06796875 0.4552083333333333 0.0421875 0.06041666666666667
0 0.41763980263157896 0.5979316188197767 0.0515625 0.06458333333333334
0 0.42680298046251997 0.6812101275917065 0.0515625 0.06666666666666667
0 0.246142578125 0.8833333333333333 0.0515625 0.07083333333333333
0 0.31490238336713994 0.9631719066937119 0.04375 0.0625
0 0.50703125 0.9625 0.0484375 0.058333333333333334
0 0.6998531484962406 0.79375 0.0359375 0.04583333333333333
0 0.7632482394366197 0.8122065727699531 0.05 0.06666666666666667
0 0.9167324862637363 0.8788919413919414 0.0515625 0.06458333333333334
0 0.53984375 0.8897964467813894 0.0578125 0.07291666666666667
0 0.21975446428571427 0.24925595238095238 0.0515625 0.06458333333333334
0 0.3092361111111111 0.8817361111111112 0.0421875 0.0625
0 0.7905539772727274 0.4973484848484848 0.04687500000000009 0.06458333333333334
0 0.34229910714285716 0.246875 0.0453125 0.06041666666666667
0 0.7850142045454545 0.7850378787878788 0.04999999999999991 0.06458333333333334
0 0.6967281484962407 0.846734022556391 0.0453125 0.05625
0 0.4570726799242424 0.5021148989898989 0.0453125 0.058333333333333334
0 0.01705109126984127 0.8578278533635678 0.029793792517006805 0.0692554799697657
2 0.92265625 0.7164097744360902 0.0421875 0.03333333333333333
