0 0.16328125 0.13541666666666666 0.0484375 0.06666666666666667
0 0.1266865694789082 0.06154104631927213 0.05 0.06041666666666667
0 0.4149677579365079 0.10985449735449736 0.051562499999999956 0.07083333333333335
0 0.4522929314830876 0.1824271827117664 0.04375 0.06458333333333334
0 0.523885652677652 0.24448485238585652 0.0453125 0.06458333333333334
2 0.7294322400990099 0.27090552805280527 0.0421875 0.06041666666666667
0 0.8838294239904988 0.08991735946159937 0.053125 0.06875
0 0.2603658536585366 0.5239075203252033 0.04375 0.05625000000000006
0 0.28549612915407857 0.5261518126888217 0.0453125 0.0625
0 0.47752130681818183 0.46695075757575755 0.046875 0.06041666666666667
0 0.6675721763959391 0.4390228426395939 0.0484375 0.0625
0 0.89091796875 0.570703125 0.0515625 0.06875
0 0.94921875 0.49583333333333335 0.0453125 0.058333333333333334
0 0.98359375 0.41354166666666664 0.0296875 0.06041666666666667
0 0.06796875 0.4552083333333333 0.0421875 0.06041666666666667
0 0.4316683467741935 0.6019556451612903 0.0515625 0.06458333333333334
0 0.4285274621212121 0.6846590909090909 0.0515625 0.06666666666666667
0 0.2540707236842105 0.8862573099415204 0.0515625 0.07083333333333333
0 0.3176438894523327 0.9653651115618661 0.04375 0.0625
0 0.50703125 0.9625 0.0484375 0.058333333333333334
0 0.7149983436395759 0.8001177856301531 0.0359375 0.04583333333333333
0 0.7720811631944444 0.8214699074074073 0.05 0.06666666666666667
0 0.92265625 0.8818034928492849 0.0515625 0.06458333333333334
0 0.53984375 0.8918638463989802 0.0578125 0.07291666666666667
0 0.2227363782051282 0.218616452991453 0.0515625 0.06458333333333334
0 0.28250000000000003 0.8579166666666667 0.040625 0.0625
0 0.7128605769230769 0.5832532051282051 0.046875 0.06458333333333334
0 0.35598958333333336 0.25729166666666664 0.0453125 0.06041666666666667
0 0.8401041666666667 0.6649305555555556 0.05 0.06458333333333334
0 0.7068607954545454 0.8460290404040405 0.0453125 0.05625
0 0.4642400568181818 0.5075757575757576 0.0453125 0.058333333333333334
0 0.9503348214285714 0.4269345238095238 0.0421875 0.05625
0 0.9481026785714286 0.5873511904761906 0.0484375 0.06458333333333334
0 0.021341765873015874 0.8643660241874528 0.03347151360544218 0.06271730914588064
2 0.92265625 0.7180357142857142 0.0421875 0.03333333333333333
