0 0.16328125 0.13541666666666666 0.0484375 0.06666666666666667
0 0.12057481751824817 0.052144160583941605 0.04999999999999999 0.06041666666666667
0 0.409291538966725 0.11396307647402218 0.051562499999999956 0.07083333333333332
0 0.4530206526452732 0.18048659294593813 0.04375 0.06458333333333334
0 0.5244617340370752 0.24141241846893238 0.0453125 0.06458333333333334
2 0.7209558823529412 0.25704656862745096 0.0421875 0.06041666666666667
0 0.8821685718527317 0.08903157165479018 0.053125 0.06875
0 0.24844483568075115 0.5108714788732395 0.04375 0.05625
0 0.28253870845921447 0.5238985397784491 0.0453125 0.0625
0 0.46997940891472867 0.4611757105943152 0.046875 0.06041666666666667
0 0.6672172430203045 0.43665662013536377 0.0484375 0.0625
0 0.875145656779661 0.5636711393596987 0.0515625 0.06875000000000006
0 0.94921875 0.49583333333333335 0.0453125 0.058333333333333334
0 0.98359375 0.41354166666666664 0.0296875 0.06041666666666667
0 0.06796875 0.4552083333333333 0.0421875 0.06041666666666667
0 0.41714638157894735 0.5978120015948963 0.051562499999999956 0.06458333333333334
0 0.42674317185007976 0.6810905103668261 0.0515625 0.06666666666666667
0 0.24593331473214283 0.8833333333333333 0.0515625 0.07083333333333333
0 0.3148073022312373 0.9630958417849899 0.04375 0.0625
0 0.50703125 0.9625 0.0484375 0.058333333333333334
0 0.6994302161654136 0.79375 0.0359375 0.04583333333333333
0 0.7629841549295775 0.8119424882629108 0.05 0.06666666666666667
0 0.9164234203296703 0.8788232600732601 0.0515625 0.06458333333333334
0 0.53984375 0.8897247450605481 0.0578125 0.07291666666666667
0 0.21960565476190474 0.25044642857142857 0.051562499999999976 0.06458333333333337
0 0.3093402777777778 0.8821527777777778 0.0421875 0.0625
0 0.7926846590909091 0.4956439393939394 0.04687500000000009 0.06458333333333334
0 0.34170386904761907 0.246875 0.0453125 0.06041666666666667
0 0.7845880681818181 0.7901515151515152 0.05 0.06458333333333334
0 0.6963052161654135 0.8468280075187969 0.0453125 0.05625
0 0.4568495639534884 0.5018814599483205 0.0453125 0.058333333333333334
0 0.01690228174603175 0.8576010959939531 0.02966624149659864 0.06948223733938015
2 0.92265625 0.7163533834586466 0.0421875 0.03333333333333333
