0 0.16328125 0.13541666666666666 0.0484375 0.06666666666666667
0 0.1384731699751861 0.0693987799834574 0.05 0.06041666666666667
0 0.43984375 0.12708333333333333 0.0515625 0.07083333333333333
0 0.45074804856895057 0.1865468704827985 0.04375 0.06458333333333334
0 0.5226626866632338 0.2510073377960865 0.0453125 0.06458333333333334
2 0.7396651785714285 0.3023065476190476 0.0421875 0.06041666666666667
0 0.8873552553444182 0.0917978028503563 0.053125 0.06875
0 0.27770467836257307 0.5322916666666667 0.04375 0.05625
0 0.29921875 0.5270833333333333 0.0453125 0.0625
0 0.48972067636986305 0.48869863013698633 0.046875 0.06041666666666667
0 0.66796875 0.44166666666666665 0.0484375 0.0625
0 0.90390625 0.5822916666666667 0.0515625 0.06875
0 0.94921875 0.49583333333333335 0.0453125 0.058333333333333334
0 0.98359375 0.41354166666666664 0.0296875 0.06041666666666667
0 0.06796875 0.4552083333333333 0.0421875 0.06041666666666667
0 0.4540382922535211 0.6247701486697965 0.0515625 0.06458333333333334
0 0.42890625 0.6854166666666667 0.0515625 0.06666666666666667
0 0.271875 0.8942708333333333 0.0515625 0.07083333333333333
0 0.321875 0.96875 0.04375 0.0625
0 0.50703125 0.9625 0.0484375 0.058333333333333334
0 0.7325446428571428 0.8143452380952382 0.0359375 0.04583333333333333
0 0.7856997282608695 0.833016304347826 0.05 0.06666666666666667
0 0.9303170509708737 0.8904227346278317 0.0515625 0.06458333333333334
0 0.53984375 0.8947916666666667 0.0578125 0.07291666666666667
0 0.15529513888888888 0.2674768518518518 0.0515625 0.06458333333333334
0 0.24044251824817517 0.8229166666666666 0.04375 0.0625
0 0.5314088983050848 0.6958156779661018 0.046875 0.06458333333333334
0 0.3776726973684211 0.2920504385964912 0.0453125 0.06041666666666664
0 0.7956597222222221 0.6471064814814814 0.04999999999999991 0.06458333333333334
0 0.722578642384106 0.8655422185430464 0.05 0.06458333333333334
0 0.48010488013698627 0.5223530251141553 0.0453125 0.05833333333333339
0 0.9583180147058824 0.221875 0.0421875 0.05625
0 0.420703125 0.43072916666666666 0.0484375 0.06458333333333334
0 0.3850142045454546 0.6088068181818183 0.04531250000000005 0.06458333333333334
0 0.025 0.88125 0.040625 0.0625
0 0.378125 0.9583333333333334 0.05625 0.06666666666666667
2 0.9340803006329115 0.7243618143459916 0.050605221518987345 0.03814345991561178
