0 0.16409254807692308 0.1361378205128205 0.0484375 0.06666666666666665
0 0.11865875912408759 0.04916362530413625 0.05 0.06041666666666667
0 0.4079123795971979 0.11518899591360186 0.0515625 0.07083333333333333
0 0.4532483196010408 0.17987948106389132 0.04375 0.06458333333333334
0 0.524641960607621 0.24045121009268797 0.0453125 0.06458333333333337
2 0.7183823529411765 0.25247140522875816 0.0421875 0.06041666666666667
0 0.8816489756532067 0.08875445368171021 0.053125 0.06875
0 0.2455692488262911 0.5075850938967136 0.04375 0.05625
0 0.2816134818731118 0.5231936052366566 0.0453125 0.0625
0 0.46624878875968995 0.45801033591731266 0.046875 0.06041666666666667
0 0.6671062024111676 0.4359163494077834 0.0484375 0.0625
0 0.871844951923077 0.5600160256410257 0.0515625 0.06875
0 0.94921875 0.49583333333333335 0.0453125 0.058333333333333334
0 0.98359375 0.41354166666666664 0.0296875 0.06041666666666667
0 0.06796875 0.4552083333333333 0.0421875 0.06041666666666667
0 0.4127403846153846 0.5954326923076924 0.051562499999999956 0.06458333333333334
0 0.4261849581339713 0.6799740829346093 0.0515625 0.06666666666666667
0 0.24398018973214283 0.8833333333333333 0.0515625 0.07083333333333333
0 0.3140625 0.959375 0.04375 0.0625
0 0.50703125 0.9625 0.0484375 0.058333333333333334
0 0.6963299418604652 0.7898982558139536 0.0359375 0.04583333333333333
0 0.7605193661971831 0.8094776995305164 0.05 0.06666666666666667
0 0.9135388049450549 0.8781822344322344 0.0515625 0.06458333333333334
0 0.53984375 0.8890555289993627 0.0578125 0.07291666666666667
0 0.2233963815789474 0.26299342105263157 0.051562500000000025 0.0645833333333333
0 0.30111607142857144 0.8934523809523809 0.0421875 0.0625
0 0.8196134868421053 0.47505482456140347 0.04687500000000009 0.06458333333333334
0 0.3404962225274725 0.24323489010989008 0.0453125 0.06041666666666664
0 0.8016741071428571 0.8391369047619047 0.05 0.06458333333333334
0 0.6941678779069768 0.8417393410852713 0.0453125 0.05625
0 0.4548146802325581 0.49962047803617576 0.0453125 0.058333333333333334
0 0.015513392857142858 0.855484693877551 0.028475765306122454 0.07159863945578225
2 0.92265625 0.7158270676691729 0.0421875 0.03333333333333333
