0 0.0734375 0.271875 0.046875 0.06041666666666667
0 0.06847474093264248 0.43400798791019 0.0625 0.07708333333333334
0 0.1399356617647059 0.7438725490196079 0.0546875 0.07083333333333333
0 0.19680989583333336 0.8631770833333333 0.051562500000000025 0.06875
0 0.41484375 0.8802083333333334 0.0515625 0.06458333333333334
0 0.2894649621212121 0.44854797979797983 0.046875 0.0625
0 0.428125 0.46875 0.065625 0.08333333333333333
0 0.6305755395683453 0.18370053956834534 0.046875 0.0625
0 0.6581919642857142 0.3059226190476191 0.0578125 0.07291666666666667
0 0.851664402173913 0.401268115942029 0.0453125 0.0625
0 0.6389914772727272 0.5614583333333333 0.059375 0.07291666666666667
0 0.653125 0.890625 0.05625 0.07708333333333334
0 0.753125 0.6645833333333333 0.05 0.07083333333333333
0 0.3991268382352941 0.14779411764705883 0.0515625 0.07083333333333333
0 0.3849874084249084 0.02999084249084249 0.05312499999999996 0.05
0 0.6595040760869566 0.07971920289855072 0.0640625 0.07916666666666666
0 0.9494485294117647 0.38841911764705883 0.046875 0.07291666666666667
0 0.4346115757042254 0.3016725352112676 0.0278719190140845 0.0408450704225352
