0 0.16328125 0.13541666666666666 0.0484375 0.06666666666666667
0 0.1382870657568238 0.06927471050454921 0.05 0.06041666666666666
0 0.43984375 0.12708333333333333 0.0515625 0.07083333333333333
0 0.4507724414570685 0.1864818227811506 0.04375 0.06458333333333334
0 0.5226819966529351 0.250904351184346 0.0453125 0.06458333333333334
2 0.7393973214285714 0.30186011904761906 0.0421875 0.06041666666666667
0 0.8872995843230405 0.09176811163895486 0.053125 0.06875
0 0.27748538011695906 0.5322916666666667 0.04375 0.05625
0 0.29921875 0.5270833333333333 0.0453125 0.0625
0 0.48949593321917806 0.4884417808219178 0.046875 0.06041666666666667
0 0.66796875 0.44166666666666665 0.0484375 0.0625
0 0.90390625 0.5822916666666667 0.0515625 0.06875
0 0.94921875 0.49583333333333335 0.0453125 0.058333333333333334
0 0.98359375 0.41354166666666664 0.0296875 0.06041666666666667
0 0.06796875 0.4552083333333333 0.0421875 0.06041666666666667
0 0.4537742077464789 0.6245354068857589 0.0515625 0.06458333333333334
0 0.42890625 0.6854166666666667 0.0515625 0.06666666666666667
0 0.27164062499999997 0.8941145833333334 0.0515625 0.07083333333333333
0 0.321875 0.96875 0.04375 0.0625
0 0.50703125 0.9625 0.0484375 0.058333333333333334
0 0.7321428571428571 0.8139880952380952 0.0359375 0.04583333333333333
0 0.7854959239130436 0.8327445652173913 0.050000000000000086 0.06666666666666667
0 0.930226031553398 0.8903013754045308 0.0515625 0.06458333333333334
0 0.53984375 0.8947916666666667 0.0578125 0.07291666666666667
0 0.15946180555555556 0.2667824074074074 0.0515625 0.0645833333333333
0 0.23989507299270074 0.8229166666666666 0.04375 0.0625
0 0.5355402542372881 0.6932733050847458 0.046875 0.06458333333333334
0 0.3775493421052632 0.290734649122807 0.04531250000000005 0.06041666666666667
0 0.787326388888889 0.6603009259259259 0.05 0.06458333333333334
0 0.7222682119205298 0.8652110927152318 0.05 0.06458333333333334
0 0.4798480308219178 0.5221389840182648 0.0453125 0.05833333333333327
0 0.9566636029411765 0.221875 0.0421875 0.05625
0 0.42890625 0.43854166666666666 0.0484375 0.06458333333333334
0 0.37734375 0.596875 0.0453125 0.06458333333333334
0 0.025 0.88125 0.040625 0.0625
0 0.37481617647058824 0.9678921568627452 0.05404411764705883 0.05343137254901968
2 0.9338548259493671 0.7242510548523207 0.050439082278481 0.038048523206751145
