0 0.16328125 0.13541666666666666 0.0484375 0.06666666666666667
0 0.13639500620347395 0.06801333746898264 0.05 0.060416666666666674
0 0.43716517857142856 0.12261904761904763 0.0515625 0.07083333333333335
0 0.45102043581960105 0.18582050448106388 0.04375 0.06458333333333334
0 0.5228783148815654 0.2498573206316512 0.0453125 0.06458333333333334
2 0.7366741071428572 0.29732142857142857 0.0421875 0.06041666666666667
0 0.8867335956057006 0.09146625098970705 0.053125 0.06875
0 0.2752558479532164 0.5322916666666667 0.04375 0.05625
0 0.29921875 0.5270833333333333 0.0453125 0.0625
0 0.487211044520548 0.4858304794520548 0.046875 0.06041666666666667
0 0.66796875 0.44166666666666665 0.0484375 0.0625
0 0.9067471590909092 0.5848169191919191 0.0515625 0.06875
0 0.94921875 0.49583333333333335 0.0453125 0.058333333333333334
0 0.98359375 0.41354166666666664 0.0296875 0.06041666666666667
0 0.06796875 0.4552083333333333 0.0421875 0.06041666666666667
0 0.4510893485915493 0.6221488654147105 0.0515625 0.06458333333333334
0 0.42890625 0.6854166666666667 0.0515625 0.06666666666666667
0 0.26925781249999997 0.8925260416666667 0.0515625 0.07083333333333333
0 0.321875 0.96875 0.04375 0.0625
0 0.50703125 0.9625 0.0484375 0.058333333333333334
0 0.7280580357142857 0.8103571428571429 0.0359375 0.04583333333333333
0 0.7834239130434784 0.829981884057971 0.050000000000000086 0.06666666666666667
0 0.9293006674757281 0.8890675566343041 0.0515625 0.06458333333333334
0 0.53984375 0.8947916666666667 0.0578125 0.07291666666666667
0 0.21330740062761508 0.20329933751743376 0.051562500000000025 0.06458333333333334
0 0.2343293795620438 0.8229166666666666 0.04375 0.0625
0 0.5733552631578948 0.6695723684210526 0.046875 0.06458333333333334
0 0.3749289772727273 0.28612689393939394 0.0453125 0.06041666666666667
0 0.806875 0.6952083333333333 0.05 0.06458333333333334
0 0.7191121688741722 0.861844646799117 0.05 0.06458333333333334
0 0.47723672945205475 0.519962899543379 0.0453125 0.058333333333333334
0 0.942322198275862 0.23918821839080462 0.0421875 0.05625000000000003
0 0.5764756944444445 0.35405092592592596 0.0484375 0.06458333333333334
0 0.3368923611111111 0.47627314814814814 0.0453125 0.06458333333333334
0 0.025 0.88125 0.040625 0.0625
2 0.9315625000000001 0.723125 0.04874999999999989 0.03708333333333336
