0 0.16328125 0.13541666666666666 0.0484375 0.06666666666666667
0 0.1390625 0.06979166666666667 0.05 0.06041666666666667
0 0.43984375 0.12708333333333333 0.0515625 0.07083333333333333
0 0.450528512575889 0.18713229979762938 0.04375 0.06458333333333334
0 0.52265625 0.25104166666666666 0.0453125 0.06458333333333334
2 0.7416920731707317 0.30711382113821134 0.0421875 0.06041666666666667
0 0.8878562945368171 0.09206502375296913 0.053125 0.06875
0 0.2796783625730994 0.5322916666666667 0.04375 0.05625
0 0.29921875 0.5270833333333333 0.0453125 0.0625
0 0.49174336472602737 0.4910102739726028 0.046875 0.06041666666666667
0 0.66796875 0.44166666666666665 0.0484375 0.0625
0 0.90390625 0.5822916666666667 0.0515625 0.06875
0 0.94921875 0.49583333333333335 0.0453125 0.058333333333333334
0 0.98359375 0.41354166666666664 0.0296875 0.06041666666666667
0 0.06796875 0.4552083333333333 0.0421875 0.06041666666666667
0 0.4564150528169014 0.6268828247261345 0.0515625 0.06458333333333334
0 0.42890625 0.6854166666666667 0.0515625 0.06666666666666667
0 0.273984375 0.8956770833333334 0.0515625 0.07083333333333333
0 0.321875 0.96875 0.04375 0.0625
0 0.50703125 0.9625 0.0484375 0.058333333333333334
0 0.73515625 0.8166666666666667 0.0359375 0.04583333333333333
0 0.7875339673913043 0.8354619565217392 0.04999999999999991 0.06666666666666667
0 0.9311362257281554 0.8915149676375405 0.0515625 0.06458333333333334
0 0.53984375 0.8947916666666667 0.0578125 0.07291666666666667
0 0.14075838414634145 0.28254573170731706 0.0515625 0.06458333333333334
0 0.23482142857142857 0.8201028138528138 0.04375 0.0625
0 0.49793198529411764 0.7239583333333334 0.046875 0.06458333333333334
0 0.3787828947368421 0.30389254385964914 0.0453125 0.06041666666666667
0 0.7609375 0.7052083333333333 0.05 0.06458333333333334
0 0.7253725165562914 0.8685223509933775 0.05 0.06458333333333334
0 0.4824165239726027 0.5242793949771689 0.0453125 0.05833333333333327
0 0.9497395833333334 0.19166666666666668 0.0421875 0.05625
0 0.4370028409090909 0.26922348484848485 0.0484375 0.0645833333333333
0 0.44424715909090906 0.7321022727272728 0.0453125 0.06458333333333334
0 0.025 0.88125 0.040625 0.0625
0 0.33046875 0.7645833333333333 0.05625 0.06666666666666667
0 0.02578125 0.296875 0.03125 0.06875
2 0.9361095727848102 0.7253586497890295 0.052100474683544284 0.038997890295358675
