0 0.16328125 0.13541666666666666 0.0484375 0.06666666666666667
0 0.1373565446650124 0.06865436311000828 0.05 0.060416666666666674
0 0.43879332983193275 0.1253326330532213 0.0515625 0.07083333333333333
0 0.45089440589765833 0.18615658427291126 0.04375 0.06458333333333334
0 0.5227785466014419 0.2503894181256437 0.0453125 0.06458333333333337
2 0.7380580357142856 0.2996279761904762 0.0421875 0.06041666666666667
0 0.887021229216152 0.09161965558194775 0.053125 0.06875
0 0.2763888888888889 0.5322916666666667 0.04375 0.05625
0 0.29921875 0.5270833333333333 0.0453125 0.0625
0 0.48837221746575343 0.4871575342465754 0.046875 0.06041666666666667
0 0.66796875 0.44166666666666665 0.0484375 0.0625
0 0.9045454545454545 0.5828598484848484 0.0515625 0.06875
0 0.94921875 0.49583333333333335 0.0453125 0.058333333333333334
0 0.98359375 0.41354166666666664 0.0296875 0.06041666666666667
0 0.06796875 0.4552083333333333 0.0421875 0.06041666666666667
0 0.4524537852112676 0.6233616979655712 0.0515625 0.06458333333333334
0 0.42890625 0.6854166666666667 0.0515625 0.06666666666666667
0 0.27046875 0.8933333333333333 0.0515625 0.07083333333333333
0 0.321875 0.96875 0.04375 0.0625
0 0.50703125 0.9625 0.0484375 0.058333333333333334
0 0.7301339285714286 0.812202380952381 0.0359375 0.04583333333333333
0 0.7844769021739131 0.8313858695652174 0.05 0.06666666666666667
0 0.9297709344660194 0.8896945792880259 0.0515625 0.06458333333333334
0 0.53984375 0.8947916666666667 0.0578125 0.07291666666666667
0 0.21930803571428573 0.24732142857142858 0.0515625 0.06458333333333334
0 0.23715784671532844 0.8229166666666666 0.04375 0.0625
0 0.5536684782608695 0.6819293478260869 0.046875 0.06458333333333334
0 0.3763967803030303 0.2875946969696969 0.0453125 0.06041666666666664
0 0.7849999999999999 0.7149305555555556 0.05 0.06458333333333334
0 0.7207160596026491 0.863555463576159 0.05 0.06458333333333334
0 0.47856378424657536 0.5210687785388128 0.0453125 0.058333333333333334
0 0.9490032327586206 0.23250718390804598 0.0421875 0.05625
0 0.49442708333333335 0.4064583333333333 0.0484375 0.06458333333333334
0 0.35953124999999997 0.5388194444444444 0.0453125 0.06458333333333334
0 0.025 0.88125 0.040625 0.0625
2 0.9327274525316456 0.7236972573839663 0.04960838607594944 0.03757383966244727
