0 0.16708165322580645 0.13947580645161292 0.0484375 0.06666666666666668
0 0.11638104838709677 0.046229838709677416 0.05 0.06041666666666666
0 0.40645933669001755 0.11648058960887334 0.051562500000000046 0.07083333333333335
0 0.4534881830008673 0.17923984533102053 0.04375 0.06458333333333334
0 0.5248318421730176 0.23943850841057332 0.0453125 0.06458333333333337
2 0.7157079259776536 0.24821345437616388 0.0421875 0.06041666666666667
0 0.8808467741935484 0.08821908602150537 0.053125 0.06875
0 0.23997231012658227 0.5015954641350211 0.04375 0.05625
0 0.2806386895770393 0.5224509063444108 0.0453125 0.0625
0 0.027170138888888883 0.3282407407407407 0.0515625 0.06666666666666667
0 0.46231831395348844 0.45467538759689924 0.046875 0.06041666666666667
0 0.6669892131979696 0.43513642131979696 0.0484375 0.0625
0 0.8666529605263158 0.5518092105263157 0.0515625 0.06874999999999994
0 0.94921875 0.49583333333333335 0.0453125 0.058333333333333334
0 0.98359375 0.41354166666666664 0.0296875 0.06041666666666667
0 0.06796875 0.4552083333333333 0.0421875 0.06041666666666667
0 0.4077172256097561 0.5852896341463415 0.0515625 0.06458333333333334
0 0.4255968401116427 0.6787978468899522 0.0515625 0.06666666666666667
0 0.24213910398230087 0.8811209439528024 0.0515625 0.07083333333333333
0 0.3167534722222222 0.9429783950617284 0.04375 0.0625
0 0.50703125 0.9625 0.0484375 0.058333333333333334
0 0.6931140988372093 0.7856104651162791 0.0359375 0.04583333333333333
0 0.7579225352112676 0.806880868544601 0.05 0.06666666666666667
0 0.9100771360759493 0.878125 0.0515625 0.06458333333333334
0 0.5394418207395498 0.8882201232583066 0.0578125 0.07291666666666667
0 0.2400173611111111 0.34432870370370366 0.0515625 0.06458333333333334
0 0.2794243847150259 0.9227763385146804 0.0421875 0.0625
0 0.8507472826086957 0.4439764492753623 0.046875 0.06458333333333334
0 0.3394831730769231 0.23918269230769235 0.0453125 0.060416666666666695
0 0.8100694444444445 0.8922453703703703 0.05 0.06458333333333334
0 0.6920239825581396 0.8360222868217054 0.0453125 0.05625
0 0.4526707848837209 0.49723837209302324 0.0453125 0.058333333333333334
0 0.014050099206349207 0.8532549130763416 0.02722151360544218 0.07382842025699171
2 0.92265625 0.7152725563909775 0.0421875 0.03333333333333333
