0 0.16328125 0.13541666666666666 0.0484375 0.06666666666666667
0 0.11941149635036497 0.05033454987834549 0.05 0.06041666666666666
0 0.408454192206655 0.11470738470519558 0.0515625 0.07083333333333335
0 0.45315887901127494 0.18011798930326683 0.04375 0.06458333333333334
0 0.5245711573120494 0.2408288276690697 0.0453125 0.06458333333333337
2 0.7193933823529413 0.25426879084967324 0.0421875 0.060416666666666695
0 0.8818531027315915 0.08886332145684878 0.053125 0.06875
0 0.24669894366197184 0.5088761737089201 0.04375 0.05624999999999994
0 0.2819769637462236 0.5234705438066466 0.0453125 0.0625
0 0.4677143895348837 0.45925387596899225 0.046875 0.06041666666666667
0 0.6671498255076143 0.43620717005076143 0.0484375 0.0625
0 0.873344809322034 0.5620703860640301 0.0515625 0.06875
0 0.94921875 0.49583333333333335 0.0453125 0.058333333333333334
0 0.98359375 0.41354166666666664 0.0296875 0.06041666666666667
0 0.06796875 0.4552083333333333 0.0421875 0.06041666666666667
0 0.4143503289473684 0.5971341706539075 0.0515625 0.06458333333333334
0 0.42640425637958534 0.6804126794258373 0.0515625 0.06666666666666667
0 0.2447474888392857 0.8833333333333333 0.0515625 0.07083333333333333
0 0.31426850912778903 0.9626648073022313 0.04375 0.0625
0 0.50703125 0.9625 0.0484375 0.058333333333333334
0 0.6975290697674419 0.7914970930232559 0.0359375 0.04583333333333333
0 0.761487676056338 0.8104460093896714 0.05 0.06666666666666667
0 0.9146720467032967 0.8784340659340659 0.0515625 0.06458333333333334
0 0.53984375 0.8893184353091141 0.0578125 0.07291666666666667
0 0.2197779605263158 0.26058114035087715 0.0515625 0.0645833333333333
0 0.30993055555555554 0.8845138888888889 0.0421875 0.0625
0 0.8096628289473685 0.47987938596491225 0.04687500000000009 0.06458333333333334
0 0.3408739697802198 0.24474587912087914 0.0453125 0.06041666666666667
0 0.7847005208333334 0.8409722222222222 0.050000000000000086 0.06458333333333334
0 0.6949672965116279 0.8438711240310077 0.0453125 0.05625
0 0.45561409883720927 0.5005087209302326 0.0453125 0.058333333333333334
0 0.016059027777777776 0.8563161375661376 0.02894345238095238 0.07076719576719578
2 0.92265625 0.7160338345864662 0.0421875 0.03333333333333333
