0 0.16328125 0.13541666666666666 0.0484375 0.06666666666666667
0 0.1390625 0.06979166666666667 0.05 0.06041666666666667
0 0.43984375 0.12708333333333333 0.0515625 0.07083333333333333
0 0.45055290546400695 0.1870672520959815 0.04375 0.06458333333333334
0 0.52265625 0.25104166666666666 0.0453125 0.06458333333333334
2 0.741577743902439 0.3063516260162602 0.0421875 0.06041666666666667
0 0.8878006235154394 0.0920353325415677 0.053125 0.06875
0 0.27945906432748535 0.5322916666666667 0.04375 0.05625
0 0.29921875 0.5270833333333333 0.0453125 0.0625
0 0.49151862157534243 0.4907534246575343 0.046875 0.06041666666666667
0 0.66796875 0.44166666666666665 0.0484375 0.0625
0 0.90390625 0.5822916666666667 0.0515625 0.06875
0 0.94921875 0.49583333333333335 0.0453125 0.058333333333333334
0 0.98359375 0.41354166666666664 0.0296875 0.06041666666666667
0 0.06796875 0.4552083333333333 0.0421875 0.06041666666666667
0 0.4561509683098592 0.6266480829420971 0.0515625 0.06458333333333334
0 0.42890625 0.6854166666666667 0.0515625 0.06666666666666667
0 0.27375 0.8955208333333334 0.0515625 0.07083333333333333
0 0.321875 0.96875 0.04375 0.0625
0 0.50703125 0.9625 0.0484375 0.058333333333333334
0 0.73515625 0.8166666666666667 0.0359375 0.04583333333333333
0 0.7873301630434784 0.8351902173913043 0.050000000000000086 0.06666666666666667
0 0.9310452063106796 0.8913936084142394 0.0515625 0.06458333333333334
0 0.53984375 0.8947916666666667 0.0578125 0.07291666666666667
0 0.14167301829268292 0.28071646341463413 0.0515625 0.06458333333333334
0 0.23549107142857145 0.8204274891774891 0.04375 0.0625
0 0.5005514705882353 0.7231004901960784 0.046875 0.06458333333333334
0 0.37865953947368425 0.3025767543859649 0.04531250000000005 0.06041666666666667
0 0.7579044117647059 0.6994485294117647 0.05 0.06458333333333334
0 0.7250620860927153 0.8681912251655629 0.05 0.06458333333333334
0 0.48215967465753423 0.5240653538812785 0.0453125 0.058333333333333334
0 0.9527083333333334 0.20659722222222224 0.0421875 0.05625
0 0.44781250000000006 0.27749999999999997 0.0484375 0.0645833333333333
0 0.4390625 0.71875 0.0453125 0.06458333333333334
0 0.025 0.88125 0.040625 0.0625
0 0.3359375 0.7883333333333333 0.05625 0.06666666666666667
0 0.026041666666666664 0.2871527777777778 0.03645833333333333 0.06875000000000003
2 0.9358840981012658 0.7252478902953586 0.05193433544303794 0.03890295358649792
