0 0.16328125 0.13541666666666666 0.0484375 0.06666666666666667
0 0.13440989454094293 0.06668992969396195 0.05 0.06041666666666666
0 0.43380383403361344 0.11701680672268908 0.0515625 0.07083333333333333
0 0.45128062662619256 0.18512666233015324 0.04375 0.06458333333333334
0 0.5230842881050464 0.24875879677308615 0.0453125 0.06458333333333334
2 0.73515625 0.29131944444444446 0.0421875 0.060416666666666695
0 0.8861397713776722 0.09114954473475852 0.053125 0.06875
0 0.27163915094339625 0.5300511006289308 0.04375 0.05624999999999994
0 0.29614762931034483 0.5270833333333333 0.0453125 0.0625
0 0.4804227941176471 0.478860294117647 0.046875 0.06041666666666667
0 0.66796875 0.44166666666666665 0.0484375 0.0625
0 0.90673828125 0.5846028645833333 0.0515625 0.06875
0 0.94921875 0.49583333333333335 0.0453125 0.058333333333333334
0 0.98359375 0.41354166666666664 0.0296875 0.06041666666666667
0 0.06796875 0.4552083333333333 0.0421875 0.06041666666666667
0 0.44760044642857144 0.6176339285714286 0.0515625 0.06458333333333334
0 0.42890625 0.6854166666666667 0.0515625 0.06666666666666667
0 0.26675781249999997 0.890859375 0.0515625 0.07083333333333333
0 0.3215897565922921 0.9685218052738337 0.04375 0.0625
0 0.50703125 0.9625 0.0484375 0.058333333333333334
0 0.7246217977031801 0.8074499411071849 0.0359375 0.04583333333333333
0 0.7775852272727273 0.8291666666666667 0.05 0.06666666666666667
0 0.9232514880952382 0.8885416666666667 0.0515625 0.06458333333333334
0 0.53984375 0.8947916666666667 0.0578125 0.07291666666666667
0 0.2137258106694561 0.20608873779637377 0.051562500000000025 0.06458333333333334
0 0.22848996350364964 0.8229166666666666 0.04375 0.0625
0 0.5964285714285714 0.6552083333333333 0.046875 0.06458333333333334
0 0.37189867424242423 0.2830965909090909 0.0453125 0.06041666666666664
0 0.8383928571428572 0.7004464285714286 0.05 0.06458333333333334
0 0.715805785123967 0.859495523415978 0.05 0.06458333333333334
0 0.47454117063492063 0.5174272486772487 0.0453125 0.05833333333333327
0 0.9315848214285714 0.27038690476190474 0.0421875 0.056249999999999974
0 0.5824776785714285 0.5581845238095239 0.0484375 0.0645833333333334
0 0.2708705357142857 0.37544642857142857 0.0453125 0.06458333333333334
0 0.024765625 0.8775 0.03921875 0.06124999999999995
2 0.9291574367088608 0.7219435654008438 0.04697784810126589 0.03607067510548525
