0 0.16328125 0.13541666666666666 0.0484375 0.06666666666666667
0 0.13692230148883375 0.0683648676592225 0.05 0.06041666666666667
0 0.4380580357142857 0.12410714285714285 0.0515625 0.07083333333333333
0 0.45095132263660015 0.18600480630239954 0.04375 0.06458333333333334
0 0.5228236032440783 0.2501491160315826 0.0453125 0.06458333333333334
2 0.7374330357142858 0.29858630952380955 0.0421875 0.06041666666666667
0 0.8868913301662709 0.09155037608867775 0.053125 0.06875
0 0.2758771929824561 0.5322916666666667 0.04375 0.05625
0 0.29921875 0.5270833333333333 0.0453125 0.0625
0 0.4878478167808219 0.48655821917808223 0.046875 0.06041666666666667
0 0.66796875 0.44166666666666665 0.0484375 0.0625
0 0.9055397727272727 0.5837436868686868 0.0515625 0.06875
0 0.94921875 0.49583333333333335 0.0453125 0.058333333333333334
0 0.98359375 0.41354166666666664 0.0296875 0.06041666666666667
0 0.06796875 0.4552083333333333 0.0421875 0.06041666666666667
0 0.451837588028169 0.6228139671361502 0.0515625 0.06458333333333334
0 0.42890625 0.6854166666666667 0.0515625 0.06666666666666667
0 0.269921875 0.89296875 0.0515625 0.07083333333333333
0 0.321875 0.96875 0.04375 0.0625
0 0.50703125 0.9625 0.0484375 0.058333333333333334
0 0.7291964285714286 0.8113690476190476 0.0359375 0.04583333333333333
0 0.7840013586956521 0.8307518115942029 0.05 0.06666666666666667
0 0.9295585558252426 0.8894114077669903 0.0515625 0.06458333333333334
0 0.53984375 0.8947916666666667 0.0578125 0.07291666666666667
0 0.2161830357142857 0.2244047619047619 0.0515625 0.06458333333333334
0 0.23588047445255475 0.8229166666666666 0.04375 0.0625
0 0.559375 0.678125 0.046875 0.06458333333333334
0 0.3757339015151515 0.2869318181818182 0.0453125 0.06041666666666664
0 0.79375 0.7052083333333333 0.05 0.06458333333333334
0 0.7199917218543046 0.8627828366445915 0.05 0.06458333333333334
0 0.4779644691780822 0.5205693493150686 0.0453125 0.05833333333333339
0 0.9459859913793103 0.23552442528735631 0.0421875 0.05625
0 0.53671875 0.39479166666666665 0.0484375 0.06458333333333334
0 0.35078125 0.5135416666666667 0.0453125 0.06458333333333334
0 0.025 0.88125 0.040625 0.0625
2 0.9322013449367088 0.7234388185654008 0.049220727848101296 0.03735232067510547
