0 0.166796875 0.13854166666666667 0.0484375 0.06666666666666667
0 0.11763229927007299 0.0475669099756691 0.05 0.06041666666666667
0 0.4071735442206655 0.11584573847051957 0.051562499999999956 0.07083333333333335
0 0.45337028404163054 0.17955424255565192 0.04375 0.06458333333333334
0 0.5247385105561277 0.2399362770339856 0.0453125 0.06458333333333334
2 0.7170036764705883 0.2500204248366013 0.0421875 0.06041666666666664
0 0.8813706205463182 0.08860599762470309 0.053125 0.06875
0 0.24284018987341774 0.5046545358649789 0.04375 0.05625
0 0.2811178247734139 0.5228159617321249 0.0453125 0.0625
0 0.464250242248062 0.45631459948320413 0.046875 0.06041666666666667
0 0.6670467163705583 0.43551977580372253 0.0484375 0.0625
0 0.869140625 0.5552083333333333 0.0515625 0.06875
0 0.94921875 0.49583333333333335 0.0453125 0.058333333333333334
0 0.98359375 0.41354166666666664 0.0296875 0.06041666666666667
0 0.06796875 0.4552083333333333 0.0421875 0.06041666666666667
0 0.4109375 0.590625 0.0515625 0.06458333333333334
0 0.4258859150717703 0.6793759968102073 0.0515625 0.06666666666666667
0 0.24294109513274337 0.883259587020649 0.0515625 0.07083333333333333
0 0.3171730324074074 0.943724279835391 0.04375 0.0625
0 0.50703125 0.9625 0.0484375 0.058333333333333334
0 0.6946947674418604 0.7877180232558139 0.0359375 0.04583333333333333
0 0.7591989436619718 0.8081572769953052 0.05 0.06666666666666667
0 0.9117978639240507 0.878125 0.0515625 0.06458333333333334
0 0.53984375 0.8886970203951562 0.0578125 0.07291666666666667
0 0.22332589285714283 0.2773809523809524 0.051562499999999976 0.06458333333333334
0 0.2759026878238342 0.9208981001727116 0.0421875 0.0625
0 0.8379261363636363 0.45672348484848485 0.046875 0.06458333333333334
0 0.33998111263736264 0.24117445054945055 0.0453125 0.06041666666666667
0 0.8261363636363637 0.8508522727272728 0.05 0.06458333333333334
0 0.6930777616279069 0.8388323643410853 0.0453125 0.05625
0 0.4537245639534884 0.4984092377260982 0.0453125 0.058333333333333334
0 0.014769345238095238 0.8543509070294785 0.02783801020408163 0.0727324263038548
2 0.92265625 0.7155451127819549 0.0421875 0.03333333333333333
