0 0.16328125 0.13541666666666666 0.0484375 0.06666666666666667
0 0.12594662408759122 0.06050030413625304 0.05 0.06041666666666667
0 0.4131581107705779 0.11052612375948628 0.0515625 0.07083333333333333
0 0.45238237207285337 0.18218867447239087 0.04375 0.06458333333333334
0 0.5239564559732235 0.24410723480947477 0.0453125 0.06458333333333334
2 0.7277305074257426 0.2699979372937294 0.0421875 0.06041666666666667
0 0.8836252969121141 0.08980849168646081 0.053125 0.06875
0 0.2570121951219512 0.520553861788618 0.04375 0.05625
0 0.28513264728096677 0.5258748741188318 0.0453125 0.06249999999999994
0 0.47660984848484844 0.46625631313131316 0.046875 0.06041666666666667
0 0.6675285532994923 0.43873202199661593 0.0484375 0.0625
0 0.8869280133928571 0.5702938988095239 0.0515625 0.06875
0 0.94921875 0.49583333333333335 0.0453125 0.058333333333333334
0 0.98359375 0.41354166666666664 0.0296875 0.06041666666666667
0 0.06796875 0.4552083333333333 0.0421875 0.06041666666666667
0 0.43005756578947374 0.600941985645933 0.0515625 0.06458333333333334
0 0.42830816387559806 0.6842204944178628 0.0515625 0.06666666666666667
0 0.25226151315789475 0.8846491228070176 0.0515625 0.07083333333333333
0 0.31729525862068964 0.9650862068965517 0.04375 0.0625
0 0.50703125 0.9625 0.0484375 0.058333333333333334
0 0.7123437499999999 0.7975 0.0359375 0.04583333333333333
0 0.7708875868055556 0.8201967592592593 0.05 0.06666666666666667
0 0.92265625 0.8811984323432344 0.0515625 0.06458333333333334
0 0.53984375 0.8916009400892287 0.0578125 0.07291666666666667
0 0.2209735576923077 0.22155448717948717 0.051562500000000025 0.06458333333333334
0 0.27708333333333335 0.867361111111111 0.040625 0.0625
0 0.7203125 0.5711805555555556 0.046875 0.06458333333333334
0 0.35484375 0.2561458333333333 0.0453125 0.06041666666666664
0 0.8331758720930231 0.6736191860465116 0.05 0.06458333333333334
0 0.7062357954545455 0.8454734848484848 0.0453125 0.05625
0 0.4633285984848484 0.5068813131313131 0.0453125 0.058333333333333334
0 0.96640625 0.4375 0.0453125 0.06666666666666667
0 0.9846354166666668 0.6041666666666666 0.027604166666666607 0.06666666666666667
0 0.020796130952380955 0.8635345804988662 0.03300382653061225 0.06354875283446712
2 0.92265625 0.7178289473684211 0.0421875 0.03333333333333333
