0 0.16328125 0.13541666666666666 0.0484375 0.06666666666666667
0 0.1359607630272953 0.06772384201819687 0.05 0.060416666666666674
0 0.43642988445378156 0.12139355742296919 0.0515625 0.07083333333333333
0 0.45107735255854287 0.1856687265105522 0.04375 0.06458333333333334
0 0.5229233715242019 0.24961701853759014 0.0453125 0.06458333333333334
2 0.7360491071428571 0.2962797619047619 0.0421875 0.060416666666666695
0 0.8866036965558195 0.09139697149643705 0.053125 0.06875
0 0.27458726415094337 0.5320165094339623 0.04375 0.05625
0 0.2988415948275862 0.5270833333333333 0.0453125 0.0625
0 0.48668664383561644 0.4852311643835616 0.046875 0.06041666666666667
0 0.66796875 0.44166666666666665 0.0484375 0.0625
0 0.9077414772727274 0.5857007575757576 0.0515625 0.06875
0 0.94921875 0.49583333333333335 0.0453125 0.058333333333333334
0 0.98359375 0.41354166666666664 0.0296875 0.06041666666666667
0 0.06796875 0.4552083333333333 0.0421875 0.06041666666666667
0 0.450390625 0.6213541666666667 0.0515625 0.06458333333333334
0 0.42890625 0.6854166666666667 0.0515625 0.06666666666666667
0 0.26871093749999997 0.8921614583333334 0.0515625 0.07083333333333333
0 0.321875 0.96875 0.04375 0.0625
0 0.50703125 0.9625 0.0484375 0.058333333333333334
0 0.7271205357142857 0.8095238095238095 0.0359375 0.04583333333333333
0 0.7829483695652174 0.8293478260869566 0.05 0.06666666666666667
0 0.9290882888349514 0.8887843851132686 0.0515625 0.06458333333333334
0 0.53984375 0.8947916666666667 0.0578125 0.07291666666666667
0 0.21339892782426778 0.2039095188284519 0.0515625 0.06458333333333334
0 0.23305200729927006 0.8229166666666666 0.04375 0.0625
0 0.5785361842105263 0.6688048245614036 0.046875 0.06458333333333334
0 0.3742660984848485 0.28546401515151515 0.0453125 0.060416666666666695
0 0.8165178571428571 0.6703869047619048 0.05 0.06458333333333334
0 0.7183884297520662 0.8612172865013774 0.05 0.06458333333333334
0 0.4766374143835616 0.5194634703196347 0.0453125 0.05833333333333339
0 0.9393049568965518 0.24220545977011496 0.0421875 0.05625
0 0.5828835227272727 0.39308712121212125 0.0484375 0.06458333333333334
0 0.31015625 0.4644886363636364 0.0453125 0.06458333333333334
0 0.024971217105263156 0.8807894736842106 0.040452302631578944 0.06234649122807016
2 0.9310363924050634 0.7228665611814346 0.04836234177215193 0.03686181434599156
