0 0.16328125 0.13541666666666666 0.0484375 0.06666666666666667
0 0.1244411496350365 0.058158454987834556 0.05 0.06041666666666667
0 0.4120744855516637 0.11148934617629888 0.0515625 0.07083333333333332
0 0.45256125325238505 0.18171165799363978 0.04375 0.06458333333333334
0 0.5240980625643666 0.2433519996567113 0.0453125 0.06458333333333337
2 0.7257078439597315 0.26651985458612976 0.0421875 0.06041666666666667
0 0.8832170427553445 0.0895907561361837 0.053125 0.06875
0 0.2542473591549296 0.5175029342723005 0.04375 0.05625000000000006
0 0.28440568353474316 0.5253209969788519 0.0453125 0.06249999999999994
0 0.4747869318181818 0.4648674242424242 0.046875 0.06041666666666667
0 0.667441307106599 0.43815038071065987 0.0484375 0.0625
0 0.8811308262711866 0.5689912900188324 0.0515625 0.06875
0 0.94921875 0.49583333333333335 0.0453125 0.058333333333333334
0 0.98359375 0.41354166666666664 0.0296875 0.06041666666666667
0 0.06796875 0.4552083333333333 0.0421875 0.06041666666666667
0 0.42643914473684214 0.6000647926634769 0.0515625 0.06458333333333334
0 0.42786956738437 0.6833433014354067 0.0515625 0.06666666666666667
0 0.2498744419642857 0.8833333333333333 0.0515625 0.07083333333333333
0 0.31659799695740365 0.9645283975659229 0.04375 0.0625
0 0.50703125 0.9625 0.0484375 0.058333333333333334
0 0.7073954417293233 0.79375 0.0359375 0.04583333333333333
0 0.7685004340277778 0.817650462962963 0.05 0.06666666666666667
0 0.922244162087912 0.8801167582417583 0.0515625 0.06458333333333334
0 0.53984375 0.891075127469726 0.0578125 0.07291666666666667
0 0.21546875000000001 0.23145833333333332 0.0515625 0.06458333333333334
0 0.29158313679245285 0.8656446540880504 0.0421875 0.0625
0 0.74125 0.5481250000000001 0.046875 0.0645833333333334
0 0.35184928797468357 0.25246571729957806 0.0453125 0.06041666666666667
0 0.8412364130434783 0.7103713768115941 0.05 0.06458333333333334
0 0.7042704417293233 0.8450579573934838 0.0453125 0.05625
0 0.46150568181818186 0.5054924242424242 0.0453125 0.058333333333333334
0 0.9849864130434781 0.4452898550724637 0.030027173913043548 0.06666666666666667
0 0.01970486111111111 0.861871693121693 0.032068452380952385 0.06521164021164019
2 0.92265625 0.7174154135338345 0.0421875 0.03333333333333333
