0 0.16042842741935484 0.13866935483870968 0.0484375 0.06666666666666667
0 0.11033266129032257 0.04139112903225806 0.05 0.06041666666666667
0 0.3856746495327103 0.08238901869158878 0.04687500000000004 0.06041666666666667
0 0.4035039951838879 0.11910755983654407 0.0515625 0.07083333333333333
0 0.45397604076322634 0.17793889129806303 0.04375 0.06458333333333334
0 0.5252180419670442 0.23737877617576383 0.0453125 0.06458333333333337
2 0.7104704958100558 0.24262686219739293 0.0421875 0.06041666666666667
0 0.8778225806451612 0.0857997311827957 0.053125 0.06875
0 0.23728298611111112 0.4798611111111111 0.04375 0.05625
0 0.2786560611782477 0.5209403323262839 0.0453125 0.06249999999999994
0 0.18932291666666665 0.25763888888888886 0.051562499999999976 0.06666666666666664
0 0.45432412790697674 0.4478924418604651 0.046875 0.06041666666666667
0 0.666751269035533 0.43355012690355327 0.0484375 0.0625
0 0.8563616071428571 0.5433035714285714 0.0515625 0.06875
0 0.9431290064102564 0.4891559829059829 0.0453125 0.058333333333333334
0 0.9838709677419356 0.41403449820788535 0.029133064516129004 0.06041666666666667
0 0.06796875 0.4552083333333333 0.0421875 0.06041666666666667
0 0.39727217178770946 0.5791026536312849 0.051562499999999956 0.06458333333333334
0 0.42440066786283887 0.6764055023923444 0.051562499999999956 0.06666666666666667
0 0.23745480371900823 0.8743629476584023 0.0515625 0.07083333333333333
0 0.3150173611111111 0.939891975308642 0.04375 0.0625
0 0.5058734262589928 0.9594124700239808 0.0484375 0.058333333333333334
0 0.6848214285714286 0.7801339285714286 0.0359375 0.04583333333333333
0 0.7527533783783784 0.801463963963964 0.05 0.06716216216216217
0 0.90859375 0.8705853174603175 0.0515625 0.06458333333333334
0 0.5364273512861736 0.8858085476956056 0.0578125 0.07291666666666667
0 0.20770089285714283 0.4525297619047619 0.051562499999999976 0.06458333333333334
0 0.2939969235751295 0.9305483592400691 0.0421875 0.0625
0 0.9029017857142858 0.397172619047619 0.046875 0.06458333333333334
0 0.3317908653846154 0.21963141025641025 0.0453125 0.06041666666666667
0 0.8561755952380953 0.9720734126984126 0.05625 0.05585317460317458
0 0.68239375 0.8275083333333334 0.0453125 0.05625
0 0.4483103197674419 0.4923934108527132 0.0453125 0.058333333333333334
2 0.92265625 0.7141447368421052 0.0421875 0.03333333333333333
