0 0.0734375 0.271875 0.046875 0.06041666666666667
0 0.06920336787564767 0.43497949050086354 0.0625 0.07708333333333334
0 0.14661458333333333 0.7479166666666667 0.0546875 0.07083333333333333
0 0.198828125 0.8578125 0.0515625 0.06875
0 0.41484375 0.8802083333333334 0.0515625 0.06458333333333334
0 0.29159564393939397 0.44968434343434344 0.046875 0.0625
0 0.428125 0.46875 0.065625 0.08333333333333333
0 0.6309802158273381 0.18410521582733813 0.046875 0.0625
0 0.6647135416666667 0.3043402777777778 0.0578125 0.07291666666666667
0 0.8524796195652173 0.4009963768115942 0.0453125 0.0625
0 0.6402698863636364 0.5614583333333333 0.059375 0.07291666666666667
0 0.653125 0.890625 0.05625 0.07708333333333334
0 0.753125 0.6645833333333333 0.05 0.07083333333333333
0 0.37265625 0.1125 0.0515625 0.07083333333333333
0 0.38612065018315017 0.030815018315018317 0.053125 0.05
0 0.661460597826087 0.08118659420289856 0.0640625 0.07916666666666666
0 0.9356770833333334 0.3663194444444445 0.046875 0.07291666666666667
0 0.4349086707746479 0.3024647887323944 0.028862235915492994 0.04242957746478873
