0 0.1544405241935484 0.1379435483870968 0.0484375 0.06666666666666668
0 0.1048891129032258 0.03703629032258065 0.05 0.060416666666666674
0 0.3776755136986301 0.07335901826484019 0.04687499999999996 0.06041666666666667
0 0.4008441878283713 0.12147183304144775 0.0515625 0.07083333333333333
0 0.45441511274934954 0.17676803266840127 0.04375 0.06458333333333334
0 0.5255656217816684 0.2355250171644353 0.0453125 0.06458333333333337
2 0.7039420324427481 0.23338899491094148 0.0421875 0.06041666666666667
0 0.875100806451613 0.083622311827957 0.053125 0.06875
0 0.2325954861111111 0.47236111111111106 0.04375 0.05625
0 0.27687169561933533 0.5195808157099698 0.0453125 0.0625
0 0.3421875 0.40625 0.0515625 0.06666666666666667
0 0.453125 0.4520474137931034 0.046875 0.06041666666666667
0 0.6665371192893401 0.432122461928934 0.0484375 0.0625
0 0.847106073943662 0.5397447183098592 0.0515625 0.06875000000000006
0 0.943994391025641 0.4868482905982906 0.0453125 0.058333333333333334
0 0.986592741935484 0.4188732078853047 0.023689516129032206 0.06041666666666667
0 0.06796875 0.4552083333333333 0.0421875 0.06041666666666667
0 0.38890624999999995 0.5759027777777778 0.051562499999999956 0.06458333333333334
0 0.42332411283891547 0.6742523923444976 0.0515625 0.06666666666666667
0 0.23015625 0.8726388888888889 0.05197916666666669 0.07138888888888886
0 0.3134548611111111 0.9371141975308642 0.04375 0.0625
0 0.5046593974820144 0.9561750599520383 0.0484375 0.058333333333333334
0 0.6775998975409836 0.7762978142076503 0.0359375 0.04583333333333333
0 0.7491047297297297 0.7953828828828828 0.05 0.07202702702702707
0 0.9057926829268294 0.8697916666666666 0.0515625 0.06458333333333334
0 0.533714328778135 0.8836381296891747 0.0578125 0.07291666666666667
0 0.12578125 0.4427083333333333 0.0515625 0.06458333333333334
0 0.289453125 0.940625 0.0421875 0.0625
0 0.95390625 0.36041666666666666 0.046875 0.06458333333333334
0 0.3285495923913043 0.2195425724637681 0.04113451086956523 0.054846014492753614
0 0.6742804276315789 0.8213267543859649 0.0453125 0.05625
0 0.44945913461538456 0.48685897435897435 0.0453125 0.058333333333333334
2 0.92265625 0.7131296992481203 0.0421875 0.03333333333333333
