0 0.16328125 0.13541666666666666 0.0484375 0.06666666666666667
0 0.13236274813895782 0.06532516542597187 0.05 0.06041666666666666
0 0.42921246859296486 0.11407035175879396 0.0515625 0.07083333333333332
0 0.4515489483954901 0.1844111376120266 0.04375 0.06458333333333334
0 0.523296697991761 0.24762594404394095 0.0453125 0.06458333333333334
2 0.73515625 0.28368055555555555 0.0421875 0.06041666666666664
0 0.8855273901425178 0.09082294140934284 0.053125 0.06875
0 0.26748511904761907 0.5286871693121693 0.04375 0.05625
0 0.29259159482758623 0.5270833333333333 0.0453125 0.0625
0 0.4803125 0.47479166666666667 0.046875 0.06041666666666667
0 0.6679350412436549 0.44144194162436545 0.0484375 0.0625
0 0.903515625 0.5813802083333334 0.0515625 0.06875
0 0.94921875 0.49583333333333335 0.0453125 0.058333333333333334
0 0.98359375 0.41354166666666664 0.0296875 0.06041666666666667
0 0.06796875 0.4552083333333333 0.0421875 0.06041666666666667
0 0.4439174107142857 0.6127232142857142 0.0515625 0.06458333333333334
0 0.42890625 0.6854166666666667 0.0515625 0.06666666666666667
0 0.26171875 0.8875 0.0515625 0.07083333333333333
0 0.3205438640973631 0.9676850912778904 0.04375 0.0625
0 0.50703125 0.9625 0.0484375 0.058333333333333334
0 0.7220710026501767 0.8055064782096584 0.0359375 0.04583333333333333
0 0.7757340116279069 0.8275096899224806 0.04999999999999991 0.06666666666666667
0 0.92265625 0.8868364961496149 0.0515625 0.06458333333333334
0 0.53984375 0.8940507488846399 0.0578125 0.07291666666666667
0 0.21415729602510458 0.2089653068340307 0.051562499999999976 0.06458333333333334
0 0.22901785714285716 0.8595238095238095 0.04375 0.0625
0 0.6310096153846154 0.637099358974359 0.046875 0.06458333333333334
0 0.36552083333333335 0.26682291666666663 0.0453125 0.06041666666666664
0 0.8357142857142857 0.7471726190476191 0.05 0.06458333333333334
0 0.7124320652173913 0.8570501207729468 0.04986413043478262 0.06434178743961354
0 0.47181299603174603 0.5145171957671958 0.0453125 0.058333333333333334
0 0.9402901785714286 0.3126488095238095 0.0421875 0.05625
0 0.5907366071428571 0.6736607142857143 0.0484375 0.06458333333333334
0 0.19363839285714285 0.26235119047619043 0.04531249999999998 0.0645833333333333
0 0.024494243421052633 0.8731578947368421 0.03759046052631579 0.05980263157894742
2 0.9266772151898734 0.720725210970464 0.04515031645569625 0.035026371308016856
