0 0.0734375 0.271875 0.046875 0.06041666666666667
0 0.06543879533678756 0.42996006044905005 0.0625 0.07708333333333334
0 0.1575 0.7135416666666666 0.0546875 0.07083333333333333
0 0.20169270833333336 0.8748958333333333 0.051562500000000025 0.06875
0 0.41484375 0.8802083333333334 0.0515625 0.06458333333333334
0 0.2805871212121212 0.4438131313131313 0.046875 0.0625
0 0.428125 0.46875 0.065625 0.08333333333333333
0 0.6288893884892086 0.18201438848920862 0.046875 0.0625
0 0.6085258152173914 0.23265398550724636 0.0578125 0.07291666666666664
0 0.8474289772727273 0.39969696969696966 0.0453125 0.0625
0 0.6336647727272727 0.5614583333333333 0.059375 0.07291666666666667
0 0.653125 0.890625 0.05625 0.07708333333333334
0 0.753125 0.6645833333333333 0.05 0.07083333333333333
0 0.5291666666666667 0.1974537037037037 0.046875 0.0625
0 0.3802655677655678 0.02655677655677656 0.05312500000000005 0.05
0 0.651351902173913 0.0736050724637681 0.0640625 0.07916666666666666
0 0.9515625 0.31655092592592593 0.046875 0.07291666666666667
0 0.4333736795774648 0.29837147887323945 0.0237455985915493 0.03424295774647887
