0 0.16328125 0.13541666666666666 0.0484375 0.06666666666666667
0 0.1390625 0.06979166666666667 0.05 0.06041666666666667
0 0.43984375 0.12708333333333333 0.0515625 0.07083333333333333
0 0.450536643538595 0.18711061723041342 0.04375 0.06458333333333334
0 0.52265625 0.25104166666666666 0.0453125 0.06458333333333334
2 0.7416539634146342 0.30685975609756094 0.0421875 0.06041666666666667
0 0.8878377375296912 0.09205512668250199 0.053125 0.06875
0 0.27960526315789475 0.5322916666666667 0.04375 0.05625
0 0.29921875 0.5270833333333333 0.0453125 0.0625
0 0.49166845034246576 0.4909246575342466 0.046875 0.06041666666666667
0 0.66796875 0.44166666666666665 0.0484375 0.0625
0 0.90390625 0.5822916666666667 0.0515625 0.06875
0 0.94921875 0.49583333333333335 0.0453125 0.058333333333333334
0 0.98359375 0.41354166666666664 0.0296875 0.06041666666666667
0 0.06796875 0.4552083333333333 0.0421875 0.06041666666666667
0 0.4563270246478873 0.6268045774647887 0.0515625 0.06458333333333334
0 0.42890625 0.6854166666666667 0.0515625 0.06666666666666667
0 0.27390625 0.895625 0.0515625 0.07083333333333333
0 0.321875 0.96875 0.04375 0.0625
0 0.50703125 0.9625 0.0484375 0.058333333333333334
0 0.73515625 0.8166666666666667 0.0359375 0.04583333333333333
0 0.7874660326086957 0.8353713768115941 0.050000000000000086 0.06666666666666667
0 0.9311058859223301 0.8914745145631068 0.0515625 0.06458333333333334
0 0.53984375 0.8947916666666667 0.0578125 0.07291666666666667
0 0.14106326219512194 0.28193597560975614 0.0515625 0.06458333333333337
0 0.23504464285714283 0.820211038961039 0.04375 0.0625
0 0.49875919117647055 0.7239583333333334 0.046875 0.06458333333333334
0 0.3787417763157895 0.3034539473684211 0.0453125 0.06041666666666667
0 0.7596875 0.7035416666666666 0.05 0.06458333333333334
0 0.7252690397350994 0.8684119757174393 0.05 0.06458333333333334
0 0.48233090753424657 0.5242080479452055 0.0453125 0.05833333333333339
0 0.95078125 0.19791666666666666 0.0421875 0.05625
0 0.44126420454545456 0.27111742424242424 0.0484375 0.0645833333333333
0 0.4431107954545454 0.7271780303030303 0.0453125 0.06458333333333334
0 0.025 0.88125 0.040625 0.0625
0 0.33203125 0.7729166666666667 0.05625 0.06666666666666667
0 0.03125 0.296875 0.034375 0.06875
2 0.936034414556962 0.7253217299578059 0.052045094936708836 0.03896624472573838
