0 0.1508921370967742 0.13751344086021505 0.0484375 0.06666666666666665
0 0.1016633064516129 0.03445564516129032 0.05 0.06041666666666667
0 0.37356592465753424 0.06787956621004566 0.046875 0.06041666666666666
0 0.39926800569176885 0.12287288382953883 0.0515625 0.07083333333333335
0 0.45467530355594105 0.1760741905174906 0.04375 0.06458333333333334
0 0.5257715950051494 0.23442649330587026 0.0453125 0.06458333333333334
2 0.6993618797709924 0.22626431297709926 0.0421875 0.06041666666666667
0 0.8734879032258064 0.08233198924731182 0.053125 0.06875
0 0.22981770833333334 0.46791666666666665 0.04375 0.05625
0 0.2758142938066465 0.5187751762336354 0.0453125 0.0625
0 0.42359375000000005 0.5125 0.051562500000000046 0.058333333333333334
0 0.4544034090909091 0.44498106060606063 0.046875 0.06041666666666667
0 0.6664102157360406 0.4312764382402707 0.0484375 0.0625
0 0.8400638204225352 0.5284771126760563 0.0515625 0.06875000000000006
0 0.9445072115384615 0.48548076923076927 0.0453125 0.058333333333333334
0 0.9882056451612904 0.4217405913978495 0.020463709677419395 0.06041666666666667
0 0.06796875 0.4552083333333333 0.0421875 0.06041666666666667
0 0.3822395833333333 0.5699768518518519 0.0515625 0.06458333333333334
0 0.4226861543062201 0.6729764752791069 0.0515625 0.06666666666666667
0 0.47625 0.9327083333333334 0.040625 0.06041666666666667
0 0.22515625000000003 0.8718981481481481 0.05309027777777779 0.07287037037037034
0 0.31252893518518515 0.9354681069958848 0.04375 0.0625
0 0.5039399730215828 0.9542565947242206 0.0484375 0.058333333333333334
0 0.6743212090163935 0.7730191256830601 0.0359375 0.04583333333333333
0 0.7469425675675676 0.7917792792792793 0.05 0.07490990990990992
0 0.9039634146341463 0.8697916666666666 0.0515625 0.06458333333333334
0 0.5321066117363344 0.8823519560557341 0.0578125 0.07291666666666667
0 0.11109374999999999 0.3797916666666667 0.05156249999999999 0.06458333333333334
0 0.3303768382352941 0.9348039215686275 0.0421875 0.0625
0 0.9802083333333332 0.34510030864197533 0.03819444444444446 0.06458333333333334
0 0.32199754901960786 0.20841503267973857 0.040625 0.05416666666666667
0 0.6696751644736842 0.8178179824561403 0.0453125 0.05625
0 0.45074118589743584 0.48344017094017094 0.0453125 0.058333333333333334
2 0.92265625 0.7125281954887217 0.0421875 0.03333333333333333
