0 0.16328125 0.13541666666666666 0.0484375 0.06666666666666667
0 0.1390625 0.06979166666666667 0.05 0.06041666666666667
0 0.43984375 0.12708333333333333 0.0515625 0.07083333333333333
0 0.4500365893321769 0.18844409511419485 0.04375 0.06458333333333334
0 0.52265625 0.25104166666666666 0.0453125 0.06458333333333334
2 0.74296875 0.315625 0.0421875 0.06041666666666667
0 0.8889789934679335 0.09266379651623119 0.053125 0.06875
0 0.2921875 0.534375 0.04375 0.05625
0 0.29921875 0.5270833333333333 0.0453125 0.0625
0 0.49627568493150687 0.4961900684931507 0.046875 0.06041666666666667
0 0.66796875 0.44166666666666665 0.0484375 0.0625
0 0.90390625 0.5822916666666667 0.0515625 0.06875
0 0.94921875 0.49583333333333335 0.0453125 0.058333333333333334
0 0.98359375 0.41354166666666664 0.0296875 0.06041666666666667
0 0.06796875 0.4552083333333333 0.0421875 0.06041666666666667
0 0.46015625 0.6302083333333334 0.0515625 0.06458333333333334
0 0.42890625 0.6854166666666667 0.0515625 0.06666666666666667
0 0.27421875 0.8958333333333334 0.0515625 0.07083333333333333
0 0.321875 0.96875 0.04375 0.0625
0 0.50703125 0.9625 0.0484375 0.058333333333333334
0 0.73515625 0.8166666666666667 0.0359375 0.04583333333333333
0 0.7916440217391305 0.8409420289855073 0.05 0.06666666666666667
0 0.9333956866197184 0.8963468309859155 0.0515625 0.06458333333333334
0 0.53984375 0.8947916666666667 0.0578125 0.07291666666666667
0 0.10315801056338028 0.28516725352112676 0.0515625 0.0645833333333333
0 0.2234375 0.8191071428571429 0.04375 0.0625
0 0.4353860294117647 0.7408700980392157 0.046875 0.06458333333333334
0 0.37421875 0.31145833333333334 0.0453125 0.06041666666666667
0 0.69734375 0.668125 0.05 0.06458333333333334
0 0.7265625 0.8697916666666666 0.05 0.06458333333333334
0 0.4875963184931507 0.5285958904109589 0.0453125 0.058333333333333334
0 0.97890625 0.11729166666666666 0.0421875 0.05625
0 0.52578125 0.48083333333333333 0.0484375 0.06458333333333334
0 0.5314062500000001 0.9677083333333333 0.0453125 0.06458333333333334
0 0.025 0.88125 0.040625 0.0625
0 0.2603125 0.40625 0.05625 0.06666666666666667
0 0.125 0.36354166666666665 0.046875 0.06875
0 0.0715625 0.9315625 0.0515625 0.05687500000000002
2 0.9375 0.7260416666666667 0.053125 0.03958333333333333
