0 0.16419858870967743 0.1391263440860215 0.0484375 0.06666666666666667
0 0.1137600806451613 0.04413306451612904 0.05000000000000001 0.060416666666666674
0 0.39262558411214954 0.08768496884735202 0.046875 0.06041666666666667
0 0.405178688704028 0.11761894337419733 0.0515625 0.07083333333333335
0 0.45369958803122284 0.1786760985834056 0.04375 0.06458333333333334
0 0.5249991954170958 0.2385459577754892 0.0453125 0.06458333333333334
2 0.713438372905028 0.2457925977653631 0.0421875 0.06041666666666664
0 0.8795362903225806 0.08717069892473119 0.053125 0.06875
0 0.2375 0.4886217948717949 0.04375 0.05625
0 0.2797795506042296 0.5217963242698892 0.0453125 0.06249999999999994
0 0.08765624999999999 0.33416666666666667 0.05156249999999999 0.06666666666666667
0 0.4588541666666667 0.4517361111111111 0.046875 0.06041666666666667
0 0.6668861040609138 0.43444902707275806 0.0484375 0.0625
0 0.8623766447368422 0.5475328947368421 0.0515625 0.06875
0 0.9469687499999999 0.4935833333333333 0.0453125 0.058333333333333334
0 0.98359375 0.41354166666666664 0.0296875 0.06041666666666667
0 0.06796875 0.4552083333333333 0.0421875 0.06041666666666667
0 0.40202077513966483 0.5798940875232774 0.0515625 0.06458333333333334
0 0.42507849880382775 0.6777611642743222 0.0515625 0.06666666666666667
0 0.24070105088495578 0.8772861356932153 0.0515625 0.07083333333333333
0 0.3160011574074074 0.9416409465020575 0.04375 0.0625
0 0.5066378147482015 0.9614508393285371 0.0484375 0.058333333333333334
0 0.6902797965116279 0.7818313953488372 0.0359375 0.04583333333333333
0 0.7556338028169014 0.8045921361502348 0.05 0.06666666666666667
0 0.90859375 0.8759821428571429 0.0515625 0.06458333333333334
0 0.5381355506430868 0.8871751071811361 0.0578125 0.07291666666666667
0 0.29046875 0.4239583333333333 0.0515625 0.06458333333333334
0 0.28573915155440416 0.9261442141623489 0.0421875 0.0625
0 0.8712500000000001 0.415625 0.046875 0.06458333333333334
0 0.3385903159340659 0.23561126373626376 0.0453125 0.06041666666666667
0 0.8256249999999999 0.9289583333333333 0.05 0.06458333333333334
0 0.68834375 0.8320416666666667 0.0453125 0.05625
0 0.45078125 0.49513888888888885 0.0453125 0.058333333333333334
2 0.92265625 0.7147838345864662 0.0421875 0.03333333333333333
