0 0.0734375 0.271875 0.046875 0.06041666666666667
0 0.07041774611398963 0.43659866148531956 0.0625 0.07708333333333334
0 0.1560278096330275 0.7507836391437308 0.0546875 0.07083333333333333
0 0.20078125 0.8552083333333333 0.0515625 0.06875
0 0.41484375 0.8802083333333334 0.0515625 0.06458333333333334
0 0.2936209862385321 0.4509556574923547 0.046875 0.0625
0 0.428125 0.46875 0.065625 0.08333333333333333
0 0.6316546762589927 0.1847796762589928 0.046875 0.0625
0 0.6855902777777778 0.296875 0.0578125 0.07291666666666667
0 0.8538383152173912 0.4005434782608696 0.0453125 0.0625
0 0.641962756849315 0.5628852739726027 0.059375 0.0729166666666666
0 0.653125 0.890625 0.05625 0.07708333333333334
0 0.753125 0.6645833333333333 0.05 0.07083333333333333
0 0.3068576388888889 0.10219907407407408 0.0515625 0.07083333333333333
0 0.38800938644688643 0.032188644688644685 0.05312499999999996 0.05
0 0.6647214673913043 0.08363224637681159 0.0640625 0.07916666666666666
0 0.9097222222222221 0.3931712962962963 0.046875 0.07291666666666667
0 0.43515625 0.303125 0.0296875 0.04375
