0 0.16785786290322582 0.1395698924731183 0.0484375 0.06666666666666668
0 0.1170866935483871 0.046794354838709674 0.05 0.06041666666666667
0 0.4068041265323993 0.1161741097489784 0.0515625 0.07083333333333335
0 0.4534312662619254 0.17939162330153222 0.04375 0.06458333333333334
0 0.524786785530381 0.2396788105046344 0.0453125 0.06458333333333334
2 0.7163189594972067 0.24886522346368717 0.0421875 0.060416666666666695
0 0.8811995967741936 0.08850134408602152 0.053125 0.06875
0 0.24135680379746835 0.5030722573839662 0.04375 0.05625
0 0.28086999622356495 0.522627139979859 0.0453125 0.0625
0 0.02578125 0.34464285714285714 0.0515625 0.06666666666666667
0 0.46325096899224805 0.4554667312661499 0.046875 0.06041666666666667
0 0.6670169733502538 0.43532148900169204 0.0484375 0.0625
0 0.8678042763157896 0.5529605263157895 0.0515625 0.06875
0 0.94921875 0.49583333333333335 0.0453125 0.058333333333333334
0 0.98359375 0.41354166666666664 0.0296875 0.06041666666666667
0 0.06796875 0.4552083333333333 0.0421875 0.06041666666666667
0 0.4098513719512195 0.588135162601626 0.0515625 0.06458333333333334
0 0.42573639354066983 0.6790769537480065 0.0515625 0.06666666666666667
0 0.2425262721238938 0.8821533923303835 0.0515625 0.07083333333333333
0 0.3169560185185185 0.9433384773662552 0.04375 0.0625
0 0.50703125 0.9625 0.0484375 0.058333333333333334
0 0.6938771802325581 0.7866279069767441 0.0359375 0.04583333333333333
0 0.7585387323943662 0.8074970657276995 0.05 0.06666666666666667
0 0.910907832278481 0.878125 0.0515625 0.06458333333333334
0 0.5397935088424437 0.8885014737406216 0.0578125 0.07291666666666667
0 0.22938701923076926 0.2928685897435897 0.0515625 0.0645833333333333
0 0.27772425518134713 0.9218696027633851 0.0421875 0.0625
0 0.8459918478260869 0.44651268115942033 0.046875 0.06458333333333334
0 0.3397235576923077 0.24014423076923078 0.0453125 0.06041666666666667
0 0.8174107142857142 0.8688988095238095 0.04999999999999991 0.06458333333333334
0 0.6925327034883721 0.8373788759689923 0.0453125 0.05625
0 0.4531795058139535 0.49780361757105945 0.0453125 0.058333333333333334
0 0.014397321428571428 0.8537840136054423 0.027519132653061225 0.0732993197278912
2 0.92265625 0.7154041353383459 0.0421875 0.03333333333333333
