0 0.16328125 0.13541666666666666 0.0484375 0.06666666666666667
0 0.13875232630272955 0.06958488420181969 0.05 0.06041666666666667
0 0.43984375 0.12708333333333333 0.0515625 0.07083333333333333
0 0.4507114592367737 0.1866444420352703 0.04375 0.06458333333333334
0 0.52265625 0.25104166666666666 0.0453125 0.06458333333333334
2 0.7400669642857143 0.30297619047619045 0.0421875 0.06041666666666667
0 0.8874387618764846 0.09184233966745843 0.053125 0.06875
0 0.27803362573099416 0.5322916666666667 0.04375 0.05625
0 0.29921875 0.5270833333333333 0.0453125 0.0625
0 0.4900577910958904 0.489083904109589 0.046875 0.06041666666666667
0 0.66796875 0.44166666666666665 0.0484375 0.0625
0 0.90390625 0.5822916666666667 0.0515625 0.06875
0 0.94921875 0.49583333333333335 0.0453125 0.058333333333333334
0 0.98359375 0.41354166666666664 0.0296875 0.06041666666666667
0 0.06796875 0.4552083333333333 0.0421875 0.06041666666666667
0 0.4544344190140845 0.6251222613458529 0.0515625 0.06458333333333334
0 0.42890625 0.6854166666666667 0.0515625 0.06666666666666667
0 0.2722265625 0.8945052083333334 0.0515625 0.07083333333333333
0 0.321875 0.96875 0.04375 0.0625
0 0.50703125 0.9625 0.0484375 0.058333333333333334
0 0.7331473214285714 0.8148809523809525 0.0359375 0.04583333333333333
0 0.7860054347826088 0.8334239130434783 0.050000000000000086 0.06666666666666667
0 0.9304535800970873 0.8906047734627832 0.0515625 0.06458333333333334
0 0.53984375 0.8947916666666667 0.0578125 0.07291666666666667
0 0.15068933823529412 0.2694240196078431 0.0515625 0.0645833333333333
0 0.23984375 0.8225378787878788 0.04375 0.0625
0 0.5252118644067797 0.6996292372881356 0.046875 0.06458333333333334
0 0.3778577302631579 0.2940241228070175 0.0453125 0.06041666666666664
0 0.7900735294117647 0.6512867647058823 0.05 0.06458333333333334
0 0.7230442880794702 0.8660389072847682 0.05 0.06458333333333334
0 0.48049015410958906 0.5226740867579909 0.0453125 0.058333333333333334
0 0.9627604166666666 0.20520833333333333 0.0421875 0.05625
0 0.4250459558823529 0.40410539215686275 0.0484375 0.06458333333333334
0 0.39651988636363633 0.6267045454545455 0.04531249999999996 0.06458333333333334
0 0.025 0.88125 0.040625 0.0625
0 0.3763671875 0.9221354166666667 0.05625 0.06666666666666667
2 0.9344185126582278 0.7245279535864978 0.050854430379746775 0.03828586497890297
