0 0.16328125 0.13541666666666666 0.0484375 0.06666666666666667
0 0.1378838399503722 0.06900589330024814 0.05 0.06041666666666667
0 0.4396861869747899 0.12682072829131652 0.0515625 0.07083333333333333
0 0.45082529271465743 0.1863408860942469 0.04375 0.06458333333333334
0 0.5227238349639547 0.25068121352557504 0.0453125 0.06458333333333337
2 0.7388169642857143 0.30089285714285713 0.0421875 0.06041666666666667
0 0.887178963776722 0.09170378068091845 0.053125 0.06875
0 0.2770102339181287 0.5322916666666667 0.04375 0.05625
0 0.29921875 0.5270833333333333 0.0453125 0.0625
0 0.48900898972602735 0.4878852739726028 0.046875 0.06041666666666667
0 0.66796875 0.44166666666666665 0.0484375 0.0625
0 0.90390625 0.5822916666666667 0.0515625 0.06875
0 0.94921875 0.49583333333333335 0.0453125 0.058333333333333334
0 0.98359375 0.41354166666666664 0.0296875 0.06041666666666667
0 0.06796875 0.4552083333333333 0.0421875 0.06041666666666667
0 0.4532020246478873 0.6240267996870109 0.0515625 0.06458333333333334
0 0.42890625 0.6854166666666667 0.0515625 0.06666666666666667
0 0.2711328125 0.8937760416666667 0.0515625 0.07083333333333333
0 0.321875 0.96875 0.04375 0.0625
0 0.50703125 0.9625 0.0484375 0.058333333333333334
0 0.7312723214285715 0.8132142857142858 0.0359375 0.04583333333333333
0 0.785054347826087 0.8321557971014493 0.05 0.06666666666666667
0 0.930028822815534 0.890038430420712 0.0515625 0.06458333333333334
0 0.53984375 0.8947916666666667 0.0578125 0.07291666666666667
0 0.17237215909090908 0.26903409090909086 0.0515625 0.0645833333333333
0 0.2387089416058394 0.8229166666666666 0.04375 0.0625
0 0.5444915254237288 0.6877648305084746 0.046875 0.06458333333333334
0 0.37720170454545454 0.2883996212121212 0.0453125 0.06041666666666667
0 0.7776988636363636 0.6868371212121213 0.05 0.06458333333333334
0 0.7215956125827814 0.8644936534216335 0.05 0.06458333333333334
0 0.4792915239726027 0.5216752283105023 0.0453125 0.05833333333333327
0 0.9543323863636364 0.22926136363636365 0.0421875 0.05625
0 0.45987215909090906 0.4233901515151515 0.0484375 0.06458333333333334
0 0.3744419642857143 0.5646329365079364 0.0453125 0.06458333333333334
0 0.025 0.88125 0.040625 0.0625
2 0.9333662974683545 0.724011075949367 0.050079113924050664 0.03784282700421938
