0 0.16328125 0.13541666666666666 0.0484375 0.06666666666666667
0 0.1297883064516129 0.06360887096774194 0.05 0.06041666666666667
0 0.4233472047738694 0.11059463986599664 0.051562500000000046 0.07083333333333332
0 0.45188638334778836 0.18351131107256433 0.04375 0.06458333333333334
0 0.523563819515963 0.2462012959148644 0.0453125 0.06458333333333334
2 0.73515625 0.27619201030927837 0.0421875 0.06041666666666667
0 0.8847572743467934 0.09041221298495646 0.053125 0.06875
0 0.2613095238095238 0.5314318783068782 0.04375 0.05624999999999994
0 0.2881196120689655 0.5270833333333333 0.0453125 0.0625
0 0.4811491935483871 0.4703293010752688 0.046875 0.06041666666666667
0 0.6677704631979695 0.44034475465313033 0.0484375 0.0625
0 0.90234375 0.5750868055555556 0.0515625 0.06875
0 0.94921875 0.49583333333333335 0.0453125 0.058333333333333334
0 0.98359375 0.41354166666666664 0.0296875 0.06041666666666667
0 0.06796875 0.4552083333333333 0.0421875 0.06041666666666667
0 0.4387247983870968 0.6073319892473118 0.0515625 0.06458333333333334
0 0.42890625 0.6854166666666667 0.0515625 0.06666666666666667
0 0.25853125 0.8887777777777778 0.0515625 0.07083333333333333
0 0.3192285750507099 0.9666328600405679 0.04375 0.0625
0 0.50703125 0.9625 0.0484375 0.058333333333333334
0 0.7188631846289752 0.8030624263839812 0.0359375 0.04583333333333333
0 0.7745276162790697 0.8250968992248062 0.05 0.06666666666666667
0 0.92265625 0.8845537678767877 0.0515625 0.06458333333333334
0 0.53984375 0.8930588750796686 0.0578125 0.07291666666666667
0 0.21469992154811718 0.21258281032078102 0.051562500000000025 0.06458333333333334
0 0.247265625 0.840625 0.04375 0.0625
0 0.6694711538461539 0.6324519230769231 0.046875 0.06458333333333334
0 0.3611979166666667 0.2625 0.0453125 0.06041666666666667
0 0.883203125 0.7520833333333333 0.05 0.06458333333333334
0 0.7097017045454546 0.848554292929293 0.0453125 0.05625
0 0.4683821097883598 0.5108575837742504 0.0453125 0.058333333333333334
0 0.9259765625 0.3807291666666667 0.0421875 0.05625
0 0.7470703125 0.6106770833333334 0.0484375 0.06458333333333334
0 0.13515625 0.09739583333333333 0.04375 0.05416666666666667
0 0.023821924603174605 0.8681453136810279 0.035597363945578234 0.05893801965230535
2 0.9235581487341772 0.7191930379746836 0.04285205696202539 0.033713080168776464
