0 0.16328125 0.13541666666666666 0.0484375 0.06666666666666667
0 0.1390625 0.06979166666666667 0.05 0.06041666666666667
0 0.43984375 0.12708333333333333 0.0515625 0.07083333333333333
0 0.45060982220294876 0.1869154741254698 0.04375 0.06458333333333334
0 0.52265625 0.25104166666666666 0.0453125 0.06458333333333334
2 0.7411830357142857 0.3048363095238095 0.0421875 0.06041666666666667
0 0.8876707244655583 0.0919660530482977 0.053125 0.06875
0 0.2789473684210526 0.5322916666666667 0.04375 0.05625
0 0.29921875 0.5270833333333333 0.0453125 0.0625
0 0.4909942208904109 0.4901541095890411 0.046875 0.06041666666666667
0 0.66796875 0.44166666666666665 0.0484375 0.0625
0 0.90390625 0.5822916666666667 0.0515625 0.06875
0 0.94921875 0.49583333333333335 0.0453125 0.058333333333333334
0 0.98359375 0.41354166666666664 0.0296875 0.06041666666666667
0 0.06796875 0.4552083333333333 0.0421875 0.06041666666666667
0 0.4555347711267606 0.626100352112676 0.0515625 0.06458333333333334
0 0.42890625 0.6854166666666667 0.0515625 0.06666666666666667
0 0.273203125 0.89515625 0.0515625 0.07083333333333333
0 0.321875 0.96875 0.04375 0.0625
0 0.50703125 0.9625 0.0484375 0.058333333333333334
0 0.7348214285714285 0.8163690476190476 0.0359375 0.04583333333333333
0 0.7868546195652174 0.8345561594202898 0.05 0.06666666666666667
0 0.9308328276699029 0.8911104368932039 0.0515625 0.06458333333333334
0 0.53984375 0.8947916666666667 0.0578125 0.07291666666666667
0 0.14380716463414633 0.2764481707317073 0.0515625 0.06458333333333334
0 0.23705357142857145 0.8211850649350649 0.04375 0.0625
0 0.5082720588235294 0.7110906862745098 0.046875 0.06458333333333334
0 0.37837171052631574 0.29950657894736843 0.04531249999999996 0.06041666666666667
0 0.7591911764705882 0.6771446078431372 0.05 0.06458333333333334
0 0.7243377483443709 0.8674185982339956 0.05 0.06458333333333334
0 0.4815603595890411 0.5235659246575343 0.0453125 0.058333333333333334
0 0.9578125 0.196875 0.0421875 0.05625
0 0.44029017857142855 0.32723214285714286 0.0484375 0.06458333333333334
0 0.41086647727272724 0.6970643939393939 0.04531249999999996 0.06458333333333334
0 0.025 0.88125 0.040625 0.0625
0 0.35213068181818186 0.8354166666666667 0.05625 0.06666666666666667
0 0.0140625 0.2989583333333333 0.028125 0.04375
2 0.9353579905063292 0.7249894514767933 0.051546677215189796 0.03868143459915612
