0 0.16328125 0.13541666666666666 0.0484375 0.06666666666666667
0 0.13012949751861042 0.06383633167907361 0.05 0.06041666666666667
0 0.42412452889447233 0.11105527638190955 0.0515625 0.07083333333333335
0 0.4518416630529055 0.1836305651922521 0.04375 0.06458333333333334
0 0.5235284178681772 0.2463901047030553 0.0453125 0.06458333333333337
2 0.73515625 0.27713702749140895 0.0421875 0.060416666666666695
0 0.8848593378859858 0.09046664687252573 0.053125 0.06875
0 0.2621279761904762 0.5310681216931218 0.04375 0.05625000000000006
0 0.28871228448275865 0.5270833333333333 0.0453125 0.0625
0 0.48103830645161294 0.47092069892473115 0.046875 0.06041666666666667
0 0.667792274746193 0.4404901649746193 0.0484375 0.0625
0 0.90234375 0.5760416666666667 0.0515625 0.06875
0 0.94921875 0.49583333333333335 0.0453125 0.058333333333333334
0 0.98359375 0.41354166666666664 0.0296875 0.06041666666666667
0 0.06796875 0.4552083333333333 0.0421875 0.06041666666666667
0 0.4395010080645161 0.6079233870967742 0.0515625 0.06458333333333334
0 0.42890625 0.6854166666666667 0.0515625 0.06666666666666667
0 0.25784375000000004 0.8875555555555555 0.0515625 0.07083333333333333
0 0.3194028904665315 0.9667723123732251 0.04375 0.0625
0 0.50703125 0.9625 0.0484375 0.058333333333333334
0 0.7192883171378093 0.8033863368669022 0.0359375 0.04583333333333333
0 0.7746875 0.8254166666666667 0.05 0.06666666666666667
0 0.92265625 0.884856298129813 0.0515625 0.06458333333333334
0 0.53984375 0.8931903282345443 0.0578125 0.07291666666666667
0 0.21462800732217574 0.21210338214783822 0.051562500000000025 0.06458333333333334
0 0.24453125 0.8291666666666667 0.04375 0.0625
0 0.666826923076923 0.6395032051282051 0.046875 0.06458333333333334
0 0.3617708333333333 0.26307291666666666 0.0453125 0.06041666666666667
0 0.8828125 0.765625 0.05 0.06458333333333334
0 0.7100142045454546 0.8488320707070707 0.0453125 0.05625
0 0.4688368055555555 0.5113425925925926 0.0453125 0.058333333333333334
0 0.91875 0.375 0.0421875 0.05625
0 0.73046875 0.5895833333333333 0.0484375 0.06458333333333334
0 0.14140625 0.115625 0.04375 0.05416666666666667
0 0.024094742063492065 0.8685610355253213 0.0358312074829932 0.05852229780801217
2 0.9239715189873419 0.7193960970464135 0.04315664556962009 0.033887130801687704
