0 0.1576008064516129 0.1383266129032258 0.0484375 0.06666666666666665
0 0.10776209677419354 0.03933467741935484 0.05 0.06041666666666667
0 0.3813356164383562 0.07823915525114154 0.046875 0.06041666666666667
0 0.4022479750437828 0.12022402218330415 0.051562499999999956 0.07083333333333333
0 0.454183380312229 0.1773859858340561 0.04375 0.06458333333333334
0 0.5253821768795056 0.23650338997596976 0.0453125 0.0645833333333333
2 0.7080212309160305 0.23973441475826973 0.0421875 0.06041666666666667
0 0.8765372983870968 0.08477150537634408 0.053125 0.06875
0 0.23506944444444447 0.4763194444444444 0.04375 0.05625
0 0.2778134441087613 0.5202983383685801 0.0453125 0.06250000000000006
0 0.277734375 0.29583333333333334 0.0515625 0.06666666666666667
0 0.453125 0.44877155172413796 0.046875 0.06041666666666667
0 0.6666501427664975 0.4328759517766497 0.0484375 0.0625
0 0.8520245295698924 0.5417898745519714 0.0515625 0.06875
0 0.9435376602564103 0.4880662393162393 0.0453125 0.058333333333333334
0 0.98515625 0.41631944444444446 0.0265625 0.06041666666666667
0 0.06796875 0.4552083333333333 0.0421875 0.06041666666666667
0 0.39371071927374307 0.5785090782122905 0.051562500000000046 0.06458333333333334
0 0.4238922946570973 0.6753887559808612 0.051562500000000046 0.06666666666666667
0 0.23416193181818185 0.8734848484848484 0.0515625 0.07083333333333333
0 0.31427951388888886 0.9385802469135803 0.04375 0.0625
0 0.5053001348920863 0.9578836930455635 0.0484375 0.058333333333333334
0 0.6805524553571429 0.7791852678571428 0.0359375 0.04583333333333333
0 0.7510304054054054 0.7985923423423423 0.05 0.06945945945945955
0 0.907421875 0.8697916666666666 0.0515625 0.06458333333333334
0 0.5351462017684887 0.8847836280814576 0.0578125 0.07291666666666667
0 0.13671875 0.43020833333333336 0.0515625 0.06458333333333334
0 0.29817708333333337 0.9336111111111111 0.0421875 0.0625
0 0.925 0.3802083333333333 0.046875 0.06458333333333334
0 0.33203125 0.22399038461538462 0.0453125 0.06041666666666667
0 0.678381990131579 0.824451754385965 0.0453125 0.05625
0 0.44831730769230765 0.4899038461538462 0.0453125 0.058333333333333334
2 0.92265625 0.7136654135338346 0.0421875 0.03333333333333333
