0 0.16328125 0.13541666666666666 0.0484375 0.06666666666666667
0 0.1390625 0.06979166666666667 0.05 0.06041666666666667
0 0.43984375 0.12708333333333333 0.0515625 0.07083333333333333
0 0.4503333694709454 0.1876526814108124 0.04375 0.06458333333333334
0 0.52265625 0.25104166666666666 0.0453125 0.06458333333333334
2 0.7426067073170731 0.31321138211382116 0.0421875 0.06041666666666667
0 0.8883016627078385 0.09230255344418052 0.053125 0.06875
0 0.28232230392156865 0.5324959150326798 0.04375 0.05625000000000006
0 0.29921875 0.5270833333333333 0.0453125 0.0625
0 0.49354130993150686 0.4930650684931507 0.046875 0.06041666666666667
0 0.66796875 0.44166666666666665 0.0484375 0.0625
0 0.90390625 0.5822916666666667 0.0515625 0.06875
0 0.94921875 0.49583333333333335 0.0453125 0.058333333333333334
0 0.98359375 0.41354166666666664 0.0296875 0.06041666666666667
0 0.06796875 0.4552083333333333 0.0421875 0.06041666666666667
0 0.4585277288732394 0.6287607589984351 0.0515625 0.06458333333333334
0 0.42890625 0.6854166666666667 0.0515625 0.06666666666666667
0 0.27421875 0.8958333333333334 0.0515625 0.07083333333333333
0 0.321875 0.96875 0.04375 0.0625
0 0.50703125 0.9625 0.0484375 0.058333333333333334
0 0.73515625 0.8166666666666667 0.0359375 0.04583333333333333
0 0.789164402173913 0.8376358695652174 0.05 0.06666666666666667
0 0.9318643810679612 0.8924858414239482 0.0515625 0.06458333333333334
0 0.53984375 0.8947916666666667 0.0578125 0.07291666666666667
0 0.12336647727272727 0.2805871212121212 0.0515625 0.06458333333333334
0 0.22946428571428573 0.8175054112554112 0.04375 0.0625
0 0.4700721153846154 0.7278846153846154 0.046875 0.06458333333333334
0 0.3829133064516129 0.2977150537634409 0.0453125 0.06041666666666667
0 0.74765625 0.6945138888888889 0.05 0.06458333333333334
0 0.7265625 0.8697916666666666 0.05 0.06458333333333334
0 0.4844713184931507 0.5259917237442923 0.0453125 0.058333333333333334
0 0.9527777777777778 0.16006944444444443 0.0421875 0.05624999999999999
0 0.39901494565217394 0.30149456521739126 0.0484375 0.06458333333333334
0 0.4821732954545454 0.8290719696969696 0.0453125 0.06458333333333334
0 0.025 0.88125 0.040625 0.0625
0 0.32386363636363635 0.6083333333333333 0.05625 0.06666666666666667
0 0.06059782608695652 0.3199728260869565 0.046875 0.06875
2 0.9375 0.7260416666666667 0.053125 0.03958333333333333
