0 0.0734375 0.271875 0.046875 0.06041666666666667
0 0.071875 0.43854166666666666 0.0625 0.07708333333333334
0 0.18925253378378376 0.7446509009009009 0.05468749999999998 0.07083333333333333
0 0.20078125 0.8552083333333333 0.0515625 0.06875
0 0.41484375 0.8802083333333334 0.0515625 0.06458333333333334
0 0.2984375 0.45416666666666666 0.046875 0.0625
0 0.428125 0.46875 0.065625 0.08333333333333333
0 0.634330035971223 0.187455035971223 0.046875 0.0625
0 0.7485937500000001 0.3020138888888889 0.0578125 0.07291666666666667
0 0.85546875 0.4 0.0453125 0.0625
0 0.6483304794520548 0.5696775114155251 0.059375 0.07291666666666667
0 0.653125 0.890625 0.05625 0.07708333333333334
0 0.753125 0.6645833333333333 0.05 0.07083333333333333
0 0.2671875 0.18333333333333332 0.05 0.06666666666666667
0 0.3953125 0.0375 0.053125 0.05
0 0.67265625 0.08958333333333333 0.0640625 0.07916666666666666
0 0.9265625 0.478125 0.053125 0.07291666666666667
0 0.43515625 0.303125 0.0296875 0.04375
