0 0.15083669354838708 0.13750672043010753 0.0484375 0.06666666666666667
0 0.10161290322580645 0.03441532258064516 0.05 0.06041666666666667
0 0.3735017123287671 0.0677939497716895 0.046875 0.06041666666666667
0 0.39924337784588443 0.12289477524810274 0.0515625 0.07083333333333333
0 0.454679369037294 0.17606334923388264 0.04375 0.06458333333333334
0 0.5257748133367662 0.23440932887058014 0.0453125 0.06458333333333334
2 0.6992903148854962 0.22615298982188295 0.0421875 0.06041666666666667
0 0.8734627016129032 0.08231182795698924 0.053125 0.06875
0 0.22977430555555553 0.4678472222222222 0.04375 0.05625
0 0.2757977719033232 0.5187625881168177 0.0453125 0.0625
0 0.42546875 0.5104166666666666 0.0515625 0.058333333333333334
0 0.4545454545454546 0.4438446969696969 0.046875 0.06041666666666667
0 0.6664082328680203 0.4312632191201354 0.0484375 0.0625
0 0.8399537852112676 0.5283010563380282 0.0515625 0.06874999999999994
0 0.9445152243589744 0.4854594017094017 0.0453125 0.058333333333333334
0 0.9882308467741936 0.421785394265233 0.02041330645161299 0.06041666666666667
0 0.06796875 0.4552083333333333 0.0421875 0.06041666666666667
0 0.38213541666666667 0.5698842592592592 0.0515625 0.06458333333333334
0 0.4226761862041467 0.6729565390749601 0.0515625 0.06666666666666667
0 0.4725 0.9335416666666667 0.040625 0.06041666666666667
0 0.22507812500000002 0.8718865740740741 0.0531076388888889 0.0728935185185185
0 0.3125144675925926 0.9354423868312758 0.04375 0.0625
0 0.5039287320143885 0.954226618705036 0.0484375 0.058333333333333334
0 0.6742699795081968 0.7729678961748634 0.0359375 0.04583333333333333
0 0.7469087837837838 0.791722972972973 0.05 0.0749549549549549
0 0.9039348323170732 0.8697916666666666 0.0515625 0.06458333333333334
0 0.5320814911575563 0.8823318595927118 0.0578125 0.07291666666666667
0 0.10984374999999999 0.37270833333333336 0.0515625 0.06458333333333334
0 0.33120404411764703 0.9361519607843137 0.0421875 0.0625
0 0.9807291666666668 0.344945987654321 0.037847222222222324 0.06458333333333334
0 0.3219362745098039 0.20837418300653593 0.040625 0.05416666666666667
0 0.6696032072368421 0.8177631578947369 0.0453125 0.05625
0 0.450761217948718 0.48338675213675214 0.0453125 0.058333333333333334
2 0.92265625 0.7125187969924812 0.0421875 0.03333333333333333
