0 0.16519657258064516 0.139247311827957 0.0484375 0.06666666666666668
0 0.11466733870967742 0.04485887096774193 0.05 0.06041666666666667
0 0.39375 0.08854166666666667 0.046875 0.06041666666666667
0 0.40562198992994747 0.11722489784004671 0.0515625 0.07083333333333333
0 0.45362640936686904 0.17887124168834925 0.04375 0.06458333333333334
0 0.5249412654479918 0.23885491761071062 0.0453125 0.06458333333333337
2 0.7142239874301677 0.2466305865921788 0.0421875 0.06041666666666667
0 0.8799899193548388 0.08753360215053764 0.053125 0.06875
0 0.2375 0.49270833333333336 0.04375 0.05625
0 0.2800769448640483 0.5220229103726083 0.0453125 0.0625
0 0.07265625 0.3296875 0.0515625 0.06666666666666667
0 0.4600532945736434 0.45275355297157627 0.046875 0.06041666666666667
0 0.6669217956852792 0.43468697123519456 0.0484375 0.0625
0 0.8638569078947368 0.5490131578947369 0.0515625 0.06875000000000006
0 0.94846875 0.4950833333333333 0.0453125 0.058333333333333334
0 0.98359375 0.41354166666666664 0.0296875 0.06041666666666667
0 0.06796875 0.4552083333333333 0.0421875 0.06041666666666667
0 0.4032777583798882 0.5801035847299814 0.051562499999999956 0.06458333333333334
0 0.4252579246411483 0.6781200159489633 0.0515625 0.06666666666666667
0 0.24119883849557522 0.8786135693215339 0.0515625 0.07083333333333333
0 0.31626157407407407 0.9421039094650205 0.04375 0.0625
0 0.5068401528776978 0.9619904076738609 0.0484375 0.058333333333333334
0 0.6912609011627907 0.783139534883721 0.0359375 0.04583333333333333
0 0.7564260563380282 0.8053843896713615 0.05 0.06666666666666667
0 0.90859375 0.8774107142857143 0.0515625 0.06458333333333334
0 0.5385877210610932 0.8875368435155412 0.0578125 0.07291666666666667
0 0.234375 0.3697916666666667 0.0515625 0.06458333333333334
0 0.2835532707253886 0.9249784110535406 0.0421875 0.0625
0 0.860546875 0.4322916666666667 0.046875 0.06458333333333334
0 0.3388993818681319 0.2368475274725275 0.0453125 0.060416666666666695
0 0.810875 0.921625 0.050000000000000086 0.06458333333333334
0 0.68991875 0.8332416666666667 0.0453125 0.05625
0 0.4514353197674419 0.4958656330749354 0.0453125 0.058333333333333334
2 0.92265625 0.714953007518797 0.0421875 0.03333333333333333
