0 0.16328125 0.13541666666666666 0.0484375 0.06666666666666667
0 0.13884537841191066 0.06964691894127378 0.05 0.06041666666666667
0 0.43984375 0.12708333333333333 0.0515625 0.07083333333333333
0 0.4506992627927146 0.18667696588609423 0.04375 0.06458333333333334
0 0.52265625 0.25104166666666666 0.0453125 0.06458333333333334
2 0.7402008928571429 0.30319940476190477 0.0421875 0.06041666666666667
0 0.8874665973871734 0.09185718527315914 0.053125 0.06875
0 0.2781432748538012 0.5322916666666667 0.04375 0.05625
0 0.29921875 0.5270833333333333 0.0453125 0.0625
0 0.4901701626712328 0.4892123287671233 0.046875 0.06041666666666667
0 0.66796875 0.44166666666666665 0.0484375 0.0625
0 0.90390625 0.5822916666666667 0.0515625 0.06875
0 0.94921875 0.49583333333333335 0.0453125 0.058333333333333334
0 0.98359375 0.41354166666666664 0.0296875 0.06041666666666667
0 0.06796875 0.4552083333333333 0.0421875 0.06041666666666667
0 0.4545664612676056 0.6252396322378717 0.0515625 0.06458333333333334
0 0.42890625 0.6854166666666667 0.0515625 0.06666666666666667
0 0.27234375 0.8945833333333333 0.0515625 0.07083333333333333
0 0.321875 0.96875 0.04375 0.0625
0 0.50703125 0.9625 0.0484375 0.058333333333333334
0 0.7333482142857143 0.8150595238095238 0.0359375 0.04583333333333333
0 0.7861073369565217 0.8335597826086957 0.04999999999999991 0.06666666666666667
0 0.9304990898058252 0.8906654530744337 0.0515625 0.06458333333333334
0 0.53984375 0.8947916666666667 0.0578125 0.07291666666666667
0 0.1493106617647059 0.27015931372549024 0.0515625 0.06458333333333337
0 0.23950892857142855 0.8223755411255411 0.04375 0.0625
0 0.5231461864406779 0.7009004237288136 0.046875 0.06458333333333334
0 0.3779194078947368 0.29468201754385964 0.04531249999999996 0.06041666666666667
0 0.7864889705882353 0.6549632352941176 0.05 0.06458333333333334
0 0.7231995033112583 0.8662044701986755 0.05 0.06458333333333334
0 0.48061857876712333 0.5227811073059361 0.0453125 0.05833333333333327
0 0.96328125 0.19942129629629632 0.0421875 0.05625
0 0.4280790441176471 0.3938112745098039 0.0484375 0.06458333333333334
0 0.40035511363636367 0.6326704545454546 0.04531250000000005 0.06458333333333334
0 0.025 0.88125 0.040625 0.0625
0 0.37421875 0.9052083333333333 0.05625 0.06666666666666667
2 0.9345312499999998 0.7245833333333334 0.05093750000000004 0.03833333333333329
