0 0.16328125 0.13541666666666666 0.0484375 0.06666666666666667
0 0.1390625 0.06979166666666667 0.05 0.06041666666666667
0 0.43984375 0.12708333333333333 0.0515625 0.07083333333333333
0 0.4500243928881179 0.1884766189650188 0.04375 0.06458333333333334
0 0.52265625 0.25104166666666666 0.0453125 0.06458333333333334
2 0.74296875 0.315625 0.0421875 0.06041666666666667
0 0.8890068289786223 0.09267864212193191 0.053125 0.06875
0 0.2921875 0.534375 0.04375 0.05625
0 0.29921875 0.5270833333333333 0.0453125 0.0625
0 0.4963880565068493 0.49631849315068494 0.046875 0.06041666666666667
0 0.66796875 0.44166666666666665 0.0484375 0.0625
0 0.90390625 0.5822916666666667 0.0515625 0.06875
0 0.94921875 0.49583333333333335 0.0453125 0.058333333333333334
0 0.98359375 0.41354166666666664 0.0296875 0.06041666666666667
0 0.06796875 0.4552083333333333 0.0421875 0.06041666666666667
0 0.46015625 0.6302083333333334 0.0515625 0.06458333333333334
0 0.42890625 0.6854166666666667 0.0515625 0.06666666666666667
0 0.27421875 0.8958333333333334 0.0515625 0.07083333333333333
0 0.321875 0.96875 0.04375 0.0625
0 0.50703125 0.9625 0.0484375 0.058333333333333334
0 0.73515625 0.8166666666666667 0.0359375 0.04583333333333333
0 0.7917459239130435 0.8410778985507246 0.050000000000000086 0.06666666666666667
0 0.9334617077464789 0.8965228873239436 0.0515625 0.06458333333333334
0 0.53984375 0.8947916666666667 0.0578125 0.07291666666666667
0 0.10236575704225352 0.2849031690140845 0.0515625 0.06458333333333337
0 0.2234375 0.8198214285714286 0.04375 0.0625
0 0.4337316176470588 0.7416053921568628 0.046875 0.06458333333333334
0 0.37421875 0.31145833333333334 0.0453125 0.06041666666666667
0 0.7034374999999999 0.675625 0.05 0.06458333333333334
0 0.7265625 0.8697916666666666 0.05 0.06458333333333334
0 0.4877247431506849 0.5287029109589041 0.0453125 0.058333333333333334
0 0.97890625 0.12229166666666667 0.0421875 0.05625
0 0.53515625 0.4764583333333333 0.0484375 0.06458333333333334
0 0.5389062499999999 0.9677083333333333 0.0453125 0.06458333333333334
0 0.025 0.88125 0.040625 0.0625
0 0.2584375 0.39375 0.05625 0.06666666666666667
0 0.125 0.36354166666666665 0.046875 0.06875
0 0.07296875 0.9231250000000001 0.0515625 0.058749999999999976
2 0.9375 0.7260416666666667 0.053125 0.03958333333333333
