0 0.0734375 0.271875 0.046875 0.06041666666666667
0 0.06964863989637307 0.4355731865284974 0.06250000000000001 0.07708333333333334
0 0.1508529243119266 0.7486047400611622 0.0546875 0.07083333333333333
0 0.20078125 0.8552083333333333 0.0515625 0.06875
0 0.41484375 0.8802083333333334 0.0515625 0.06458333333333334
0 0.29253153669724774 0.45022935779816514 0.046875 0.0625
0 0.428125 0.46875 0.065625 0.08333333333333333
0 0.6312275179856115 0.1843525179856115 0.046875 0.0625
0 0.66875 0.28854166666666664 0.0578125 0.07291666666666667
0 0.8529778079710144 0.40083031400966185 0.0453125 0.0625
0 0.6409460616438356 0.561800799086758 0.059375 0.07291666666666667
0 0.653125 0.890625 0.05625 0.07708333333333334
0 0.753125 0.6645833333333333 0.05 0.07083333333333333
0 0.3453125 0.115625 0.0515625 0.07083333333333333
0 0.38681318681318677 0.03131868131868132 0.05312499999999996 0.05
0 0.6626562500000001 0.08208333333333333 0.0640625 0.07916666666666666
0 0.91328125 0.3697916666666667 0.046875 0.07291666666666667
0 0.4350902288732394 0.30294894366197184 0.029467429577464798 0.04339788732394367
