0 0.0734375 0.271875 0.046875 0.06041666666666667
0 0.071875 0.43854166666666666 0.0625 0.07708333333333334
0 0.17046301605504588 0.756861620795107 0.0546875 0.07083333333333333
0 0.20078125 0.8552083333333333 0.0515625 0.06875
0 0.41484375 0.8802083333333334 0.0515625 0.06458333333333334
0 0.2966599770642202 0.4529816513761468 0.046875 0.0625
0 0.428125 0.46875 0.065625 0.08333333333333333
0 0.6328462230215828 0.18597122302158275 0.046875 0.0625
0 0.7079451650943396 0.3129520440251572 0.0578125 0.07291666666666667
0 0.85546875 0.4 0.0453125 0.0625
0 0.644798801369863 0.5659103881278539 0.059375 0.07291666666666667
0 0.653125 0.890625 0.05625 0.07708333333333334
0 0.753125 0.6645833333333333 0.05 0.07083333333333333
0 0.2597395833333333 0.22111111111111112 0.0453125 0.06666666666666667
0 0.39134615384615384 0.03461538461538462 0.053125 0.05
0 0.6704823369565218 0.08795289855072465 0.0640625 0.07916666666666666
0 0.8842708333333332 0.45895833333333336 0.053125 0.07291666666666667
0 0.43515625 0.303125 0.0296875 0.04375
