0 0.16328125 0.13541666666666666 0.0484375 0.06666666666666667
0 0.1390625 0.06979166666666667 0.05 0.06041666666666667
0 0.43984375 0.12708333333333333 0.0515625 0.07083333333333333
0 0.45 0.18854166666666666 0.04375 0.06458333333333334
0 0.52265625 0.25104166666666666 0.0453125 0.06458333333333334
2 0.74296875 0.315625 0.0421875 0.06041666666666667
0 0.8890625 0.09270833333333334 0.053125 0.06875
0 0.2921875 0.534375 0.04375 0.05625
0 0.29921875 0.5270833333333333 0.0453125 0.0625
0 0.4966502568493151 0.49661815068493154 0.046875 0.06041666666666667
0 0.66796875 0.44166666666666665 0.0484375 0.0625
0 0.90390625 0.5822916666666667 0.0515625 0.06875
0 0.94921875 0.49583333333333335 0.0453125 0.058333333333333334
0 0.98359375 0.41354166666666664 0.0296875 0.06041666666666667
0 0.06796875 0.4552083333333333 0.0421875 0.06041666666666667
0 0.46015625 0.6302083333333334 0.0515625 0.06458333333333334
0 0.42890625 0.6854166666666667 0.0515625 0.06666666666666667
0 0.27421875 0.8958333333333334 0.0515625 0.07083333333333333
0 0.321875 0.96875 0.04375 0.0625
0 0.50703125 0.9625 0.0484375 0.058333333333333334
0 0.73515625 0.8166666666666667 0.0359375 0.04583333333333333
0 0.7919836956521739 0.8413949275362319 0.04999999999999991 0.06666666666666667
0 0.93359375 0.896875 0.0515625 0.06458333333333334
0 0.53984375 0.8947916666666667 0.0578125 0.07291666666666667
0 0.10078125 0.284375 0.0515625 0.06458333333333334
0 0.2234375 0.8214880952380952 0.04375 0.0625
0 0.42987132352941176 0.7433210784313726 0.046875 0.06458333333333334
0 0.37421875 0.31145833333333334 0.0453125 0.06041666666666667
0 0.7158482142857143 0.6936011904761905 0.05 0.06458333333333334
0 0.7265625 0.8697916666666666 0.05 0.06458333333333334
0 0.4880244006849315 0.5289526255707763 0.0453125 0.05833333333333339
0 0.97890625 0.13229166666666667 0.0421875 0.05625
0 0.5550223214285714 0.4635416666666667 0.0484375 0.06458333333333334
0 0.025 0.88125 0.040625 0.0625
0 0.2506696428571428 0.368452380952381 0.05625 0.06666666666666667
0 0.125 0.36354166666666665 0.046875 0.06875
0 0.07823660714285714 0.9050595238095238 0.0515625 0.0625
2 0.9375 0.7260416666666667 0.053125 0.03958333333333333
