0 0.16328125 0.13541666666666666 0.0484375 0.06666666666666667
0 0.1390625 0.06979166666666667 0.05 0.06041666666666667
0 0.43984375 0.12708333333333333 0.0515625 0.07083333333333333
0 0.45050005420641803 0.18720818878288523 0.04375 0.06458333333333334
0 0.52265625 0.25104166666666666 0.0453125 0.06458333333333334
2 0.7418254573170732 0.3080030487804878 0.0421875 0.06041666666666667
0 0.8879212440617577 0.09209966349960412 0.053125 0.06875
0 0.2799342105263158 0.5322916666666667 0.04375 0.05625
0 0.29921875 0.5270833333333333 0.0453125 0.0625
0 0.49200556506849313 0.4913099315068493 0.046875 0.06041666666666667
0 0.66796875 0.44166666666666665 0.0484375 0.0625
0 0.90390625 0.5822916666666667 0.0515625 0.06875
0 0.94921875 0.49583333333333335 0.0453125 0.058333333333333334
0 0.98359375 0.41354166666666664 0.0296875 0.06041666666666667
0 0.06796875 0.4552083333333333 0.0421875 0.06041666666666667
0 0.4567231514084507 0.6271566901408451 0.0515625 0.06458333333333334
0 0.42890625 0.6854166666666667 0.0515625 0.06666666666666667
0 0.27421875 0.8958333333333334 0.0515625 0.07083333333333333
0 0.321875 0.96875 0.04375 0.0625
0 0.50703125 0.9625 0.0484375 0.058333333333333334
0 0.73515625 0.8166666666666667 0.0359375 0.04583333333333333
0 0.7877717391304347 0.8357789855072464 0.05 0.06666666666666667
0 0.9312424150485438 0.8916565533980582 0.0515625 0.06458333333333334
0 0.53984375 0.8947916666666667 0.0578125 0.07291666666666667
0 0.13947610294117646 0.28425245098039215 0.0515625 0.06458333333333334
0 0.23404017857142856 0.8197240259740259 0.04375 0.0625
0 0.4950367647058823 0.7239583333333334 0.046875 0.06458333333333334
0 0.3795496323529412 0.30471813725490193 0.04531250000000005 0.06041666666666667
0 0.7653125000000001 0.7110416666666667 0.05 0.06458333333333334
0 0.7257346854304636 0.8689086644591612 0.05 0.06458333333333334
0 0.4827161815068493 0.5245291095890411 0.0453125 0.058333333333333334
0 0.9495659722222222 0.17719907407407406 0.0421875 0.05625
0 0.4221966911764706 0.26170343137254903 0.04843749999999995 0.06458333333333334
0 0.44748263888888895 0.7491898148148147 0.0453125 0.06458333333333334
0 0.025 0.88125 0.040625 0.0625
0 0.315625 0.7458333333333333 0.05625 0.06666666666666667
0 0.0203125 0.303125 0.040625 0.06875
2 0.9363726265822784 0.7254878691983123 0.052294303797468265 0.03910864978902957
