0 0.16328125 0.13541666666666666 0.0484375 0.06666666666666667
0 0.13332428660049628 0.06596619106699751 0.05 0.06041666666666666
0 0.4314031092964824 0.11536850921273031 0.0515625 0.07083333333333333
0 0.45142291847354726 0.18474721740387395 0.04375 0.06458333333333334
0 0.5231969297116374 0.24815804153793336 0.0453125 0.0645833333333333
2 0.73515625 0.28726851851851853 0.0421875 0.06041666666666667
0 0.885815023752969 0.09097634600158354 0.053125 0.06875
0 0.26957547169811324 0.5286753144654087 0.04375 0.05624999999999994
0 0.2942618534482758 0.5270833333333333 0.0453125 0.0625
0 0.48 0.4764583333333333 0.046875 0.06041666666666667
0 0.66796875 0.44166666666666665 0.0484375 0.0625
0 0.905029296875 0.5828938802083333 0.0515625 0.06875
0 0.94921875 0.49583333333333335 0.0453125 0.058333333333333334
0 0.98359375 0.41354166666666664 0.0296875 0.06041666666666667
0 0.06796875 0.4552083333333333 0.0421875 0.06041666666666667
0 0.44564732142857144 0.6150297619047619 0.0515625 0.06458333333333334
0 0.42890625 0.6854166666666667 0.0515625 0.06666666666666667
0 0.265390625 0.8899479166666667 0.0515625 0.07083333333333333
0 0.32103511663286005 0.968078093306288 0.04375 0.0625
0 0.50703125 0.9625 0.0484375 0.058333333333333334
0 0.7232691033568905 0.8064193168433451 0.0359375 0.04583333333333333
0 0.7761845930232558 0.8284108527131783 0.050000000000000086 0.06666666666666667
0 0.92265625 0.8876890814081408 0.0515625 0.06458333333333334
0 0.53984375 0.8944212077756534 0.0578125 0.07291666666666667
0 0.2139546286610879 0.20761419107391912 0.0515625 0.06458333333333334
0 0.209375 0.8385416666666666 0.04375 0.0625
0 0.6227678571428571 0.640327380952381 0.046875 0.06458333333333334
0 0.36845703125 0.2740885416666667 0.0453125 0.06041666666666667
0 0.820703125 0.7213541666666666 0.05 0.06458333333333334
0 0.7139979338842976 0.8582902892561983 0.05 0.06458333333333334
0 0.4730944113756614 0.5158840388007054 0.0453125 0.058333333333333334
0 0.93359375 0.3020833333333333 0.0421875 0.05625
0 0.5455729166666667 0.690625 0.0484375 0.06458333333333334
0 0.2208984375 0.32890625 0.0453125 0.06458333333333334
0 0.024621710526315788 0.8751973684210526 0.03835526315789474 0.06048245614035087
2 0.9278421677215188 0.7212974683544304 0.046008702531645615 0.03551687763713076
