0 0.16328125 0.13541666666666666 0.0484375 0.06666666666666667
0 0.13698433622828785 0.0684062241521919 0.05 0.060416666666666674
0 0.4381630777310924 0.12428221288515408 0.0515625 0.07083333333333335
0 0.4509431916738942 0.1860264888696155 0.04375 0.06458333333333334
0 0.5228171665808444 0.2501834449021627 0.0453125 0.0645833333333333
2 0.7375223214285714 0.298735119047619 0.0421875 0.06041666666666667
0 0.8869098871733966 0.09156027315914489 0.053125 0.06875
0 0.2759502923976608 0.5322916666666667 0.04375 0.05625
0 0.29921875 0.5270833333333333 0.0453125 0.0625
0 0.48792273116438356 0.48664383561643837 0.046875 0.06041666666666667
0 0.66796875 0.44166666666666665 0.0484375 0.0625
0 0.9053977272727274 0.5836174242424242 0.0515625 0.06875
0 0.94921875 0.49583333333333335 0.0453125 0.058333333333333334
0 0.98359375 0.41354166666666664 0.0296875 0.06041666666666667
0 0.06796875 0.4552083333333333 0.0421875 0.06041666666666667
0 0.4519256161971831 0.6228922143974961 0.0515625 0.06458333333333334
0 0.42890625 0.6854166666666667 0.0515625 0.06666666666666667
0 0.27 0.8930208333333333 0.0515625 0.07083333333333333
0 0.321875 0.96875 0.04375 0.0625
0 0.50703125 0.9625 0.0484375 0.058333333333333334
0 0.7293303571428571 0.8114880952380953 0.0359375 0.04583333333333333
0 0.7840692934782609 0.8308423913043478 0.050000000000000086 0.06666666666666667
0 0.9295888956310681 0.8894518608414239 0.0515625 0.06458333333333334
0 0.53984375 0.8947916666666667 0.0578125 0.07291666666666667
0 0.21662946428571428 0.22767857142857142 0.0515625 0.06458333333333334
0 0.2360629562043796 0.8229166666666666 0.04375 0.0625
0 0.5585597826086957 0.6786684782608695 0.046875 0.06458333333333334
0 0.3758285984848485 0.28702651515151517 0.0453125 0.060416666666666695
0 0.7925000000000001 0.7065972222222222 0.050000000000000086 0.06458333333333334
0 0.7200951986754967 0.8628932119205298 0.05 0.06458333333333334
0 0.47805008561643836 0.5206406963470319 0.0453125 0.05833333333333327
0 0.946417025862069 0.23509339080459768 0.0421875 0.05625
0 0.5306770833333333 0.39645833333333336 0.0484375 0.06458333333333334
0 0.35203125 0.5171527777777778 0.0453125 0.0645833333333334
0 0.025 0.88125 0.040625 0.0625
2 0.932276503164557 0.7234757383966245 0.049276107594936745 0.03738396624472576
