0 0.16328125 0.13541666666666666 0.0484375 0.06666666666666667
0 0.12954016749379654 0.06344344499586435 0.05 0.06041666666666667
0 0.4227818781407035 0.11025963149078727 0.0515625 0.07083333333333333
0 0.4519189071986123 0.18342458080370047 0.04375 0.06458333333333334
0 0.5235895661688981 0.24606398043254377 0.0453125 0.0645833333333333
2 0.73515625 0.2755047250859107 0.0421875 0.06041666666666667
0 0.8846830463182898 0.09037262470308788 0.053125 0.06875
0 0.26071428571428573 0.5316964285714286 0.04375 0.05625
0 0.2876885775862069 0.5270833333333333 0.0453125 0.0625
0 0.48122983870967745 0.4698991935483871 0.046875 0.06041666666666667
0 0.6677546002538071 0.4402390016920474 0.0484375 0.0625
0 0.90234375 0.574392361111111 0.0515625 0.06875
0 0.94921875 0.49583333333333335 0.0453125 0.058333333333333334
0 0.98359375 0.41354166666666664 0.0296875 0.06041666666666667
0 0.06796875 0.4552083333333333 0.0421875 0.06041666666666667
0 0.4381602822580645 0.6069018817204301 0.0515625 0.06458333333333334
0 0.42890625 0.6854166666666667 0.0515625 0.06666666666666667
0 0.25903125 0.8896666666666667 0.0515625 0.07083333333333333
0 0.31910180020283974 0.9665314401622719 0.04375 0.0625
0 0.50703125 0.9625 0.0484375 0.058333333333333334
0 0.7185539973498234 0.8028268551236749 0.0359375 0.04583333333333333
0 0.7744113372093023 0.8248643410852714 0.05 0.06666666666666667
0 0.92265625 0.8843337458745875 0.0515625 0.06458333333333334
0 0.53984375 0.8929632727852135 0.0578125 0.07291666666666667
0 0.2147522228033473 0.21293148535564851 0.051562500000000025 0.06458333333333334
0 0.245703125 0.8447916666666667 0.04375 0.0625
0 0.6713942307692308 0.627323717948718 0.046875 0.06458333333333334
0 0.36078125 0.26208333333333333 0.0453125 0.060416666666666695
0 0.881640625 0.7395833333333334 0.05 0.06458333333333334
0 0.7094744318181818 0.8483522727272726 0.0453125 0.05625
0 0.468051421957672 0.5105048500881835 0.0453125 0.058333333333333334
0 0.9345703125 0.37864583333333335 0.0421875 0.05625
0 0.7587890625 0.6263020833333334 0.0484375 0.06458333333333334
0 0.11953125 0.09114583333333333 0.04375 0.05416666666666667
0 0.023623511904761908 0.8678429705215419 0.03542729591836735 0.05924036281179142
2 0.9232575158227847 0.719045358649789 0.042630537974683594 0.0335864978902953
