0 0.16328125 0.13541666666666666 0.0484375 0.06666666666666667
0 0.13363446029776677 0.06617297353184451 0.05 0.06041666666666667
0 0.4321097675879397 0.11578726968174204 0.0515625 0.07083333333333332
0 0.4513822636600174 0.18485563023995374 0.04375 0.06458333333333334
0 0.5231647463954686 0.24832968589083418 0.0453125 0.0645833333333333
2 0.73515625 0.288425925925926 0.0421875 0.060416666666666695
0 0.8859078087885985 0.09102583135391923 0.053125 0.06875
0 0.27016509433962266 0.5290683962264151 0.04375 0.05624999999999994
0 0.29480064655172417 0.5270833333333333 0.0453125 0.0625
0 0.47989919354838706 0.4769959677419355 0.046875 0.06041666666666667
0 0.66796875 0.44166666666666665 0.0484375 0.0625
0 0.905517578125 0.5833821614583333 0.0515625 0.06875
0 0.94921875 0.49583333333333335 0.0453125 0.058333333333333334
0 0.98359375 0.41354166666666664 0.0296875 0.06041666666666667
0 0.06796875 0.4552083333333333 0.0421875 0.06041666666666667
0 0.44620535714285714 0.6157738095238094 0.0515625 0.06458333333333334
0 0.42890625 0.6854166666666667 0.0515625 0.06666666666666667
0 0.26578124999999997 0.8902083333333334 0.0515625 0.07083333333333333
0 0.3211935851926978 0.9682048681541582 0.04375 0.0625
0 0.50703125 0.9625 0.0484375 0.058333333333333334
0 0.7236555874558304 0.8067137809187279 0.0359375 0.04583333333333333
0 0.7763299418604651 0.828701550387597 0.05 0.06666666666666667
0 0.92265625 0.8879641089108911 0.0515625 0.06458333333333334
0 0.53984375 0.8945407106437222 0.0578125 0.07291666666666667
0 0.2138892520920502 0.2071783472803347 0.0515625 0.06458333333333334
0 0.209375 0.8348214285714286 0.04375 0.0625
0 0.6166666666666667 0.646875 0.046875 0.06458333333333334
0 0.369921875 0.2786458333333333 0.0453125 0.06041666666666667
0 0.8234375 0.7177083333333333 0.05 0.06458333333333334
0 0.7145144628099174 0.8586346418732782 0.05 0.06458333333333334
0 0.4735077711640212 0.5163249559082892 0.0453125 0.058333333333333334
0 0.92890625 0.2899305555555555 0.0421875 0.056249999999999974
0 0.546875 0.6375 0.0484375 0.06458333333333334
0 0.23984375 0.3315972222222222 0.0453125 0.06458333333333334
0 0.02466282894736842 0.8758552631578949 0.03860197368421052 0.06070175438596491
2 0.9282179588607594 0.7214820675105486 0.046285601265822686 0.035675105485232096
