ckz3vyyc0000z3867codcgkg7 0 0.08151041666666667 0.6243055555555554 0.03802083333333332 0.04861111111111107
cl4xsg9sb00ac356p1oo54ag8 0 0.20797631048387094 0.9507930107526882 0.03456149193548386 0.04791666666666667
cl4xsgatd00ag356pn78v81ab 0 0.19402974890829694 0.8867631004366813 0.028125 0.04583333333333333
cl4xsgc7s00ak356pc8jz9vpq 0 0.3051445984703633 0.9130716220522626 0.034375 0.04375
cl4xsge0j00ao356p13tlqptg 0 0.035312500000000004 0.7581249999999999 0.028125 0.03125
cl4xsggag00as356pyqef10d2 0 0.6461171407185629 0.8548715069860279 0.03125 0.03958333333333333
cl4xsghzt00ax356pe5pvev6v 0 0.6386236702127659 0.8477216312056738 0.034375 0.041666666666666664
cl4xsgja900b1356p7ux71hb1 0 0.6875 0.88125 0.028125 0.041666666666666664
cl4xsgm1x00b8356p7oxc7wov 0 0.8596894290123457 0.7470910493827161 0.03125 0.03333333333333333
cl4xsgniy00bc356pnz48aa9o 0 0.9366000791139241 0.6533359704641349 0.0421875 0.04791666666666667
cl4xsgom800bg356p4xh90n9s 0 0.8104567307692309 0.4948717948717949 0.03750000000000009 0.04583333333333333
cl4xsgwq300br356p0k1ppyfe 0 0.8747767857142857 0.30178571428571427 0.034375 0.03958333333333333
cl4xsgxxc00bv356ppuucw1yc 0 0.8633348214285714 0.2290952380952381 0.0296875 0.0375
cl4xsgz3p00by356pqgusdo21 0 0.83896875 0.27070833333333333 0.0296875 0.035416666666666666
cl4xsh02b00c1356p9z3mu9uq 0 0.7553720238095238 0.3501289682539683 0.028125 0.03958333333333333
cl4xsh1m900c5356pe0on7b2b 0 0.7246875 0.6008333333333333 0.0421875 0.04583333333333333
cl4xsh3tl00c9356pefbj324r 0 0.9548315092165899 0.1054003456221198 0.028125 0.04375
cl4xsh5ft00cd356p3lr3ww8r 0 0.8700765520134228 0.07156040268456376 0.0328125 0.04583333333333333
cl4xsh72k00ch356pvxbjzv03 0 0.8442651098901098 0.03333333333333333 0.0296875 0.05
cl4xsh8iz00cl356pbia1b62k 0 0.6780164930555556 0.12633101851851852 0.04375 0.04791666666666667
cl4xshaem00cp356plbcizt9o 0 0.6539320054945055 0.171875 0.034375 0.04375
cl4xshc7l00ct356puxlvdquf 0 0.620116327092511 0.2944153817914831 0.0328125 0.04791666666666667
cl4xshdxk00cx356p03y0ofnx 0 0.5891684901531729 0.45951632020423044 0.028125 0.03125
cl4xshfof00d1356pknnc851a 0 0.55625 0.4864583333333333 0.0375 0.03958333333333333
cl4xshh7400d5356p4kzpuyuj 0 0.49632554945054946 0.6545902014652014 0.034375 0.04791666666666667
cl4xshj5q00d9356pn55dcg1h 0 0.4073776169950739 0.5741892446633826 0.03281250000000004 0.03333333333333333
cl4xshlb400di356pkg8e46cx 0 0.3871875 0.5416666666666666 0.028125 0.0375
cl4xshmd000dm356prdmuh8uy 0 0.3863592791411043 0.4575025562372188 0.03125 0.03944274028629854
cl4xshndy00dq356ppajrj7je 0 0.3834635416666667 0.4244212962962963 0.035937500000000046 0.041666666666666664
cl4xshobb00du356pi1fe9qva 0 0.3332048209117221 0.428125 0.0359375 0.027083333333333334
cl4xshpc100dy356pjj2en3eq 0 0.3344765784547311 0.4427083333333333 0.0359375 0.03125
cl4xshq8c00e1356pwn4uctu7 0 0.242626953125 0.5042317708333334 0.0375 0.04791666666666667
cl4xshrdf00e5356pum4j8poj 0 0.17307193396226414 0.43125 0.0375 0.041666666666666664
cl4xshsnv00e9356pnsxn9t7n 0 0.15837422520661157 0.3875 0.03125 0.041666666666666664
cl4xshtmw00ed356phhi6kl03 0 0.12528363853503183 0.3177083333333333 0.0328125 0.04375
cl4xshvhj00el356pzxdhl1hc 0 0.0328125 0.3145833333333333 0.040625 0.041666666666666664
cl4xshx7400eq356pi2efzks5 0 0.0247734428182437 0.3111562570909916 0.028125 0.03958333333333333
cl4xsi0g900eu356px7zao6zm 0 0.36671875 0.8039583333333333 0.0390625 0.04791666666666667
cl4xsi28o00ey356puc8ibxum 0 0.32528622372372373 0.3297829079079079 0.05 0.052083333333333336
cl4xsi35500f2356ppgbactcz 0 0.39923561151079134 0.3458108513189448 0.028124999999999956 0.035416666666666666
cl4xsi41500f6356pueiqwwl8 0 0.48586956521739133 0.31145833333333334 0.034375 0.035356280193236715
cl4xsi5iv00f9356pjlo8kmf9 0 0.5970377604166666 0.21571180555555555 0.04060329861111116 0.05185185185185184
cl4xsi6gv00fd356pjdg1bkrh 0 0.4714488636363637 0.10729166666666666 0.034375 0.04375
cl4xsiafn00fl356p1qsbcpq6 0 0.4337517556179775 0.023958333333333335 0.0296875 0.035416666666666666
cl4xsiboy00fo356p0drg408u 0 0.4082051845342707 0.15350395430579963 0.02733963093145868 0.03775629759812536
cl4xsicyp00ft356p7wxw1bu0 0 0.428966210496614 0.16662669300225733 0.0421875 0.035416666666666666
cl4xsie7n00fx356pm8pe3q0y 0 0.3905183094713657 0.20520833333333333 0.0390625 0.04791666666666667
cl4xsifph00g1356pzw193ip3 0 0.42903932005494505 0.2484260531135531 0.03125 0.04583333333333333
cl4xsigp300g5356p5wqj95t3 0 0.4050439453125 0.3044075520833333 0.029169921874999984 0.03194010416666669
cl4xsijar00g9356pe3t6bfab 0 0.8856075310559006 0.19248835403726708 0.02651397515527947 0.039013975155279525
cl4xsilct00gd356pbvyfyx3w 0 0.6439867424242424 0.6489583333333333 0.034375 0.03958333333333333
cl4xsiofb00gh356pv0fk2ton 0 0.5359375 0.5625 0.034375 0.05416666666666667
cl4xsiq5c00gk356pomjqcg9s 0 0.12317708333333333 0.2965277777777778 0.0375 0.04583333333333333
cl4xsiqzp00go356ps1k0imcg 0 0.58203125 0.6895833333333333 0.0296875 0.03333333333333333
cl4xsirz300gs356phx3arwpe 0 0.56953125 0.653125 0.0296875 0.035416666666666666
cl4xsiurh00gw356pp4j0zkz8 0 0.12860765706806282 0.10577006980802793 0.05625 0.05
cl4ye76bf0003356p49hbaah8 0 0.36640625 0.26458333333333334 0.0328125 0.0375
cl4ye7gk90007356pzvhpy9jz 0 0.43472222222222223 0.2670138888888889 0.0328125 0.039583333333333304
cl4yecqmv000b356pz10agwqg 0 0.9220833333333334 0.6343055555555555 0.028125 0.0375
cl4yef7ve000f356po65wg3a0 0 0.35416666666666663 0.5052083333333334 0.03125 0.035416666666666666
cl4yeinyq000j356pu65gmiti 0 0.9427604166666667 0.44187499999999996 0.0203125 0.03958333333333333
cl4yenvr8000n356pc94w4l2z 0 0.7534722222222222 0.8931712962962963 0.034375 0.04791666666666667
cl4yeq6mi000v356pa8cqxrei 0 0.509765625 0.8885416666666667 0.03125 0.03958333333333333
cl53esppq000p356iyadfxr3a 1 0.54296875 0.6885416666666667 0.1265625 0.15208333333333332
cl53et4za000v356ipefq8v08 1 0.13828125 0.10729166666666666 0.0671875 0.06875
cl53etfxj0012356i1lamqr2b 1 0.36796875 0.27708333333333335 0.0859375 0.0875
cl53eu1pk0016356ibxtrzp44 1 0.628125 0.84375 0.059375 0.06666666666666667
