ckz3vyyc0000z3867codcgkg7 0 0.08802734375 0.6209635416666667 0.026992187499999987 0.03390624999999995
cl4xsg9sb00ac356p1oo54ag8 0 0.2065280720338983 0.953125 0.035460805084745764 0.04791666666666667
cl4xsgatd00ag356pn78v81ab 0 0.19928356986899565 0.8846615720524017 0.02812500000000002 0.04583333333333333
cl4xsgc7s00ak356pc8jz9vpq 0 0.30790511472275334 0.9133783460803059 0.034375 0.04375
cl4xsge0j00ao356p13tlqptg 0 0.15703125 0.75625 0.028125 0.03125
cl4xsggag00as356pyqef10d2 0 0.6483774038461538 0.8542067307692308 0.03125 0.033573717948718
cl4xsghzt00ax356pe5pvev6v 0 0.6370877659574468 0.8470390070921986 0.034375 0.041666666666666664
cl4xsgja900b1356p7ux71hb1 0 0.7202566964285715 0.8828125 0.03337053571428576 0.03794642857142847
cl4xsgkex00b4356p4rm0x8xb 0 0.956640625 0.20572916666666666 0.0328125 0.05
cl4xsgm1x00b8356p7oxc7wov 0 0.8595408950617284 0.746496913580247 0.03125 0.03333333333333333
cl4xsgniy00bc356pnz48aa9o 0 0.94609375 0.6568287037037037 0.0421875 0.04791666666666667
cl4xsgom800bg356p4xh90n9s 0 0.8166834677419355 0.500739247311828 0.03749999999999991 0.04583333333333333
cl4xsgwq300br356p0k1ppyfe 0 0.889609375 0.30114583333333333 0.034375 0.03958333333333333
cl4xsgxxc00bv356ppuucw1yc 0 0.869642065602837 0.228871158392435 0.0296875 0.0375
cl4xsgz3p00by356pqgusdo21 0 0.84140625 0.2730654761904762 0.0296875 0.035416666666666693
cl4xsh02b00c1356p9z3mu9uq 0 0.7572544642857142 0.3489583333333333 0.028627232142857208 0.03958333333333333
cl4xsh1m900c5356pe0on7b2b 0 0.8358593750000001 0.5129166666666667 0.034531250000000034 0.04583333333333333
cl4xsh3tl00c9356pefbj324r 0 0.9576036866359446 0.1090965821812596 0.028125 0.04375
cl4xsh5ft00cd356p3lr3ww8r 0 0.8716914848993289 0.07371364653243848 0.0328125 0.04583333333333333
cl4xsh72k00ch356pvxbjzv03 0 0.8449261675824176 0.03280677655677656 0.0296875 0.05
cl4xsh8iz00cl356pbia1b62k 0 0.6772046232876712 0.13035102739726026 0.04375 0.04791666666666667
cl4xshaem00cp356plbcizt9o 0 0.6550694444444445 0.17085648148148147 0.034375 0.04375
cl4xshc7l00ct356puxlvdquf 0 0.6249454941860465 0.29653585271317834 0.0328125 0.04791666666666667
cl4xshdxk00cx356p03y0ofnx 0 0.5896950218818381 0.4602183625091174 0.028125 0.03125
cl4xshfof00d1356pknnc851a 0 0.5571842783505154 0.4870811855670103 0.0375 0.03958333333333333
cl4xshh7400d5356p4kzpuyuj 0 0.49676625457875456 0.6534149877899879 0.034375 0.04791666666666667
cl4xshj5q00d9356pn55dcg1h 0 0.40856296182266016 0.5749794745484401 0.03281250000000004 0.03333333333333333
cl4xshk9100dd356pnpzahm5y 0 0.07211538461538461 0.8418269230769231 0.04375 0.05
cl4xshlb400di356pkg8e46cx 0 0.3890625 0.5389846743295019 0.028125 0.0375
cl4xshmd000dm356prdmuh8uy 0 0.3893117331288344 0.4589787832310838 0.03125 0.03845858895705519
cl4xshndy00dq356ppajrj7je 0 0.38665625 0.42225 0.035937499999999956 0.041666666666666664
cl4xshobb00du356pi1fe9qva 0 0.3335530481186686 0.428125 0.0359375 0.027083333333333334
cl4xshpc100dy356pjj2en3eq 0 0.3347222813138189 0.4427083333333333 0.0359375 0.03125
cl4xshq8c00e1356pwn4uctu7 0 0.24931034482758624 0.5032543103448276 0.0375 0.04791666666666667
cl4xshrdf00e5356pum4j8poj 0 0.17715801886792454 0.43125 0.0375 0.041666666666666664
cl4xshsnv00e9356pnsxn9t7n 0 0.15986570247933884 0.3875 0.03125 0.041666666666666664
cl4xshtmw00ed356phhi6kl03 0 0.1260400690184049 0.31805342535787323 0.0328125 0.04375
cl4xshvhj00el356pzxdhl1hc 0 0.0328125 0.3145833333333333 0.040625 0.041666666666666664
cl4xshx7400eq356pi2efzks5 0 0.024855343771272975 0.31126545836169733 0.028125 0.03958333333333333
cl4xsi0g900eu356px7zao6zm 0 0.3673519736842105 0.8014254385964912 0.0390625 0.04791666666666667
cl4xsi28o00ey356puc8ibxum 0 0.3270474137931035 0.3300790229885057 0.05 0.052083333333333336
cl4xsi35500f2356ppgbactcz 0 0.39894709232613906 0.3461955435651479 0.028125 0.035416666666666666
cl4xsi41500f6356pueiqwwl8 0 0.4859375 0.3107371794871795 0.034375 0.033974358974359
cl4xsi5iv00f9356pjlo8kmf9 0 0.6012152777777778 0.2179398148148148 0.04004629629629628 0.045910493827160496
cl4xsi6gv00fd356pjdg1bkrh 0 0.5 0.10067934782608697 0.034375 0.04375
cl4xsiafn00fl356p1qsbcpq6 0 0.4351035814606742 0.023958333333333335 0.0296875 0.035416666666666666
cl4xsiboy00fo356p0drg408u 0 0.40862807557117753 0.15110757176332748 0.026493848857644987 0.03691051552431167
cl4xsicyp00ft356p7wxw1bu0 0 0.42950938205417605 0.16626457863054928 0.0421875 0.035416666666666666
cl4xsie7n00fx356pm8pe3q0y 0 0.39422838656387665 0.20520833333333333 0.0390625 0.04791666666666667
cl4xsifph00g1356pzw193ip3 0 0.42870879120879124 0.2497481684981685 0.03125 0.04583333333333333
cl4xsigp300g5356p5wqj95t3 0 0.4071744791666667 0.30657986111111113 0.029921875000000007 0.03093750000000005
cl4xsijar00g9356pe3t6bfab 0 0.8809027777777778 0.2025462962962963 0.025 0.0375
cl4xsilct00gd356pbvyfyx3w 0 0.6402317880794702 0.6510416666666666 0.03609271523178812 0.03958333333333333
cl4xsiofb00gh356pv0fk2ton 0 0.5359375 0.5625 0.034375 0.05416666666666667
cl4xsiq5c00gk356pomjqcg9s 0 0.2520833333333333 0.478125 0.040625 0.041666666666666664
cl4xsiqzp00go356ps1k0imcg 0 0.58203125 0.6895833333333333 0.0296875 0.03333333333333333
cl4xsirz300gs356phx3arwpe 0 0.56953125 0.653125 0.0296875 0.035416666666666666
cl4xsiurh00gw356pp4j0zkz8 0 0.13238710732984293 0.10744982547993019 0.05625 0.05
cl4ye76bf0003356p49hbaah8 0 0.36640625 0.26458333333333334 0.0328125 0.0375
cl4ye7gk90007356pzvhpy9jz 0 0.6390625 0.284375 0.0328125 0.03958333333333333
cl4yecqmv000b356pz10agwqg 0 0.8853125000000001 0.3720833333333333 0.028125 0.0375
cl4yef7ve000f356po65wg3a0 0 0.1453125 0.5302083333333333 0.03125 0.035416666666666666
cl4yeinyq000j356pu65gmiti 0 0.9791015625 0.16041666666666668 0.0203125 0.03958333333333333
cl4yenvr8000n356pc94w4l2z 0 0.934375 0.7979166666666667 0.034375 0.04791666666666667
cl4yeq6mi000v356pa8cqxrei 0 0.6678819444444445 0.935300925925926 0.03125 0.03958333333333333
cl4yeu3sl000z356pwdf1sn68 0 0.0123046875 0.9708333333333333 0.024609375 0.041666666666666664
cl53esppq000p356iyadfxr3a 1 0.54296875 0.6885416666666667 0.1265625 0.15208333333333332
cl53et4za000v356ipefq8v08 1 0.13828125 0.10729166666666666 0.0671875 0.06875
cl53etfxj0012356i1lamqr2b 1 0.36796875 0.27708333333333335 0.0859375 0.0875
cl53eu1pk0016356ibxtrzp44 1 0.628125 0.84375 0.059375 0.06666666666666667
