ckz3vyyc0000z3867codcgkg7 0 0.08487942913385826 0.6253362860892389 0.0375 0.05319881889763778
cl4xsg9sb00ac356p1oo54ag8 0 0.21307010135135135 0.9546452702702702 0.034375 0.04791666666666667
cl4xsgatd00ag356pn78v81ab 0 0.20392330786026203 0.8828056768558952 0.02812500000000002 0.04583333333333333
cl4xsgc7s00ak356pc8jz9vpq 0 0.3102726063829787 0.9135416666666667 0.034375 0.04375
cl4xsge0j00ao356p13tlqptg 0 0.225 0.906875 0.028125 0.03125
cl4xsggag00as356pyqef10d2 0 0.6538246268656717 0.8541666666666666 0.03125 0.03333333333333333
cl4xsghzt00ax356pe5pvev6v 0 0.6357313829787234 0.846436170212766 0.034375 0.041666666666666664
cl4xsgja900b1356p7ux71hb1 0 0.7335018382352941 0.8651348039215686 0.03262867647058822 0.03982843137254903
cl4xsgkex00b4356p4rm0x8xb 0 0.8700520833333334 0.4673611111111111 0.0328125 0.05
cl4xsgm1x00b8356p7oxc7wov 0 0.8594097222222222 0.7459722222222223 0.03125 0.03333333333333333
cl4xsgniy00bc356pnz48aa9o 0 0.94609375 0.654976851851852 0.0421875 0.04791666666666667
cl4xsgom800bg356p4xh90n9s 0 0.8217447916666668 0.5208333333333334 0.037239583333333395 0.04513888888888887
cl4xsgq7700bk356p8b91lbqv 0 0.97734375 0.46979166666666666 0.0265625 0.035416666666666666
cl4xsgwq300br356p0k1ppyfe 0 0.9087500000000001 0.3103869047619048 0.034375 0.03958333333333333
cl4xsgxxc00bv356ppuucw1yc 0 0.8711491578014184 0.22485224586288416 0.0296875 0.0375
cl4xsgz3p00by356pqgusdo21 0 0.8322368421052632 0.2913377192982456 0.03667763157894725 0.033552631578947376
cl4xsh02b00c1356p9z3mu9uq 0 0.7610491071428571 0.3489583333333333 0.03052455357142856 0.03958333333333333
cl4xsh1m900c5356pe0on7b2b 0 0.8330078125 0.30364583333333334 0.038671875 0.04583333333333333
cl4xsh3tl00c9356pefbj324r 0 0.9600518433179724 0.11236079109062981 0.028125 0.04375
cl4xsh5ft00cd356p3lr3ww8r 0 0.87265625 0.07449074074074073 0.0328125 0.04583333333333332
cl4xsh72k00ch356pvxbjzv03 0 0.8455099587912087 0.032028388278388276 0.0296875 0.05
cl4xsh8iz00cl356pbia1b62k 0 0.6815710616438356 0.13132134703196346 0.04375 0.04791666666666667
cl4xshaem00cp356plbcizt9o 0 0.6556597222222222 0.1692824074074074 0.034375 0.04375
cl4xshc7l00ct356puxlvdquf 0 0.6292696220930233 0.29983042635658913 0.0328125 0.04791666666666667
cl4xshdxk00cx356p03y0ofnx 0 0.5901600109409191 0.46083834792122536 0.028125 0.03125
cl4xshfof00d1356pknnc851a 0 0.5582796391752577 0.4878114261168385 0.0375 0.03958333333333333
cl4xshh7400d5356p4kzpuyuj 0 0.4975293803418803 0.6513799857549858 0.034375 0.04791666666666667
cl4xshj5q00d9356pn55dcg1h 0 0.4103849085365853 0.5746443089430894 0.03281249999999995 0.03333333333333333
cl4xshk9100dd356pnpzahm5y 0 0.24375 0.7104166666666667 0.04375 0.05
cl4xshlb400di356pkg8e46cx 0 0.39263117283950616 0.5375 0.028125 0.0375
cl4xshmd000dm356prdmuh8uy 0 0.3919190950920245 0.460282464212679 0.031249999999999955 0.037589468302658524
cl4xshndy00dq356ppajrj7je 0 0.38825000000000004 0.42154166666666665 0.035937500000000046 0.041666666666666664
cl4xshobb00du356pi1fe9qva 0 0.33359375 0.428125 0.0359375 0.027083333333333334
cl4xshpc100dy356pjj2en3eq 0 0.33493926565690946 0.4427083333333333 0.0359375 0.03125
cl4xshq8c00e1356pwn4uctu7 0 0.2559051724137931 0.5042313218390805 0.0375 0.04791666666666667
cl4xshrdf00e5356pum4j8poj 0 0.18076650943396227 0.43125 0.0375 0.041666666666666664
cl4xshsnv00e9356pnsxn9t7n 0 0.1611828512396694 0.3875 0.03125 0.041666666666666664
cl4xshtmw00ed356phhi6kl03 0 0.12669190950920245 0.31892254601226994 0.0328125 0.04375
cl4xshuj200eh356p1im93hd7 0 0.16046875 0.0825 0.0371875 0.043333333333333335
cl4xshvhj00el356pzxdhl1hc 0 0.0328125 0.3145833333333333 0.040625 0.041666666666666664
cl4xshx7400eq356pi2efzks5 0 0.024927671885636486 0.3113618958475153 0.028125 0.03958333333333333
cl4xsi0g900eu356px7zao6zm 0 0.3679111842105263 0.7991885964912281 0.0390625 0.04791666666666667
cl4xsi28o00ey356puc8ibxum 0 0.33071120689655176 0.32910201149425283 0.05 0.052083333333333336
cl4xsi35500f2356ppgbactcz 0 0.39869229616306956 0.34653527178257393 0.028125000000000046 0.035416666666666666
cl4xsi41500f6356pueiqwwl8 0 0.4859375 0.3100560897435898 0.034375 0.0326121794871795
cl4xsi5iv00f9356pjlo8kmf9 0 0.6049045138888889 0.21990740740740738 0.039554398148148186 0.040663580246913585
cl4xsi6gv00fd356pjdg1bkrh 0 0.5200827205882353 0.13131127450980393 0.034375 0.04375
cl4xsiafn00fl356p1qsbcpq6 0 0.4359198778195489 0.023958333333333335 0.0296875 0.035416666666666666
cl4xsiboy00fo356p0drg408u 0 0.40900153778558873 0.14899128588166374 0.025746924428822517 0.03616359109548917
cl4xsicyp00ft356p7wxw1bu0 0 0.42998906602708803 0.16594478931527465 0.0421875 0.035416666666666666
cl4xsie7n00fx356pm8pe3q0y 0 0.3975048182819383 0.20520833333333333 0.03906249999999996 0.04791666666666667
cl4xsifph00g1356pzw193ip3 0 0.4284168956043956 0.2509157509157509 0.03125 0.04583333333333333
cl4xsigp300g5356p5wqj95t3 0 0.40905598958333333 0.30849826388888885 0.030585937499999983 0.0300520833333333
cl4xsijar00g9356pe3t6bfab 0 0.884375 0.20274999999999999 0.025 0.0375
cl4xsilct00gd356pbvyfyx3w 0 0.6419908940397351 0.6510416666666666 0.03679635761589397 0.03958333333333333
cl4xsiofb00gh356pv0fk2ton 0 0.5359375 0.5625 0.034375 0.05416666666666667
cl4xsiq5c00gk356pomjqcg9s 0 0.40434027777777776 0.5988425925925926 0.040625 0.041666666666666664
cl4xsiqzp00go356ps1k0imcg 0 0.58203125 0.6895833333333333 0.0296875 0.03333333333333333
cl4xsirz300gs356phx3arwpe 0 0.56953125 0.653125 0.0296875 0.035416666666666666
cl4xsiurh00gw356pp4j0zkz8 0 0.13572480366492146 0.10893324607329842 0.05625 0.05
cl4ye76bf0003356p49hbaah8 0 0.36640625 0.26458333333333334 0.0328125 0.0375
cl4ye7gk90007356pzvhpy9jz 0 0.8125868055555555 0.3996527777777778 0.0328125 0.03958333333333333
cl4yecqmv000b356pz10agwqg 0 0.920703125 0.122265625 0.028125 0.03723958333333333
cl53esppq000p356iyadfxr3a 1 0.54296875 0.6885416666666667 0.1265625 0.15208333333333332
cl53et4za000v356ipefq8v08 1 0.13828125 0.10729166666666666 0.0671875 0.06875
cl53etfxj0012356i1lamqr2b 1 0.36796875 0.27708333333333335 0.0859375 0.0875
cl53eu1pk0016356ibxtrzp44 1 0.628125 0.84375 0.059375 0.06666666666666667
