ckz3vyyc0000z3867codcgkg7 0 0.05003210616438356 0.609417808219178 0.04375 0.05625
cl4xsg9sb00ac356p1oo54ag8 0 0.1940149456521739 0.9453170289855072 0.035937499999999976 0.04791666666666667
cl4xsgatd00ag356pn78v81ab 0 0.18204009433962265 0.885943396226415 0.028125 0.04583333333333333
cl4xsgc7s00ak356pc8jz9vpq 0 0.27989690721649485 0.9070339347079038 0.03476159793814433 0.04375
cl4xsggag00as356pyqef10d2 0 0.6368357874519847 0.853125 0.03125 0.03958333333333333
cl4xsghzt00ax356pe5pvev6v 0 0.618728595890411 0.8420590753424657 0.034375 0.041666666666666664
cl4xsgja900b1356p7ux71hb1 0 0.6693359375 0.8880208333333334 0.0328125 0.03958333333333333
cl4xsgm1x00b8356p7oxc7wov 0 0.8609375 0.7524065096952909 0.03125 0.03333333333333333
cl4xsgniy00bc356pnz48aa9o 0 0.9011579792490119 0.6369606389986824 0.0421875 0.04791666666666667
cl4xsgom800bg356p4xh90n9s 0 0.7104567307692308 0.43269230769230765 0.0375 0.04583333333333333
cl4xsgwq300br356p0k1ppyfe 0 0.73 0.305625 0.034375 0.03958333333333333
cl4xsgxxc00bv356ppuucw1yc 0 0.8632606907894737 0.21669407894736842 0.0296875 0.0375
cl4xsgz3p00by356pqgusdo21 0 0.81162109375 0.239453125 0.0296875 0.035416666666666666
cl4xsh02b00c1356p9z3mu9uq 0 0.737890625 0.3554315476190476 0.028125 0.03958333333333333
cl4xsh3tl00c9356pefbj324r 0 0.9542221966911765 0.10458792892156862 0.028125 0.04375
cl4xsh5ft00cd356p3lr3ww8r 0 0.8528084935897435 0.06311965811965811 0.0328125 0.04583333333333333
cl4xsh72k00ch356pvxbjzv03 0 0.8339272480237154 0.03102766798418972 0.0296875 0.05
cl4xsh8iz00cl356pbia1b62k 0 0.6554849417098445 0.11187931778929189 0.0390625 0.047916666666666684
cl4xshaem00cp356plbcizt9o 0 0.6398380055147059 0.16874234068627453 0.034375 0.04375
cl4xshc7l00ct356puxlvdquf 0 0.6146749782229965 0.290625 0.0328125 0.04791666666666667
cl4xshdxk00cx356p03y0ofnx 0 0.5839077102803738 0.4566686137071651 0.028125 0.03125
cl4xshfof00d1356pknnc851a 0 0.5520998475609756 0.4864583333333333 0.0375 0.03958333333333333
cl4xshh7400d5356p4kzpuyuj 0 0.4896441605839416 0.6617624695863747 0.034375 0.04791666666666667
cl4xshj5q00d9356pn55dcg1h 0 0.39364248853211004 0.5721712538226299 0.03281249999999995 0.03958333333333333
cl4xshlb400di356pkg8e46cx 0 0.37711348684210527 0.550734649122807 0.028125 0.03749999999999994
cl4xshmd000dm356prdmuh8uy 0 0.38739224137931033 0.459375 0.031249999999999955 0.03958333333333333
cl4xshndy00dq356ppajrj7je 0 0.35887169471153846 0.4007411858974359 0.0359375 0.041666666666666664
cl4xshobb00du356pi1fe9qva 0 0.33151540071770336 0.428125 0.0359375 0.027083333333333334
cl4xshpc100dy356pjj2en3eq 0 0.33232268975493534 0.4427083333333333 0.0359375 0.03125
cl4xshq8c00e1356pwn4uctu7 0 0.23005514705882354 0.5082720588235294 0.0375 0.04791666666666667
cl4xshrdf00e5356pum4j8poj 0 0.1625 0.43801169590643274 0.0375 0.04020467836257312
cl4xshsnv00e9356pnsxn9t7n 0 0.11683467741935485 0.37688172043010754 0.03125 0.041666666666666664
cl4xshtmw00ed356phhi6kl03 0 0.11975537909836065 0.31354166666666666 0.0328125 0.04375
cl4xshvhj00el356pzxdhl1hc 0 0.0328125 0.3145833333333333 0.040625 0.041666666666666664
cl4xshx7400eq356pi2efzks5 0 0.02405547991831178 0.3101989732244157 0.028125 0.03958333333333333
cl4xsi0g900eu356px7zao6zm 0 0.3638885374493927 0.8011344466936572 0.0390625 0.04791666666666667
cl4xsi28o00ey356puc8ibxum 0 0.31185344827586203 0.32561063218390807 0.05 0.052083333333333336
cl4xsi35500f2356ppgbactcz 0 0.40069956036121673 0.3457244138149556 0.028125 0.035416666666666666
cl4xsi41500f6356pueiqwwl8 0 0.48080357142857144 0.3104166666666667 0.034375 0.03392857142857141
cl4xsi5iv00f9356pjlo8kmf9 0 0.5892613636363636 0.21367424242424243 0.040625 0.052083333333333336
cl4xsi6gv00fd356pjdg1bkrh 0 0.37855603448275865 0.03257902298850575 0.034375 0.04375
cl4xsiafn00fl356p1qsbcpq6 0 0.42266322544642854 0.030199032738095242 0.0296875 0.035416666666666666
cl4xsiboy00fo356p0drg408u 0 0.40860567748091603 0.16147423664122137 0.031249999999999955 0.041666666666666664
cl4xsicyp00ft356p7wxw1bu0 0 0.40833143248175185 0.19956660583941604 0.0421875 0.035416666666666666
cl4xsie7n00fx356pm8pe3q0y 0 0.3646644467213115 0.20860086520947177 0.0390625 0.04791666666666667
cl4xsifph00g1356pzw193ip3 0 0.42324361313868614 0.24583333333333332 0.03125 0.04583333333333333
cl4xsigp300g5356p5wqj95t3 0 0.3934606481481482 0.29863040123456785 0.026562500000000044 0.035416666666666666
cl4xsijar00g9356pe3t6bfab 0 0.8615125000000001 0.17494166666666666 0.03125 0.04375
cl4xsilct00gd356pbvyfyx3w 0 0.6322212837837837 0.6535191441441441 0.034375 0.03958333333333333
cl4xsiofb00gh356pv0fk2ton 0 0.5359375 0.5625 0.034375 0.05416666666666667
cl4xsiqzp00go356ps1k0imcg 0 0.58203125 0.6895833333333333 0.0296875 0.03333333333333333
cl4xsirz300gs356phx3arwpe 0 0.56953125 0.653125 0.0296875 0.035416666666666666
cl4xsiurh00gw356pp4j0zkz8 0 0.11700444560669457 0.10098064853556485 0.05625 0.05
cl4ye76bf0003356p49hbaah8 0 0.36640625 0.26458333333333334 0.0328125 0.0375
cl4yfvv49001t356piy5wgc7r 0 0.286875 0.3002083333333333 0.028125 0.03958333333333333
cl4yg6z0l0021356ptvqil6cr 0 0.609375 0.29791666666666666 0.028125 0.041666666666666664
cl4ygprmq002h356ppl30ie7v 0 0.5772321428571429 0.6376488095238095 0.03125 0.04375
cl4yh6rah0035356p8odrzu3l 0 0.2074519230769231 0.9895833333333334 0.03125 0.020833333333333332
cl4yhicek003x356phjxy15za 0 0.9850446428571429 0.4507440476190476 0.02544642857142847 0.04077380952380949
cl4yhuijk004l356prmyfv66t 0 0.64296875 0.05520833333333333 0.034375 0.041666666666666664
cl53esppq000p356iyadfxr3a 1 0.54296875 0.6885416666666667 0.1265625 0.15208333333333332
cl53et4za000v356ipefq8v08 1 0.13828125 0.10729166666666666 0.0671875 0.06875
cl53etfxj0012356i1lamqr2b 1 0.36796875 0.27708333333333335 0.0859375 0.0875
cl53eu1pk0016356ibxtrzp44 1 0.628125 0.84375 0.059375 0.06666666666666667
