ckz3vyyc0000z3867codcgkg7 0 0.0484375 0.6013144841269842 0.04375 0.05625
cl4xsg9sb00ac356p1oo54ag8 0 0.19140625 0.9427083333333334 0.0359375 0.04791666666666667
cl4xsgatd00ag356pn78v81ab 0 0.1796875 0.88125 0.028125 0.04583333333333333
cl4xsgc7s00ak356pc8jz9vpq 0 0.2567245015337424 0.8931301124744376 0.0375 0.04375
cl4xsggag00as356pyqef10d2 0 0.6297635508849557 0.8552083333333333 0.03125 0.03958333333333333
cl4xsghzt00ax356pe5pvev6v 0 0.5790089285714286 0.8398452380952381 0.034375 0.05
cl4xsgja900b1356p7ux71hb1 0 0.66015625 0.8288194444444444 0.0328125 0.03958333333333333
cl4xsgm1x00b8356p7oxc7wov 0 0.8594443044354838 0.7522681451612903 0.03125 0.03333333333333333
cl4xsgniy00bc356pnz48aa9o 0 0.8871116071428572 0.619279761904762 0.0421875 0.04791666666666667
cl4xsgom800bg356p4xh90n9s 0 0.82578125 0.4041666666666667 0.0375 0.04583333333333333
cl4xsgwq300br356p0k1ppyfe 0 0.5881610576923076 0.324599358974359 0.0359375 0.03958333333333333
cl4xsgxxc00bv356ppuucw1yc 0 0.85703125 0.21334876543209877 0.0296875 0.0375
cl4xsgz3p00by356pqgusdo21 0 0.78203125 0.215625 0.0296875 0.035416666666666666
cl4xsh02b00c1356p9z3mu9uq 0 0.7173272357723577 0.3597476287262873 0.028125 0.03958333333333333
cl4xsh3tl00c9356pefbj324r 0 0.9515625 0.10186011904761906 0.028125 0.04375
cl4xsh5ft00cd356p3lr3ww8r 0 0.8480298913043478 0.0567481884057971 0.0328125 0.04583333333333333
cl4xsh72k00ch356pvxbjzv03 0 0.8129464285714286 0.028348214285714286 0.02968750000000009 0.05
cl4xsh8iz00cl356pbia1b62k 0 0.63671875 0.109375 0.0390625 0.04791666666666667
cl4xshaem00cp356plbcizt9o 0 0.6285216346153846 0.1616346153846154 0.034375 0.04375
cl4xshc7l00ct356puxlvdquf 0 0.6124826388888889 0.28854166666666664 0.0328125 0.04791666666666667
cl4xshdxk00cx356p03y0ofnx 0 0.5721693065068493 0.44703196347031965 0.028125 0.03125
cl4xshfof00d1356pknnc851a 0 0.5469903523489933 0.4803621364653244 0.0375 0.03958333333333333
cl4xshh7400d5356p4kzpuyuj 0 0.48125 0.6677083333333333 0.034375 0.04791666666666667
cl4xshj5q00d9356pn55dcg1h 0 0.3760900074850299 0.56187000998004 0.0328125 0.03958333333333333
cl4xshlb400di356pkg8e46cx 0 0.3642227564102564 0.5356303418803419 0.028125 0.03749999999999994
cl4xshmd000dm356prdmuh8uy 0 0.3564621913580247 0.440625 0.03125 0.03958333333333333
cl4xshndy00dq356ppajrj7je 0 0.3311949823943662 0.38125 0.0359375 0.041666666666666664
cl4xshobb00du356pi1fe9qva 0 0.33203125 0.428125 0.0359375 0.027083333333333334
cl4xshpc100dy356pjj2en3eq 0 0.3305038504084411 0.4427083333333333 0.0359375 0.03125
cl4xshq8c00e1356pwn4uctu7 0 0.22126736111111112 0.4933449074074074 0.0375 0.04791666666666667
cl4xshrdf00e5356pum4j8poj 0 0.15186536343612336 0.4366602422907489 0.0375 0.03958333333333333
cl4xshsnv00e9356pnsxn9t7n 0 0.09505208333333333 0.36475694444444445 0.03749999999999999 0.05416666666666667
cl4xshtmw00ed356phhi6kl03 0 0.11969651442307691 0.315625 0.0328125 0.04375
cl4xshvhj00el356pzxdhl1hc 0 0.0328125 0.3145833333333333 0.040625 0.041666666666666664
cl4xshx7400eq356pi2efzks5 0 0.02344920013614704 0.30939060018152936 0.028125 0.03958333333333333
cl4xsi0g900eu356px7zao6zm 0 0.36067187500000003 0.7929375000000001 0.0390625 0.04791666666666667
cl4xsi28o00ey356puc8ibxum 0 0.3121394230769231 0.3201121794871795 0.05 0.052083333333333336
cl4xsi35500f2356ppgbactcz 0 0.40154616207224336 0.34685321609632447 0.028125 0.035416666666666666
cl4xsi41500f6356pueiqwwl8 0 0.46875 0.31244016536118363 0.034375 0.04559399477806784
cl4xsi5iv00f9356pjlo8kmf9 0 0.58294677734375 0.21145833333333333 0.040625 0.052083333333333336
cl4xsiafn00fl356p1qsbcpq6 0 0.4197916666666667 0.03819444444444445 0.0296875 0.035416666666666666
cl4xsiboy00fo356p0drg408u 0 0.40793185763888895 0.1625 0.03125000000000004 0.041666666666666664
cl4xsicyp00ft356p7wxw1bu0 0 0.38650323275862075 0.19270833333333334 0.042187500000000044 0.035416666666666666
cl4xsie7n00fx356pm8pe3q0y 0 0.35415900735294115 0.19721200980392156 0.0390625 0.04791666666666667
cl4xsifph00g1356pzw193ip3 0 0.4234375 0.25155038759689924 0.03125 0.04583333333333333
cl4xsigp300g5356p5wqj95t3 0 0.38696784420289854 0.30520833333333336 0.0265625 0.035416666666666666
cl4xsijar00g9356pe3t6bfab 0 0.8608470394736842 0.17419956140350878 0.03125 0.04375
cl4xsilct00gd356pbvyfyx3w 0 0.6282582364341085 0.6491359819121446 0.034375 0.03958333333333333
cl4xsiofb00gh356pv0fk2ton 0 0.5359375 0.5625 0.034375 0.05416666666666667
cl4xsiqzp00go356ps1k0imcg 0 0.58203125 0.6895833333333333 0.0296875 0.03333333333333333
cl4xsirz300gs356phx3arwpe 0 0.56953125 0.653125 0.0296875 0.035416666666666666
cl4xsiurh00gw356pp4j0zkz8 0 0.1140625 0.1 0.05625 0.05
cl4ye76bf0003356p49hbaah8 0 0.36640625 0.26458333333333334 0.0328125 0.0375
cl4ygz34o002p356ppfe5o7sb 0 0.178125 0.06354166666666666 0.0296875 0.04583333333333333
cl4yh2a0r002x356p2tlidbsl 0 0.33359375 0.821875 0.0296875 0.03958333333333333
cl4yh6rah0035356p8odrzu3l 0 0.19609375 0.9845486111111111 0.0328125 0.030902777777777737
cl4yh7k3r0039356paib9iq4j 0 0.83671875 0.9277083333333334 0.0328125 0.04791666666666667
cl4yh90pk003d356pj4u39x5p 0 0.784765625 0.7494791666666667 0.0375 0.05
cl4yhaoq6003h356pe5ppk1o7 0 0.629079861111111 0.49039351851851853 0.0390625 0.035416666666666666
cl4yhbydk003l356pfy3whii7 0 0.76875 0.10104166666666667 0.025 0.03958333333333333
cl4yhgh5l003t356ps9oanlz2 0 0.82265625 0.56875 0.0375 0.052083333333333336
cl4yhicek003x356phjxy15za 0 0.9421645220588235 0.4267156862745098 0.0265625 0.04375
cl4yhkj9v0041356pgg535fwi 0 0.43094951923076924 0.8503205128205128 0.0421875 0.04583333333333333
cl4yhlk4l0045356p7uku3kf7 0 0.5214657738095239 0.7677083333333333 0.0296875 0.04375
cl4yhny5q0049356pc4yysols 0 0.07421875 0.24166666666666667 0.0359375 0.0375
cl53esppq000p356iyadfxr3a 1 0.54296875 0.6885416666666667 0.1265625 0.15208333333333332
cl53et4za000v356ipefq8v08 1 0.13828125 0.10729166666666666 0.0671875 0.06875
cl53etfxj0012356i1lamqr2b 1 0.36796875 0.27708333333333335 0.0859375 0.0875
cl53eu1pk0016356ibxtrzp44 1 0.628125 0.84375 0.059375 0.06666666666666667
