ckz3vyyc0000z3867codcgkg7 0 0.0499172794117647 0.6052083333333333 0.04375 0.05625
cl4xsg9sb00ac356p1oo54ag8 0 0.19173233695652173 0.9430344202898551 0.035937499999999976 0.04791666666666667
cl4xsgatd00ag356pn78v81ab 0 0.18067187499999998 0.883875 0.028125 0.04583333333333333
cl4xsgc7s00ak356pc8jz9vpq 0 0.27042525773195875 0.9052298109965636 0.03746778350515463 0.04375
cl4xsggag00as356pyqef10d2 0 0.6342029816513761 0.8532396788990826 0.03125 0.03958333333333333
cl4xsghzt00ax356pe5pvev6v 0 0.5978827662721893 0.84375 0.034375 0.04240631163708078
cl4xsgja900b1356p7ux71hb1 0 0.6804129464285714 0.8511904761904762 0.0328125 0.03958333333333333
cl4xsgm1x00b8356p7oxc7wov 0 0.8609375 0.7553150969529087 0.03125 0.03333333333333333
cl4xsgniy00bc356pnz48aa9o 0 0.89765625 0.6373181216931217 0.0421875 0.04791666666666667
cl4xsgom800bg356p4xh90n9s 0 0.7653769841269841 0.4419973544973545 0.0375 0.04583333333333333
cl4xsgwq300br356p0k1ppyfe 0 0.671262668918919 0.3260416666666667 0.0359375 0.03958333333333333
cl4xsgxxc00bv356ppuucw1yc 0 0.85859375 0.21775318979266348 0.0296875 0.0375
cl4xsgz3p00by356pqgusdo21 0 0.79296875 0.22773868653421633 0.0296875 0.035416666666666666
cl4xsh02b00c1356p9z3mu9uq 0 0.7242897727272728 0.3582386363636364 0.028125 0.03958333333333333
cl4xsh3tl00c9356pefbj324r 0 0.9528617058011049 0.103125 0.028125 0.04375
cl4xsh5ft00cd356p3lr3ww8r 0 0.8510371767241379 0.0625 0.0328125 0.04583333333333333
cl4xsh72k00ch356pvxbjzv03 0 0.8220619248466259 0.03045756646216769 0.0296875 0.05
cl4xsh8iz00cl356pbia1b62k 0 0.6527586206896552 0.11298850574712643 0.0390625 0.04791666666666667
cl4xshaem00cp356plbcizt9o 0 0.636748417721519 0.166165611814346 0.034375 0.04375
cl4xshc7l00ct356puxlvdquf 0 0.614911358173077 0.28663862179487176 0.0328125 0.047916666666666635
cl4xshdxk00cx356p03y0ofnx 0 0.5802278037383177 0.45176207165109034 0.028125 0.03125
cl4xshfof00d1356pknnc851a 0 0.5498985389610389 0.4842397186147186 0.0375 0.03958333333333333
cl4xshh7400d5356p4kzpuyuj 0 0.48041193181818176 0.6715530303030304 0.034375 0.04791666666666667
cl4xshj5q00d9356pn55dcg1h 0 0.38604419052863437 0.5721686857562408 0.0328125 0.03958333333333333
cl4xshlb400di356pkg8e46cx 0 0.36858221476510067 0.5488814317673378 0.028125 0.0375
cl4xshmd000dm356prdmuh8uy 0 0.3775607638888889 0.45170717592592596 0.03125 0.03958333333333333
cl4xshndy00dq356ppajrj7je 0 0.3515234375 0.3903515625 0.0359375 0.041666666666666664
cl4xshobb00du356pi1fe9qva 0 0.3326789183937824 0.428125 0.0359375 0.027083333333333334
cl4xshpc100dy356pjj2en3eq 0 0.33151857130701157 0.4427083333333333 0.0359375 0.03125
cl4xshq8c00e1356pwn4uctu7 0 0.22700892857142857 0.5019345238095237 0.0375 0.04791666666666667
cl4xshrdf00e5356pum4j8poj 0 0.1595899163568773 0.4390450743494424 0.0375 0.03958333333333333
cl4xshsnv00e9356pnsxn9t7n 0 0.10478702229299364 0.37027600849256903 0.03333996815286625 0.045010615711252616
cl4xshtmw00ed356phhi6kl03 0 0.11953125 0.3173891843971631 0.0328125 0.04375
cl4xshvhj00el356pzxdhl1hc 0 0.0328125 0.3145833333333333 0.040625 0.041666666666666664
cl4xshx7400eq356pi2efzks5 0 0.023787440435670527 0.30984158724756067 0.028125 0.03958333333333333
cl4xsi0g900eu356px7zao6zm 0 0.3694029850746269 0.7970460199004975 0.0390625 0.04791666666666667
cl4xsi28o00ey356puc8ibxum 0 0.3088616877256318 0.32395833333333335 0.05 0.052083333333333336
cl4xsi35500f2356ppgbactcz 0 0.4010738474334601 0.34622346324461345 0.028125 0.035416666666666666
cl4xsi41500f6356pueiqwwl8 0 0.46875 0.31071040034812886 0.034375 0.03867493472584851
cl4xsi5iv00f9356pjlo8kmf9 0 0.5856066176470589 0.2131004901960784 0.040625 0.052083333333333336
cl4xsiafn00fl356p1qsbcpq6 0 0.42109375 0.03462583612040134 0.0296875 0.035416666666666666
cl4xsiboy00fo356p0drg408u 0 0.409375 0.1625 0.03125 0.041666666666666664
cl4xsicyp00ft356p7wxw1bu0 0 0.39550587871287124 0.1956992574257426 0.042187499999999954 0.035416666666666666
cl4xsie7n00fx356pm8pe3q0y 0 0.35905958850931674 0.2055188923395445 0.0390625 0.04791666666666667
cl4xsifph00g1356pzw193ip3 0 0.42235576923076923 0.24647435897435901 0.03125 0.045833333333333365
cl4xsigp300g5356p5wqj95t3 0 0.3916833726415095 0.3023860062893082 0.026562500000000044 0.035416666666666666
cl4xsijar00g9356pe3t6bfab 0 0.8612861570247935 0.17697141873278235 0.03125 0.04375
cl4xsilct00gd356pbvyfyx3w 0 0.629856418918919 0.6550957207207208 0.034375 0.03958333333333333
cl4xsiofb00gh356pv0fk2ton 0 0.5359375 0.5625 0.034375 0.05416666666666667
cl4xsiqzp00go356ps1k0imcg 0 0.58203125 0.6895833333333333 0.0296875 0.03333333333333333
cl4xsirz300gs356phx3arwpe 0 0.56953125 0.653125 0.0296875 0.035416666666666666
cl4xsiurh00gw356pp4j0zkz8 0 0.1153569560669456 0.10043148535564854 0.05625 0.05
cl4ye76bf0003356p49hbaah8 0 0.36640625 0.26458333333333334 0.0328125 0.0375
cl4yg6z0l0021356ptvqil6cr 0 0.34921875 0.579861111111111 0.0296875 0.0375
cl4yguioh002l356p3ufzdg9z 0 0.47609375 0.19041666666666668 0.0328125 0.041666666666666664
cl4yh0mcw002t356plaxl5npv 0 0.253125 0.8494047619047619 0.040625 0.0375
cl4yh2a0r002x356p2tlidbsl 0 0.4575721153846154 0.9572916666666667 0.03125 0.03958333333333333
cl4yh6rah0035356p8odrzu3l 0 0.20316964285714287 0.9879642857142857 0.031857142857142876 0.024071428571428535
cl4yhicek003x356phjxy15za 0 0.9690312499999999 0.43645833333333334 0.0265625 0.04375
cl4yhlk4l0045356p7uku3kf7 0 0.6611672794117647 0.19301470588235292 0.0296875 0.041666666666666664
cl4yhuijk004l356prmyfv66t 0 0.0328125 0.25104166666666666 0.03125 0.035416666666666666
cl53esppq000p356iyadfxr3a 1 0.54296875 0.6885416666666667 0.1265625 0.15208333333333332
cl53et4za000v356ipefq8v08 1 0.13828125 0.10729166666666666 0.0671875 0.06875
cl53etfxj0012356i1lamqr2b 1 0.36796875 0.27708333333333335 0.0859375 0.0875
cl53eu1pk0016356ibxtrzp44 1 0.628125 0.84375 0.059375 0.06666666666666667
