ckz3vyyc0000z3867codcgkg7 0 0.050931078767123286 0.6106164383561644 0.04375 0.05625
cl4xsg9sb00ac356p1oo54ag8 0 0.19426856884057972 0.945570652173913 0.035937500000000025 0.04791666666666667
cl4xsgatd00ag356pn78v81ab 0 0.18237028301886793 0.8861635220125786 0.028125 0.04583333333333333
cl4xsgc7s00ak356pc8jz9vpq 0 0.28094931271477663 0.9072343928980526 0.034460910652920965 0.04375
cl4xsggag00as356pyqef10d2 0 0.6371158770806657 0.853125 0.03125 0.03958333333333333
cl4xsghzt00ax356pe5pvev6v 0 0.6211258561643835 0.8418593036529681 0.034375 0.041666666666666664
cl4xsgja900b1356p7ux71hb1 0 0.6823517628205129 0.894150641025641 0.0328125 0.03958333333333333
cl4xsgm1x00b8356p7oxc7wov 0 0.8609375 0.7520833333333333 0.03125 0.03333333333333333
cl4xsgniy00bc356pnz48aa9o 0 0.9013309041501977 0.6371912055335969 0.0421875 0.04791666666666667
cl4xsgom800bg356p4xh90n9s 0 0.7498214285714286 0.41791666666666666 0.0375 0.04583333333333333
cl4xsgwq300br356p0k1ppyfe 0 0.7517463235294117 0.31905637254901964 0.034375 0.03958333333333333
cl4xsgxxc00bv356ppuucw1yc 0 0.8638363486842104 0.21592653508771928 0.0296875 0.0375
cl4xsgz3p00by356pqgusdo21 0 0.8194110576923077 0.24078525641025642 0.0296875 0.035416666666666666
cl4xsh02b00c1356p9z3mu9uq 0 0.7390625 0.3554481414868106 0.028125 0.03958333333333333
cl4xsh3tl00c9356pefbj324r 0 0.9543830422794117 0.10480238970588235 0.028125 0.04375
cl4xsh5ft00cd356p3lr3ww8r 0 0.8530328525641024 0.06341880341880342 0.0328125 0.04583333333333333
cl4xsh72k00ch356pvxbjzv03 0 0.8342730978260869 0.030797101449275357 0.0296875 0.05
cl4xsh8iz00cl356pbia1b62k 0 0.6566183613989638 0.11218156303972367 0.0390625 0.047916666666666684
cl4xshaem00cp356plbcizt9o 0 0.6399988511029412 0.16895680147058822 0.034375 0.04375
cl4xshc7l00ct356puxlvdquf 0 0.613760344076655 0.290625 0.0328125 0.04791666666666667
cl4xshdxk00cx356p03y0ofnx 0 0.5843165887850467 0.457213785046729 0.028125 0.03125
cl4xshfof00d1356pknnc851a 0 0.5524199695121952 0.4864583333333333 0.0375 0.03958333333333333
cl4xshh7400d5356p4kzpuyuj 0 0.4918795620437956 0.6583561435523114 0.034375 0.04791666666666667
cl4xshj5q00d9356pn55dcg1h 0 0.3944452408256881 0.5719036697247707 0.0328125 0.03958333333333333
cl4xshlb400di356pkg8e46cx 0 0.37734375 0.5510416666666667 0.028125 0.0375
cl4xshmd000dm356prdmuh8uy 0 0.38688936781609196 0.459375 0.03125 0.03958333333333333
cl4xshndy00dq356ppajrj7je 0 0.3595027043269231 0.4024238782051282 0.0359375 0.041666666666666664
cl4xshobb00du356pi1fe9qva 0 0.33109674043062204 0.428125 0.0359375 0.027083333333333334
cl4xshpc100dy356pjj2en3eq 0 0.33241203624914906 0.4427083333333333 0.0359375 0.03125
cl4xshq8c00e1356pwn4uctu7 0 0.2302267156862745 0.5087295751633987 0.0375 0.04791666666666667
cl4xshrdf00e5356pum4j8poj 0 0.1625 0.43852339181286554 0.0375 0.0404093567251462
cl4xshsnv00e9356pnsxn9t7n 0 0.11829044117647058 0.3774509803921569 0.03125 0.041666666666666664
cl4xshtmw00ed356phhi6kl03 0 0.11993468237704918 0.31354166666666666 0.0328125 0.04375
cl4xshvhj00el356pzxdhl1hc 0 0.0328125 0.3145833333333333 0.040625 0.041666666666666664
cl4xshx7400eq356pi2efzks5 0 0.024085262083049695 0.31023868277739963 0.028125 0.03958333333333333
cl4xsi0g900eu356px7zao6zm 0 0.36300290991902834 0.8016067813765182 0.0390625 0.04791666666666667
cl4xsi28o00ey356puc8ibxum 0 0.3122844827586207 0.32589798850574714 0.05 0.052083333333333336
cl4xsi35500f2356ppgbactcz 0 0.4006579729087452 0.345668963878327 0.028124999999999956 0.035416666666666666
cl4xsi41500f6356pueiqwwl8 0 0.48250811688311684 0.3104166666666667 0.034375 0.03342352092352089
cl4xsi5iv00f9356pjlo8kmf9 0 0.5896590909090909 0.21393939393939393 0.040625 0.052083333333333336
cl4xsi6gv00fd356pjdg1bkrh 0 0.38092296511627904 0.034229651162790704 0.034375 0.04375
cl4xsiafn00fl356p1qsbcpq6 0 0.4228585379464286 0.029938616071428573 0.0296875 0.035416666666666666
cl4xsiboy00fo356p0drg408u 0 0.40843869274809164 0.1612515903307888 0.03125000000000004 0.041666666666666664
cl4xsicyp00ft356p7wxw1bu0 0 0.40960880474452555 0.19914081508515816 0.0421875 0.035416666666666666
cl4xsie7n00fx356pm8pe3q0y 0 0.3653816598360656 0.20891962659380692 0.0390625 0.04791666666666667
cl4xsifph00g1356pzw193ip3 0 0.4234032846715328 0.24583333333333332 0.03125 0.04583333333333333
cl4xsigp300g5356p5wqj95t3 0 0.39386574074074077 0.29836033950617286 0.0265625 0.035416666666666666
cl4xsijar00g9356pe3t6bfab 0 0.8613375 0.17400833333333335 0.03125 0.04375
cl4xsilct00gd356pbvyfyx3w 0 0.6324840465465466 0.653343968968969 0.034375 0.03958333333333333
cl4xsiofb00gh356pv0fk2ton 0 0.5359375 0.5625 0.034375 0.05416666666666667
cl4xsiqzp00go356ps1k0imcg 0 0.58203125 0.6895833333333333 0.0296875 0.03333333333333333
cl4xsirz300gs356phx3arwpe 0 0.56953125 0.653125 0.0296875 0.035416666666666666
cl4xsiurh00gw356pp4j0zkz8 0 0.1171875 0.10104166666666667 0.05625 0.05
cl4ye76bf0003356p49hbaah8 0 0.36640625 0.26458333333333334 0.0328125 0.0375
cl4yfvv49001t356piy5wgc7r 0 0.24609375 0.23125 0.028125 0.03958333333333333
cl4yg6z0l0021356ptvqil6cr 0 0.655078125 0.3932291666666667 0.028125 0.041666666666666664
cl4ygprmq002h356ppl30ie7v 0 0.503125 0.6802083333333333 0.03125 0.04375
cl4yh6rah0035356p8odrzu3l 0 0.20784583333333334 0.9896055555555556 0.03125 0.020788888888888836
cl4yhicek003x356phjxy15za 0 0.9869543650793651 0.45259589947089945 0.025099206349206326 0.0398478835978836
cl53esppq000p356iyadfxr3a 1 0.54296875 0.6885416666666667 0.1265625 0.15208333333333332
cl53et4za000v356ipefq8v08 1 0.13828125 0.10729166666666666 0.0671875 0.06875
cl53etfxj0012356i1lamqr2b 1 0.36796875 0.27708333333333335 0.0859375 0.0875
cl53eu1pk0016356ibxtrzp44 1 0.628125 0.84375 0.059375 0.06666666666666667
