ckz3vyyc0000z3867codcgkg7 0 0.05 0.606482438016529 0.04375 0.05625
cl4xsg9sb00ac356p1oo54ag8 0 0.19248414855072463 0.943786231884058 0.035937499999999976 0.04791666666666667
cl4xsgatd00ag356pn78v81ab 0 0.18093125000000002 0.8845666666666666 0.028125 0.04583333333333333
cl4xsgc7s00ak356pc8jz9vpq 0 0.2735448883161512 0.9058240263459336 0.03657646048109968 0.04375
cl4xsggag00as356pyqef10d2 0 0.6351452464788732 0.853125 0.03125 0.03958333333333333
cl4xsghzt00ax356pe5pvev6v 0 0.6042594178082192 0.8432648401826484 0.034375 0.041666666666666664
cl4xsgja900b1356p7ux71hb1 0 0.6768028846153846 0.8182692307692307 0.0328125 0.03958333333333333
cl4xsgm1x00b8356p7oxc7wov 0 0.8609375 0.7543571098799631 0.03125 0.03333333333333333
cl4xsgniy00bc356pnz48aa9o 0 0.89765625 0.638004298941799 0.0421875 0.04791666666666667
cl4xsgom800bg356p4xh90n9s 0 0.7684659090909091 0.43996212121212125 0.0375 0.04583333333333333
cl4xsgwq300br356p0k1ppyfe 0 0.6783943965517241 0.3314295977011494 0.034375 0.03958333333333333
cl4xsgxxc00bv356ppuucw1yc 0 0.8594057578740157 0.21875 0.0296875 0.0375
cl4xsgz3p00by356pqgusdo21 0 0.79296875 0.22950552208835343 0.0296875 0.035416666666666666
cl4xsh02b00c1356p9z3mu9uq 0 0.7261035839160839 0.35582022144522146 0.028125 0.03958333333333333
cl4xsh3tl00c9356pefbj324r 0 0.9532513786764707 0.10329350490196078 0.028125 0.04375
cl4xsh5ft00cd356p3lr3ww8r 0 0.8515961745689655 0.0625 0.0328125 0.04583333333333333
cl4xsh72k00ch356pvxbjzv03 0 0.8255879510309277 0.03125 0.0296875 0.05
cl4xsh8iz00cl356pbia1b62k 0 0.6532058189655172 0.11239224137931035 0.0390625 0.04791666666666667
cl4xshaem00cp356plbcizt9o 0 0.6383900316455696 0.1672600210970464 0.034375 0.04375
cl4xshc7l00ct356puxlvdquf 0 0.6155348557692307 0.2883012820512821 0.0328125 0.04791666666666667
cl4xshdxk00cx356p03y0ofnx 0 0.5814398364485982 0.4533781152647975 0.028125 0.03125
cl4xshfof00d1356pknnc851a 0 0.5505722402597403 0.485137987012987 0.0375 0.03958333333333333
cl4xshh7400d5356p4kzpuyuj 0 0.4821803977272728 0.6707670454545454 0.034375 0.04791666666666667
cl4xshj5q00d9356pn55dcg1h 0 0.3887973050458716 0.5737863149847094 0.03281250000000004 0.03958333333333333
cl4xshlb400di356pkg8e46cx 0 0.3718472633136095 0.55 0.028125 0.0375
cl4xshmd000dm356prdmuh8uy 0 0.38356481481481486 0.4557098765432099 0.03125 0.03958333333333333
cl4xshndy00dq356ppajrj7je 0 0.35476562500000003 0.39143229166666665 0.0359375 0.041666666666666664
cl4xshobb00du356pi1fe9qva 0 0.33335087435233157 0.428125 0.0359375 0.027083333333333334
cl4xshpc100dy356pjj2en3eq 0 0.3317834198434309 0.4427083333333333 0.0359375 0.03125
cl4xshq8c00e1356pwn4uctu7 0 0.22816685267857145 0.5042503720238095 0.0375 0.04791666666666667
cl4xshrdf00e5356pum4j8poj 0 0.16103624535315986 0.437759448574969 0.0375 0.03958333333333333
cl4xshsnv00e9356pnsxn9t7n 0 0.10831653225806452 0.3720142089093702 0.031250000000000014 0.041666666666666664
cl4xshtmw00ed356phhi6kl03 0 0.11953125 0.3159175531914894 0.0328125 0.04375
cl4xshvhj00el356pzxdhl1hc 0 0.0328125 0.3145833333333333 0.040625 0.041666666666666664
cl4xshx7400eq356pi2efzks5 0 0.023875723281143634 0.30995929770819153 0.028125 0.03958333333333333
cl4xsi0g900eu356px7zao6zm 0 0.3684351679104477 0.7983364427860696 0.0390625 0.04791666666666667
cl4xsi28o00ey356puc8ibxum 0 0.3093298736462094 0.32395833333333335 0.05 0.052083333333333336
cl4xsi35500f2356ppgbactcz 0 0.40095057034220527 0.34605909378960714 0.028124999999999956 0.035416666666666666
cl4xsi41500f6356pueiqwwl8 0 0.4705154220779221 0.3104166666666667 0.034375 0.03697691197691195
cl4xsi5iv00f9356pjlo8kmf9 0 0.5864300271739131 0.21354166666666666 0.040625 0.052083333333333336
cl4xsi6gv00fd356pjdg1bkrh 0 0.37919034090909093 0.010511363636363635 0.023153409090909082 0.02102272727272727
cl4xsiafn00fl356p1qsbcpq6 0 0.4214353197674418 0.033464147286821705 0.0296875 0.035416666666666666
cl4xsiboy00fo356p0drg408u 0 0.409375 0.1625 0.03125 0.041666666666666664
cl4xsicyp00ft356p7wxw1bu0 0 0.3997702205882353 0.19883578431372548 0.042187500000000044 0.035416666666666666
cl4xsie7n00fx356pm8pe3q0y 0 0.3606706133540373 0.2065929089026915 0.0390625 0.04791666666666667
cl4xsifph00g1356pzw193ip3 0 0.42227988138686134 0.24583333333333332 0.03125 0.04583333333333333
cl4xsigp300g5356p5wqj95t3 0 0.39217275943396224 0.3010809748427673 0.0265625 0.035416666666666666
cl4xsijar00g9356pe3t6bfab 0 0.8623579545454545 0.17982954545454544 0.03125 0.04375
cl4xsilct00gd356pbvyfyx3w 0 0.6306353228228228 0.6545764514514514 0.034375 0.03958333333333333
cl4xsiofb00gh356pv0fk2ton 0 0.5359375 0.5625 0.034375 0.05416666666666667
cl4xsiqzp00go356ps1k0imcg 0 0.58203125 0.6895833333333333 0.0296875 0.03333333333333333
cl4xsirz300gs356phx3arwpe 0 0.56953125 0.653125 0.0296875 0.035416666666666666
cl4xsiurh00gw356pp4j0zkz8 0 0.11589958158995817 0.10061236052998605 0.05625000000000001 0.05
cl4ye76bf0003356p49hbaah8 0 0.36640625 0.26458333333333334 0.0328125 0.0375
cl4yfvv49001t356piy5wgc7r 0 0.4859375 0.8489583333333334 0.028125 0.03958333333333333
cl4yg6z0l0021356ptvqil6cr 0 0.45859375 0.43125 0.0296875 0.0375
cl4ygprmq002h356ppl30ie7v 0 0.8671875 0.8135416666666667 0.03125 0.04375
cl4yguioh002l356p3ufzdg9z 0 0.64609375 0.1125 0.0328125 0.041666666666666664
cl4yh0mcw002t356plaxl5npv 0 0.3765625 0.93125 0.040625 0.0375
cl4yh6rah0035356p8odrzu3l 0 0.2049128605769231 0.9895833333333334 0.03125 0.020833333333333332
cl4yhicek003x356phjxy15za 0 0.9723292151162791 0.43645833333333334 0.0265625 0.04375
cl4yhlk4l0045356p7uku3kf7 0 0.6844769021739131 0.043432971014492755 0.0296875 0.043568840579710146
cl4yhpuyn004d356pdnyh291k 0 0.17486979166666666 0.6222222222222222 0.0359375 0.04375
cl4yht3hu004h356p1747l589 0 0.0125 0.17291666666666666 0.025 0.03333333333333333
cl4yhuijk004l356prmyfv66t 0 0.227734375 0.153125 0.034375 0.041666666666666664
cl53esppq000p356iyadfxr3a 1 0.54296875 0.6885416666666667 0.1265625 0.15208333333333332
cl53et4za000v356ipefq8v08 1 0.13828125 0.10729166666666666 0.0671875 0.06875
cl53etfxj0012356i1lamqr2b 1 0.36796875 0.27708333333333335 0.0859375 0.0875
cl53eu1pk0016356ibxtrzp44 1 0.628125 0.84375 0.059375 0.06666666666666667
