ckz3vyyc0000z3867codcgkg7 0 0.07764423076923077 0.6259348290598291 0.04375 0.05625
cl4xsg9sb00ac356p1oo54ag8 0 0.2061617943548387 0.950470430107527 0.03480342741935485 0.04791666666666667
cl4xsgatd00ag356pn78v81ab 0 0.1913054435483871 0.8877352150537635 0.028125 0.04583333333333333
cl4xsgc7s00ak356pc8jz9vpq 0 0.30342375717017206 0.9128804174633525 0.034375 0.04375
cl4xsggag00as356pyqef10d2 0 0.6447698353293413 0.8542727045908183 0.03125 0.03958333333333333
cl4xsghzt00ax356pe5pvev6v 0 0.6382886904761904 0.8476587301587302 0.034375 0.041666666666666664
cl4xsgja900b1356p7ux71hb1 0 0.6849247685185185 0.8640432098765433 0.0328125 0.03333333333333333
cl4xsgm1x00b8356p7oxc7wov 0 0.8597820216049383 0.7474614197530864 0.03125 0.03333333333333333
cl4xsgniy00bc356pnz48aa9o 0 0.9290051424050633 0.6501714135021097 0.0421875 0.04791666666666667
cl4xsgom800bg356p4xh90n9s 0 0.8058128238341968 0.4928756476683938 0.03749999999999991 0.04583333333333333
cl4xsgwq300br356p0k1ppyfe 0 0.8664473684210525 0.3078399122807018 0.034375 0.03958333333333333
cl4xsgxxc00bv356ppuucw1yc 0 0.8646205357142858 0.22738095238095238 0.0296875 0.0375
cl4xsgz3p00by356pqgusdo21 0 0.8369687499999999 0.2680416666666667 0.0296875 0.035416666666666666
cl4xsh02b00c1356p9z3mu9uq 0 0.7546875 0.3510864695340502 0.028125 0.03958333333333333
cl4xsh1m900c5356pe0on7b2b 0 0.60859375 0.6875 0.0421875 0.04583333333333333
cl4xsh3tl00c9356pefbj324r 0 0.9561197916666666 0.10520833333333333 0.028125 0.04375
cl4xsh5ft00cd356p3lr3ww8r 0 0.8687078967065869 0.07028443113772456 0.0328125 0.045833333333333344
cl4xsh72k00ch356pvxbjzv03 0 0.8438530219780219 0.03333333333333333 0.0296875 0.05
cl4xsh8iz00cl356pbia1b62k 0 0.6773106060606061 0.12549873737373737 0.042935606060606 0.04791666666666665
cl4xshaem00cp356plbcizt9o 0 0.6528331043956044 0.171875 0.034375 0.04375
cl4xshc7l00ct356puxlvdquf 0 0.6171427588105727 0.2939748531571219 0.0328125 0.04791666666666667
cl4xshdxk00cx356p03y0ofnx 0 0.5888402625820569 0.4590786834427425 0.028125 0.03125
cl4xshfof00d1356pknnc851a 0 0.55625 0.4864583333333333 0.0375 0.03958333333333333
cl4xshh7400d5356p4kzpuyuj 0 0.4960508241758242 0.6553228021978021 0.034375 0.04791666666666667
cl4xshj5q00d9356pn55dcg1h 0 0.4066387007389163 0.5736966338259442 0.03281250000000004 0.03333333333333333
cl4xshlb400di356pkg8e46cx 0 0.3859375 0.5456761006289308 0.028125 0.03749999999999994
cl4xshmd000dm356prdmuh8uy 0 0.384130859375 0.45608723958333336 0.03125 0.03958333333333333
cl4xshndy00dq356ppajrj7je 0 0.3771886927480916 0.42310750636132316 0.0359375 0.041666666666666664
cl4xshobb00du356pi1fe9qva 0 0.33298774421128796 0.428125 0.0359375 0.027083333333333334
cl4xshpc100dy356pjj2en3eq 0 0.33432341303607893 0.4427083333333333 0.0359375 0.03125
cl4xshq8c00e1356pwn4uctu7 0 0.238525390625 0.5050130208333333 0.0375 0.04791666666666667
cl4xshrdf00e5356pum4j8poj 0 0.1705247641509434 0.43125 0.0375 0.041666666666666664
cl4xshsnv00e9356pnsxn9t7n 0 0.15744447314049587 0.3875 0.03125 0.041666666666666664
cl4xshtmw00ed356phhi6kl03 0 0.12480593152866241 0.3177083333333333 0.0328125 0.04375
cl4xshvhj00el356pzxdhl1hc 0 0.0328125 0.3145833333333333 0.040625 0.041666666666666664
cl4xshx7400eq356pi2efzks5 0 0.024722387678692986 0.3110881835715906 0.028125 0.03958333333333333
cl4xsi0g900eu356px7zao6zm 0 0.3660986712598425 0.8053723753280839 0.0390625 0.04791666666666667
cl4xsi28o00ey356puc8ibxum 0 0.32438532282282284 0.3294826076076076 0.05 0.052083333333333336
cl4xsi35500f2356ppgbactcz 0 0.3994154676258993 0.3455710431654676 0.028125 0.035416666666666666
cl4xsi41500f6356pueiqwwl8 0 0.4852173913043479 0.31145833333333334 0.034375 0.03477657004830922
cl4xsi5iv00f9356pjlo8kmf9 0 0.5964223444206008 0.215625 0.040625 0.052083333333333336
cl4xsi6gv00fd356pjdg1bkrh 0 0.4411458333333333 0.09409722222222222 0.034375 0.04375
cl4xsiafn00fl356p1qsbcpq6 0 0.4329090589887641 0.023958333333333335 0.0296875 0.035416666666666666
cl4xsiboy00fo356p0drg408u 0 0.4079415641476274 0.15499780316344464 0.027866871704745177 0.03828353837141183
cl4xsicyp00ft356p7wxw1bu0 0 0.42862761004514677 0.16685242663656885 0.0421875 0.035416666666666666
cl4xsie7n00fx356pm8pe3q0y 0 0.3883815940366972 0.20585818042813456 0.03906249999999996 0.04791666666666667
cl4xsifph00g1356pzw193ip3 0 0.42924536401098906 0.2476018772893773 0.03125 0.045833333333333365
cl4xsigp300g5356p5wqj95t3 0 0.40371582031250003 0.30305338541666665 0.028701171875000007 0.03256510416666666
cl4xsijar00g9356pe3t6bfab 0 0.8832783385093169 0.19093555900621118 0.02837732919254652 0.04087732919254658
cl4xsilct00gd356pbvyfyx3w 0 0.6390625 0.653125 0.034375 0.03958333333333333
cl4xsiofb00gh356pv0fk2ton 0 0.5359375 0.5625 0.034375 0.05416666666666667
cl4xsiq5c00gk356pomjqcg9s 0 0.016852678571428574 0.22291666666666668 0.02611607142857143 0.036309523809523785
cl4xsiqzp00go356ps1k0imcg 0 0.58203125 0.6895833333333333 0.0296875 0.03333333333333333
cl4xsirz300gs356phx3arwpe 0 0.56953125 0.653125 0.0296875 0.035416666666666666
cl4xsiurh00gw356pp4j0zkz8 0 0.12625163612565443 0.10472294938917975 0.05625 0.05
cl4ye76bf0003356p49hbaah8 0 0.36640625 0.26458333333333334 0.0328125 0.0375
cl4ye7gk90007356pzvhpy9jz 0 0.38647836538461544 0.41033653846153845 0.03281250000000004 0.03958333333333333
cl4yecqmv000b356pz10agwqg 0 0.9669642857142857 0.7958333333333333 0.028125 0.0375
cl4yef7ve000f356po65wg3a0 0 0.490625 0.4880787037037037 0.03125 0.035416666666666666
cl4yeinyq000j356pu65gmiti 0 0.93984375 0.609375 0.0203125 0.03958333333333333
cl4yenvr8000n356pc94w4l2z 0 0.6464285714285715 0.9476190476190477 0.036160714285714234 0.041071428571428585
cl4yeq6mi000v356pa8cqxrei 0 0.36825284090909094 0.9055871212121213 0.0296875 0.03958333333333333
cl53esppq000p356iyadfxr3a 1 0.54296875 0.6885416666666667 0.1265625 0.15208333333333332
cl53et4za000v356ipefq8v08 1 0.13828125 0.10729166666666666 0.0671875 0.06875
cl53etfxj0012356i1lamqr2b 1 0.36796875 0.27708333333333335 0.0859375 0.0875
cl53eu1pk0016356ibxtrzp44 1 0.628125 0.84375 0.059375 0.06666666666666667
