ckz3vyyc0000z3867codcgkg7 0 0.0484375 0.6024801587301588 0.04375 0.05625
cl4xsg9sb00ac356p1oo54ag8 0 0.19140625 0.9427083333333334 0.0359375 0.04791666666666667
cl4xsgatd00ag356pn78v81ab 0 0.17982499999999998 0.8816166666666666 0.028125 0.04583333333333333
cl4xsgc7s00ak356pc8jz9vpq 0 0.2587519171779141 0.8949322597137015 0.0375 0.04375
cl4xsggag00as356pyqef10d2 0 0.6300884955752213 0.8552083333333333 0.03125 0.03958333333333333
cl4xsghzt00ax356pe5pvev6v 0 0.5827857142857142 0.8409642857142857 0.034375 0.05
cl4xsgja900b1356p7ux71hb1 0 0.6517027243589744 0.8187767094017093 0.0328125 0.03958333333333333
cl4xsgm1x00b8356p7oxc7wov 0 0.8597404233870968 0.7530577956989247 0.03125 0.03333333333333333
cl4xsgniy00bc356pnz48aa9o 0 0.8887901785714286 0.6259940476190475 0.0421875 0.04791666666666667
cl4xsgom800bg356p4xh90n9s 0 0.821875 0.4125 0.0375 0.04583333333333333
cl4xsgwq300br356p0k1ppyfe 0 0.6129687500000001 0.32180555555555557 0.0359375 0.03958333333333333
cl4xsgxxc00bv356ppuucw1yc 0 0.8573699737762238 0.21458333333333332 0.0296875 0.0375
cl4xsgz3p00by356pqgusdo21 0 0.7816761363636363 0.22301136363636362 0.03011363636363642 0.0365530303030303
cl4xsh02b00c1356p9z3mu9uq 0 0.7179242886178863 0.3613397696476965 0.028125 0.03958333333333333
cl4xsh3tl00c9356pefbj324r 0 0.9516919889502763 0.103125 0.028125 0.04375
cl4xsh5ft00cd356p3lr3ww8r 0 0.8492952806122449 0.05853741496598639 0.0328125 0.04583333333333332
cl4xsh72k00ch356pvxbjzv03 0 0.8156758505917161 0.027083333333333334 0.0296875 0.05
cl4xsh8iz00cl356pbia1b62k 0 0.6395986519607842 0.11129493464052288 0.0390625 0.04791666666666667
cl4xshaem00cp356plbcizt9o 0 0.6302163461538461 0.16238782051282052 0.034375 0.04375
cl4xshc7l00ct356puxlvdquf 0 0.6152625644329897 0.28826245704467357 0.0328125 0.0479166666666667
cl4xshdxk00cx356p03y0ofnx 0 0.5734267979452055 0.4477026255707762 0.028125 0.03125
cl4xshfof00d1356pknnc851a 0 0.5474832214765101 0.4810192953020134 0.0375 0.03958333333333333
cl4xshh7400d5356p4kzpuyuj 0 0.48125 0.6677083333333333 0.034375 0.04791666666666667
cl4xshj5q00d9356pn55dcg1h 0 0.37740924401197606 0.5636289920159681 0.0328125 0.03958333333333333
cl4xshlb400di356pkg8e46cx 0 0.3649759615384615 0.5366346153846154 0.028125 0.03750000000000006
cl4xshmd000dm356prdmuh8uy 0 0.35736882716049384 0.440625 0.03125 0.03958333333333333
cl4xshndy00dq356ppajrj7je 0 0.3342979753521127 0.38125 0.0359375 0.041666666666666664
cl4xshobb00du356pi1fe9qva 0 0.33203125 0.428125 0.0359375 0.027083333333333334
cl4xshpc100dy356pjj2en3eq 0 0.33065382488087136 0.4427083333333333 0.0359375 0.03125
cl4xshq8c00e1356pwn4uctu7 0 0.22370090996168585 0.49531848659003835 0.0375 0.04791666666666667
cl4xshrdf00e5356pum4j8poj 0 0.15315941629955948 0.43752294419970633 0.0375 0.03958333333333333
cl4xshsnv00e9356pnsxn9t7n 0 0.09573529411764706 0.3645833333333333 0.038345588235294124 0.05416666666666667
cl4xshtmw00ed356phhi6kl03 0 0.12040264423076923 0.315625 0.0328125 0.04375
cl4xshvhj00el356pzxdhl1hc 0 0.0328125 0.3145833333333333 0.040625 0.041666666666666664
cl4xshx7400eq356pi2efzks5 0 0.023499191626957117 0.3094572555026095 0.028125 0.03958333333333333
cl4xsi0g900eu356px7zao6zm 0 0.362875 0.7939166666666666 0.0390625 0.04791666666666667
cl4xsi28o00ey356puc8ibxum 0 0.3105987762237762 0.3214816433566433 0.05 0.052083333333333336
cl4xsi35500f2356ppgbactcz 0 0.40147635456273767 0.3467601394169835 0.028125 0.035416666666666666
cl4xsi41500f6356pueiqwwl8 0 0.46875 0.3121845082680592 0.034375 0.044571366405570065
cl4xsi5iv00f9356pjlo8kmf9 0 0.5835205078125 0.21145833333333333 0.040625 0.052083333333333336
cl4xsiafn00fl356p1qsbcpq6 0 0.42090435606060606 0.03671085858585858 0.0296875 0.035416666666666666
cl4xsiboy00fo356p0drg408u 0 0.40844184027777775 0.1625 0.03125 0.041666666666666664
cl4xsicyp00ft356p7wxw1bu0 0 0.3849524456521739 0.1922554347826087 0.0421875 0.035416666666666666
cl4xsie7n00fx356pm8pe3q0y 0 0.3552389705882353 0.19865196078431374 0.0390625 0.04791666666666667
cl4xsifph00g1356pzw193ip3 0 0.4239326584507042 0.2504401408450704 0.03125 0.0458333333333333
cl4xsigp300g5356p5wqj95t3 0 0.3880321557971015 0.30520833333333336 0.0265625 0.035416666666666666
cl4xsijar00g9356pe3t6bfab 0 0.8604605263157895 0.17523026315789472 0.03125 0.04375
cl4xsilct00gd356pbvyfyx3w 0 0.6288275193798449 0.6498950258397933 0.034375 0.03958333333333333
cl4xsiofb00gh356pv0fk2ton 0 0.5359375 0.5625 0.034375 0.05416666666666667
cl4xsiqzp00go356ps1k0imcg 0 0.58203125 0.6895833333333333 0.0296875 0.03333333333333333
cl4xsirz300gs356phx3arwpe 0 0.56953125 0.653125 0.0296875 0.035416666666666666
cl4xsiurh00gw356pp4j0zkz8 0 0.1140625 0.1 0.05625 0.05
cl4ye76bf0003356p49hbaah8 0 0.36640625 0.26458333333333334 0.0328125 0.0375
cl4yg6z0l0021356ptvqil6cr 0 0.025260416666666667 0.8402777777777778 0.0296875 0.03333333333333333
cl4ygz34o002p356ppfe5o7sb 0 0.14905427631578946 0.23771929824561405 0.0296875 0.04583333333333333
cl4yh2a0r002x356p2tlidbsl 0 0.35213994565217394 0.8299365942028986 0.0296875 0.03958333333333333
cl4yh6rah0035356p8odrzu3l 0 0.19609375 0.985290404040404 0.0328125 0.029419191919191925
cl4yh7k3r0039356paib9iq4j 0 0.83078125 0.9310416666666667 0.0328125 0.04791666666666667
cl4yh90pk003d356pj4u39x5p 0 0.8241319444444445 0.700462962962963 0.0375 0.05
cl4yhaoq6003h356pe5ppk1o7 0 0.7580078125 0.459375 0.041015625 0.043229166666666666
cl4yhbydk003l356pfy3whii7 0 0.7916666666666666 0.23645833333333333 0.02499999999999991 0.03958333333333333
cl4yhgh5l003t356ps9oanlz2 0 0.8278125 0.4945833333333333 0.0375 0.041666666666666664
cl4yhicek003x356phjxy15za 0 0.9454044117647058 0.42959558823529415 0.0265625 0.04375
cl4yhkj9v0041356pgg535fwi 0 0.49228515625 0.9053385416666667 0.0396484375 0.05078125
cl4yhlk4l0045356p7uku3kf7 0 0.5513822115384615 0.6736378205128205 0.0296875 0.04375
cl53esppq000p356iyadfxr3a 1 0.54296875 0.6885416666666667 0.1265625 0.15208333333333332
cl53et4za000v356ipefq8v08 1 0.13828125 0.10729166666666666 0.0671875 0.06875
cl53etfxj0012356i1lamqr2b 1 0.36796875 0.27708333333333335 0.0859375 0.0875
cl53eu1pk0016356ibxtrzp44 1 0.628125 0.84375 0.059375 0.06666666666666667
