ckz3vyyc0000z3867codcgkg7 0 0.05 0.6088412534435261 0.04375 0.05625
cl4xsg9sb00ac356p1oo54ag8 0 0.19372509057971016 0.9450271739130435 0.0359375 0.04791666666666667
cl4xsgatd00ag356pn78v81ab 0 0.18166273584905662 0.8856918238993711 0.028125 0.04583333333333333
cl4xsgc7s00ak356pc8jz9vpq 0 0.2786941580756014 0.9068048396334479 0.03510524054982818 0.04375
cl4xsggag00as356pyqef10d2 0 0.6365156850192062 0.853125 0.03125 0.03958333333333333
cl4xsghzt00ax356pe5pvev6v 0 0.6159888698630137 0.8422873858447488 0.034375 0.041666666666666664
cl4xsgja900b1356p7ux71hb1 0 0.6569490131578948 0.8753472222222223 0.0328125 0.03958333333333333
cl4xsgm1x00b8356p7oxc7wov 0 0.8609375 0.7527758541089565 0.03125 0.03333333333333333
cl4xsgniy00bc356pnz48aa9o 0 0.9009603507905138 0.6366971343873519 0.0421875 0.04791666666666667
cl4xsgom800bg356p4xh90n9s 0 0.7505208333333333 0.4722222222222222 0.0375 0.04583333333333333
cl4xsgwq300br356p0k1ppyfe 0 0.7208333333333333 0.3184027777777778 0.034375 0.03958333333333333
cl4xsgxxc00bv356ppuucw1yc 0 0.8626027960526315 0.21757127192982456 0.0296875 0.0375
cl4xsgz3p00by356pqgusdo21 0 0.8017525337837839 0.23668355855855858 0.02968750000000009 0.035416666666666666
cl4xsh02b00c1356p9z3mu9uq 0 0.734765625 0.3560267857142857 0.028125 0.03958333333333333
cl4xsh3tl00c9356pefbj324r 0 0.9540383731617647 0.10434283088235294 0.028125 0.04375
cl4xsh5ft00cd356p3lr3ww8r 0 0.8525520833333333 0.06277777777777778 0.0328125 0.04583333333333333
cl4xsh72k00ch356pvxbjzv03 0 0.8333118556701031 0.03125 0.0296875 0.05
cl4xsh8iz00cl356pbia1b62k 0 0.6541896049222797 0.11153389464594128 0.0390625 0.047916666666666684
cl4xshaem00cp356plbcizt9o 0 0.6396541819852941 0.16849724264705881 0.034375 0.04375
cl4xshc7l00ct356puxlvdquf 0 0.6157202743902439 0.290625 0.0328125 0.04791666666666667
cl4xshdxk00cx356p03y0ofnx 0 0.5834404205607477 0.45604556074766356 0.028125 0.03125
cl4xshfof00d1356pknnc851a 0 0.551733993902439 0.4864583333333333 0.0375 0.03958333333333333
cl4xshh7400d5356p4kzpuyuj 0 0.4870894160583942 0.6656554136253041 0.034375 0.04791666666666667
cl4xshj5q00d9356pn55dcg1h 0 0.3927250573394495 0.5724770642201835 0.0328125 0.03958333333333333
cl4xshlb400di356pkg8e46cx 0 0.3768503289473684 0.5503837719298246 0.028125 0.0375
cl4xshmd000dm356prdmuh8uy 0 0.3879669540229885 0.459375 0.031249999999999955 0.03958333333333333
cl4xshndy00dq356ppajrj7je 0 0.3581505408653846 0.398818108974359 0.0359375 0.041666666666666664
cl4xshobb00du356pi1fe9qva 0 0.3319938696172249 0.428125 0.0359375 0.027083333333333334
cl4xshpc100dy356pjj2en3eq 0 0.3322205794758339 0.4427083333333333 0.0359375 0.03125
cl4xshq8c00e1356pwn4uctu7 0 0.229859068627451 0.5077491830065359 0.0375 0.04791666666666667
cl4xshrdf00e5356pum4j8poj 0 0.1625 0.43742690058479533 0.0375 0.03997076023391818
cl4xshsnv00e9356pnsxn9t7n 0 0.11522177419354837 0.3759600614439324 0.03124999999999999 0.041666666666666664
cl4xshtmw00ed356phhi6kl03 0 0.11955046106557377 0.31354166666666666 0.0328125 0.04375
cl4xshvhj00el356pzxdhl1hc 0 0.0328125 0.3145833333333333 0.040625 0.041666666666666664
cl4xshx7400eq356pi2efzks5 0 0.0240214431586113 0.3101535908781484 0.028125 0.03958333333333333
cl4xsi0g900eu356px7zao6zm 0 0.3649006831983806 0.8005946356275303 0.0390625 0.04791666666666667
cl4xsi28o00ey356puc8ibxum 0 0.3113608374384237 0.3252822249589491 0.05 0.052083333333333336
cl4xsi35500f2356ppgbactcz 0 0.400747088878327 0.3457877851711027 0.028124999999999956 0.035416666666666666
cl4xsi41500f6356pueiqwwl8 0 0.47885551948051946 0.3104166666666667 0.034375 0.034505772005771956
cl4xsi5iv00f9356pjlo8kmf9 0 0.5887567934782608 0.21354166666666666 0.040625 0.052083333333333336
cl4xsi6gv00fd356pjdg1bkrh 0 0.37169117647058825 0.03057598039215686 0.034375 0.04375
cl4xsiafn00fl356p1qsbcpq6 0 0.4224309593023256 0.03080910852713178 0.0296875 0.035416666666666666
cl4xsiboy00fo356p0drg408u 0 0.40879651717557247 0.16172868956743003 0.031249999999999955 0.041666666666666664
cl4xsicyp00ft356p7wxw1bu0 0 0.4068715784671533 0.20005322384428223 0.042187500000000044 0.035416666666666666
cl4xsie7n00fx356pm8pe3q0y 0 0.36384477459016396 0.2082365664845173 0.0390625 0.04791666666666667
cl4xsifph00g1356pzw193ip3 0 0.42306113138686136 0.24583333333333332 0.03125 0.04583333333333333
cl4xsigp300g5356p5wqj95t3 0 0.3929976851851852 0.2989390432098765 0.026562500000000044 0.035416666666666666
cl4xsijar00g9356pe3t6bfab 0 0.8617125 0.17600833333333332 0.03125 0.04375
cl4xsilct00gd356pbvyfyx3w 0 0.6319209834834835 0.6537193443443443 0.034375 0.03958333333333333
cl4xsiofb00gh356pv0fk2ton 0 0.5359375 0.5625 0.034375 0.05416666666666667
cl4xsiqzp00go356ps1k0imcg 0 0.58203125 0.6895833333333333 0.0296875 0.03333333333333333
cl4xsirz300gs356phx3arwpe 0 0.56953125 0.653125 0.0296875 0.035416666666666666
cl4xsiurh00gw356pp4j0zkz8 0 0.11679524058577406 0.10091091352859134 0.05625 0.05
cl4ye76bf0003356p49hbaah8 0 0.36640625 0.26458333333333334 0.0328125 0.0375
cl4yfvv49001t356piy5wgc7r 0 0.3390625 0.4197916666666667 0.028125 0.03958333333333333
cl4yg6z0l0021356ptvqil6cr 0 0.5734375 0.2677083333333333 0.03125 0.0375
cl4ygprmq002h356ppl30ie7v 0 0.6639204545454546 0.6451704545454545 0.03125 0.04375
cl4yh6rah0035356p8odrzu3l 0 0.20697115384615383 0.9895833333333334 0.03124999999999998 0.020833333333333332
cl4yhicek003x356phjxy15za 0 0.9828621031746032 0.44862764550264544 0.025843253968253953 0.0418320105820106
cl4yhpuyn004d356pdnyh291k 0 0.42175480769230766 0.9552884615384616 0.03798076923076925 0.046153846153846226
cl4yhuijk004l356prmyfv66t 0 0.559375 0.07291666666666667 0.034375 0.041666666666666664
cl53esppq000p356iyadfxr3a 1 0.54296875 0.6885416666666667 0.1265625 0.15208333333333332
cl53et4za000v356ipefq8v08 1 0.13828125 0.10729166666666666 0.0671875 0.06875
cl53etfxj0012356i1lamqr2b 1 0.36796875 0.27708333333333335 0.0859375 0.0875
cl53eu1pk0016356ibxtrzp44 1 0.628125 0.84375 0.059375 0.06666666666666667
