ckz3vyyc0000z3867codcgkg7 0 0.05 0.6063791322314049 0.04375 0.05625
cl4xsg9sb00ac356p1oo54ag8 0 0.19242980072463767 0.943731884057971 0.035937499999999976 0.04791666666666667
cl4xsgatd00ag356pn78v81ab 0 0.1809125 0.8845166666666666 0.028125 0.04583333333333333
cl4xsgc7s00ak356pc8jz9vpq 0 0.2733193728522337 0.905781071019473 0.03664089347079038 0.04375
cl4xsggag00as356pyqef10d2 0 0.6350852272727272 0.853125 0.03125 0.03958333333333333
cl4xsghzt00ax356pe5pvev6v 0 0.6037457191780822 0.8433076484018265 0.034375 0.041666666666666664
cl4xsgja900b1356p7ux71hb1 0 0.6786057692307692 0.8177884615384615 0.0328125 0.03958333333333333
cl4xsgm1x00b8356p7oxc7wov 0 0.8609375 0.7544263619575254 0.03125 0.03333333333333333
cl4xsgniy00bc356pnz48aa9o 0 0.89765625 0.6379546957671958 0.0421875 0.04791666666666667
cl4xsgom800bg356p4xh90n9s 0 0.7676136363636363 0.44109848484848485 0.0375 0.04583333333333333
cl4xsgwq300br356p0k1ppyfe 0 0.6771012931034484 0.3305675287356322 0.034375 0.03958333333333333
cl4xsgxxc00bv356ppuucw1yc 0 0.8592581200787401 0.21875 0.0296875 0.0375
cl4xsgz3p00by356pqgusdo21 0 0.79296875 0.22935491967871485 0.0296875 0.035416666666666666
cl4xsh02b00c1356p9z3mu9uq 0 0.725972465034965 0.3559950466200466 0.028125 0.03958333333333333
cl4xsh3tl00c9356pefbj324r 0 0.9532169117647058 0.10324754901960785 0.028125 0.04375
cl4xsh5ft00cd356p3lr3ww8r 0 0.8515557650862069 0.0625 0.0328125 0.04583333333333333
cl4xsh72k00ch356pvxbjzv03 0 0.8252496778350515 0.03125 0.0296875 0.05
cl4xsh8iz00cl356pbia1b62k 0 0.6531734913793104 0.11243534482758619 0.0390625 0.04791666666666665
cl4xshaem00cp356plbcizt9o 0 0.6382713607594936 0.1671809071729958 0.034375 0.04375
cl4xshc7l00ct356puxlvdquf 0 0.6154897836538462 0.28818108974358975 0.0328125 0.047916666666666635
cl4xshdxk00cx356p03y0ofnx 0 0.5813522196261682 0.45326129283489097 0.028125 0.03125
cl4xshfof00d1356pknnc851a 0 0.550523538961039 0.48507305194805195 0.0375 0.03958333333333333
cl4xshh7400d5356p4kzpuyuj 0 0.4820525568181818 0.6708238636363636 0.034375 0.04791666666666667
cl4xshj5q00d9356pn55dcg1h 0 0.38862528669724766 0.5738436544342508 0.03281249999999995 0.03958333333333333
cl4xshlb400di356pkg8e46cx 0 0.3715698964497042 0.55 0.028125 0.0375
cl4xshmd000dm356prdmuh8uy 0 0.383130787037037 0.455420524691358 0.03125 0.03958333333333333
cl4xshndy00dq356ppajrj7je 0 0.35453125 0.39135416666666667 0.0359375 0.041666666666666664
cl4xshobb00du356pi1fe9qva 0 0.33330229922279797 0.428125 0.0359375 0.027083333333333334
cl4xshpc100dy356pjj2en3eq 0 0.3317642741660994 0.4427083333333333 0.0359375 0.03125
cl4xshq8c00e1356pwn4uctu7 0 0.22808314732142856 0.5040829613095238 0.0375 0.04791666666666667
cl4xshrdf00e5356pum4j8poj 0 0.16093169144981412 0.437852385377943 0.0375 0.03958333333333333
cl4xshsnv00e9356pnsxn9t7n 0 0.1080141129032258 0.37184139784946235 0.03125 0.041666666666666664
cl4xshtmw00ed356phhi6kl03 0 0.11953125 0.3160239361702128 0.0328125 0.04375
cl4xshvhj00el356pzxdhl1hc 0 0.0328125 0.3145833333333333 0.040625 0.041666666666666664
cl4xshx7400eq356pi2efzks5 0 0.023869341388699793 0.3099507885182664 0.028125 0.03958333333333333
cl4xsi0g900eu356px7zao6zm 0 0.36850513059701495 0.7982431592039801 0.0390625 0.04791666666666667
cl4xsi28o00ey356puc8ibxum 0 0.30929602888086644 0.32395833333333335 0.05 0.052083333333333336
cl4xsi35500f2356ppgbactcz 0 0.40095948193916353 0.34607097591888464 0.028125000000000046 0.035416666666666666
cl4xsi41500f6356pueiqwwl8 0 0.4701501623376624 0.3104166666666667 0.034375 0.03708513708513704
cl4xsi5iv00f9356pjlo8kmf9 0 0.586328125 0.21354166666666666 0.040625 0.052083333333333336
cl4xsi6gv00fd356pjdg1bkrh 0 0.37727272727272726 0.00909090909090909 0.022727272727272707 0.01818181818181818
cl4xsiafn00fl356p1qsbcpq6 0 0.4213917151162791 0.03358042635658915 0.0296875 0.035416666666666666
cl4xsiboy00fo356p0drg408u 0 0.409375 0.1625 0.03125 0.041666666666666664
cl4xsicyp00ft356p7wxw1bu0 0 0.3994255514705882 0.19865196078431374 0.0421875 0.035416666666666666
cl4xsie7n00fx356pm8pe3q0y 0 0.36055415372670807 0.20651526915113871 0.0390625 0.04791666666666667
cl4xsifph00g1356pzw193ip3 0 0.42224566605839414 0.24583333333333332 0.03125 0.04583333333333333
cl4xsigp300g5356p5wqj95t3 0 0.39213738207547166 0.3011753144654088 0.026562499999999954 0.035416666666666666
cl4xsijar00g9356pe3t6bfab 0 0.8622804752066117 0.17962293388429754 0.03125 0.04375
cl4xsilct00gd356pbvyfyx3w 0 0.6305790165165165 0.654613988988989 0.034375 0.03958333333333333
cl4xsiofb00gh356pv0fk2ton 0 0.5359375 0.5625 0.034375 0.05416666666666667
cl4xsiqzp00go356ps1k0imcg 0 0.58203125 0.6895833333333333 0.0296875 0.03333333333333333
cl4xsirz300gs356phx3arwpe 0 0.56953125 0.653125 0.0296875 0.035416666666666666
cl4xsiurh00gw356pp4j0zkz8 0 0.11586035564853556 0.10059928521617853 0.05625 0.05
cl4ye76bf0003356p49hbaah8 0 0.36640625 0.26458333333333334 0.0328125 0.0375
cl4yfvv49001t356piy5wgc7r 0 0.4878125 0.8677083333333333 0.028125 0.03958333333333333
cl4yg6z0l0021356ptvqil6cr 0 0.45390625 0.46309523809523806 0.0296875 0.0375
cl4ygprmq002h356ppl30ie7v 0 0.878125 0.7927083333333333 0.03125 0.04375
cl4yguioh002l356p3ufzdg9z 0 0.6300223214285714 0.10535714285714286 0.0328125 0.041666666666666664
cl4yh0mcw002t356plaxl5npv 0 0.3665625 0.92375 0.040625 0.0375
cl4yh6rah0035356p8odrzu3l 0 0.20482271634615384 0.9895833333333334 0.03124999999999998 0.020833333333333332
cl4yhicek003x356phjxy15za 0 0.972111191860465 0.43645833333333334 0.0265625 0.04375
cl4yhlk4l0045356p7uku3kf7 0 0.6824388586956521 0.051856884057971016 0.0296875 0.04302536231884058
cl4yhpuyn004d356pdnyh291k 0 0.163671875 0.603125 0.0359375 0.04375
cl4yht3hu004h356p1747l589 0 0.01015625 0.13854166666666667 0.0203125 0.029166666666666667
cl4yhuijk004l356prmyfv66t 0 0.2109375 0.17291666666666666 0.034375 0.041666666666666664
cl53esppq000p356iyadfxr3a 1 0.54296875 0.6885416666666667 0.1265625 0.15208333333333332
cl53et4za000v356ipefq8v08 1 0.13828125 0.10729166666666666 0.0671875 0.06875
cl53etfxj0012356i1lamqr2b 1 0.36796875 0.27708333333333335 0.0859375 0.0875
cl53eu1pk0016356ibxtrzp44 1 0.628125 0.84375 0.059375 0.06666666666666667
