ckz3vyyc0000z3867codcgkg7 0 0.04911764705882353 0.6052083333333333 0.043750000000000004 0.05625
cl4xsg9sb00ac356p1oo54ag8 0 0.19140625 0.9427083333333334 0.0359375 0.04791666666666667
cl4xsgatd00ag356pn78v81ab 0 0.1804 0.88315 0.028125 0.04583333333333333
cl4xsgc7s00ak356pc8jz9vpq 0 0.26668903374233127 0.9019874744376277 0.0375 0.04375
cl4xsggag00as356pyqef10d2 0 0.6317087155963302 0.8549025229357797 0.03125 0.03958333333333333
cl4xsghzt00ax356pe5pvev6v 0 0.5946653106508876 0.84375 0.034375 0.046696252465483215
cl4xsgja900b1356p7ux71hb1 0 0.6452566964285714 0.8730654761904761 0.0328125 0.03958333333333333
cl4xsgm1x00b8356p7oxc7wov 0 0.8608996975806452 0.756149193548387 0.03125 0.03333333333333333
cl4xsgniy00bc356pnz48aa9o 0 0.89765625 0.6365988756613756 0.0421875 0.04791666666666667
cl4xsgom800bg356p4xh90n9s 0 0.7671875 0.41041666666666665 0.0375 0.04583333333333333
cl4xsgwq300br356p0k1ppyfe 0 0.6669983552631579 0.3224013157894737 0.0359375 0.03958333333333333
cl4xsgxxc00bv356ppuucw1yc 0 0.85859375 0.21601874003189794 0.0296875 0.0375
cl4xsgz3p00by356pqgusdo21 0 0.79296875 0.22653835540838851 0.0296875 0.035416666666666666
cl4xsh02b00c1356p9z3mu9uq 0 0.7220901946107785 0.36057260479041914 0.028125 0.03958333333333333
cl4xsh3tl00c9356pefbj324r 0 0.9524861878453038 0.103125 0.028125 0.04375
cl4xsh5ft00cd356p3lr3ww8r 0 0.8504687499999999 0.06166666666666667 0.0328125 0.04583333333333333
cl4xsh72k00ch356pvxbjzv03 0 0.8203939800613498 0.02823364008179959 0.0296875 0.05
cl4xsh8iz00cl356pbia1b62k 0 0.6516692895683454 0.11354166666666667 0.0390625 0.04791666666666667
cl4xshaem00cp356plbcizt9o 0 0.6350276898734177 0.16501845991561181 0.034375 0.04375
cl4xshc7l00ct356puxlvdquf 0 0.616213132022472 0.2864583333333333 0.0328125 0.04791666666666667
cl4xshdxk00cx356p03y0ofnx 0 0.578349743150685 0.450328196347032 0.028125 0.03125
cl4xshfof00d1356pknnc851a 0 0.5491923701298702 0.4832981601731602 0.0375 0.03958333333333333
cl4xshh7400d5356p4kzpuyuj 0 0.480078125 0.6708333333333333 0.034375 0.04791666666666667
cl4xshj5q00d9356pn55dcg1h 0 0.3830499724669604 0.5697733113069016 0.0328125 0.03958333333333333
cl4xshlb400di356pkg8e46cx 0 0.3676698825503356 0.5427992170022371 0.028125 0.03749999999999994
cl4xshmd000dm356prdmuh8uy 0 0.3704271788990826 0.44781154434250764 0.03125 0.03958333333333333
cl4xshndy00dq356ppajrj7je 0 0.3472401067839196 0.38841080402010053 0.0359375 0.041666666666666664
cl4xshobb00du356pi1fe9qva 0 0.33203125 0.428125 0.0359375 0.027083333333333334
cl4xshpc100dy356pjj2en3eq 0 0.33124095898570455 0.4427083333333333 0.0359375 0.03125
cl4xshq8c00e1356pwn4uctu7 0 0.22590397509578547 0.49972461685823755 0.0375 0.04791666666666667
cl4xshrdf00e5356pum4j8poj 0 0.1580738847583643 0.4403926579925651 0.0375 0.03958333333333333
cl4xshsnv00e9356pnsxn9t7n 0 0.10175656847133759 0.3691215498938429 0.03766918789808917 0.05193736730360931
cl4xshtmw00ed356phhi6kl03 0 0.12005208333333332 0.3170138888888889 0.0328125 0.04375
cl4xshvhj00el356pzxdhl1hc 0 0.0328125 0.3145833333333333 0.040625 0.041666666666666664
cl4xshx7400eq356pi2efzks5 0 0.023694902995234857 0.30971820399364647 0.028125 0.03958333333333333
cl4xsi0g900eu356px7zao6zm 0 0.3678970756880734 0.7961487003058104 0.0390625 0.04791666666666667
cl4xsi28o00ey356puc8ibxum 0 0.30837093862815884 0.32395833333333335 0.05 0.052083333333333336
cl4xsi35500f2356ppgbactcz 0 0.4012030655893536 0.34639575411913814 0.028125 0.035416666666666666
cl4xsi41500f6356pueiqwwl8 0 0.46875 0.31118363794604004 0.034375 0.0405678851174935
cl4xsi5iv00f9356pjlo8kmf9 0 0.5850735294117647 0.21238970588235295 0.040625 0.052083333333333336
cl4xsiafn00fl356p1qsbcpq6 0 0.42109375 0.03523202341137124 0.0296875 0.035416666666666666
cl4xsiboy00fo356p0drg408u 0 0.409375 0.1625 0.03125 0.041666666666666664
cl4xsicyp00ft356p7wxw1bu0 0 0.39283520299145297 0.190625 0.0421875 0.035416666666666666
cl4xsie7n00fx356pm8pe3q0y 0 0.35776305379746837 0.20354694092827005 0.0390625 0.04791666666666667
cl4xsifph00g1356pzw193ip3 0 0.42584134615384617 0.25112179487179487 0.03125 0.045833333333333365
cl4xsigp300g5356p5wqj95t3 0 0.3909722222222222 0.3037037037037037 0.0265625 0.035416666666666666
cl4xsijar00g9356pe3t6bfab 0 0.8601004464285713 0.1771577380952381 0.03125 0.04375
cl4xsilct00gd356pbvyfyx3w 0 0.6296875 0.6536286630036631 0.034375 0.03958333333333333
cl4xsiofb00gh356pv0fk2ton 0 0.5359375 0.5625 0.034375 0.05416666666666667
cl4xsiqzp00go356ps1k0imcg 0 0.58203125 0.6895833333333333 0.0296875 0.03333333333333333
cl4xsirz300gs356phx3arwpe 0 0.56953125 0.653125 0.0296875 0.035416666666666666
cl4xsiurh00gw356pp4j0zkz8 0 0.114788179916318 0.10024189330543934 0.05625000000000001 0.05
cl4ye76bf0003356p49hbaah8 0 0.36640625 0.26458333333333334 0.0328125 0.0375
cl4yg6z0l0021356ptvqil6cr 0 0.31453125000000004 0.8424999999999999 0.0296875 0.0375
cl4yguioh002l356p3ufzdg9z 0 0.3109375 0.2513888888888889 0.0296875 0.04166666666666664
cl4yh0mcw002t356plaxl5npv 0 0.11924715909090908 0.7523674242424242 0.04062499999999999 0.0375
cl4yh2a0r002x356p2tlidbsl 0 0.43 0.924375 0.03125 0.03958333333333333
cl4yh3v4u0031356phoomvwr5 0 0.3451704545454546 0.9401515151515151 0.032670454545454544 0.04015151515151523
cl4yh6rah0035356p8odrzu3l 0 0.20122767857142856 0.9858928571428571 0.03263392857142857 0.028214285714285716
cl4yhicek003x356phjxy15za 0 0.96240234375 0.4358723958333333 0.0265625 0.04375
cl4yhlk4l0045356p7uku3kf7 0 0.6235937500000001 0.3560416666666667 0.0296875 0.04375
cl53esppq000p356iyadfxr3a 1 0.54296875 0.6885416666666667 0.1265625 0.15208333333333332
cl53et4za000v356ipefq8v08 1 0.13828125 0.10729166666666666 0.0671875 0.06875
cl53etfxj0012356i1lamqr2b 1 0.36796875 0.27708333333333335 0.0859375 0.0875
cl53eu1pk0016356ibxtrzp44 1 0.628125 0.84375 0.059375 0.06666666666666667
