ckz3vyyc0000z3867codcgkg7 0 0.054112413194444445 0.6131655092592593 0.04375 0.05625
cl4xsg9sb00ac356p1oo54ag8 0 0.19607110507246378 0.9473731884057971 0.0359375 0.04791666666666667
cl4xsgatd00ag356pn78v81ab 0 0.184375 0.887728851010101 0.028125 0.04583333333333333
cl4xsgc7s00ak356pc8jz9vpq 0 0.2889022435897436 0.9106926638176638 0.034375 0.04375
cl4xsggag00as356pyqef10d2 0 0.639106514084507 0.853125 0.03125 0.03958333333333333
cl4xsghzt00ax356pe5pvev6v 0 0.6278198964497042 0.8458333333333333 0.034375 0.041666666666666664
cl4xsgja900b1356p7ux71hb1 0 0.6738511029411764 0.857781862745098 0.0328125 0.03958333333333333
cl4xsgm1x00b8356p7oxc7wov 0 0.8605536265432099 0.7505478395061728 0.03125 0.03333333333333333
cl4xsgniy00bc356pnz48aa9o 0 0.90234375 0.6376937984496124 0.0421875 0.04791666666666667
cl4xsgom800bg356p4xh90n9s 0 0.8007352941176471 0.4758578431372549 0.0375 0.04583333333333333
cl4xsgwq300br356p0k1ppyfe 0 0.8246814320388349 0.30933454692556633 0.034375 0.03958333333333333
cl4xsgxxc00bv356ppuucw1yc 0 0.8665299010791367 0.21683153477218226 0.0296875 0.0375
cl4xsgz3p00by356pqgusdo21 0 0.81953125 0.24720486111111112 0.0296875 0.035416666666666666
cl4xsh02b00c1356p9z3mu9uq 0 0.7424312943262412 0.3550458037825059 0.028125 0.03958333333333333
cl4xsh3tl00c9356pefbj324r 0 0.9557339449541284 0.1038130733944954 0.028125 0.04375
cl4xsh5ft00cd356p3lr3ww8r 0 0.8567958047945206 0.06458333333333334 0.0328125 0.04583333333333333
cl4xsh72k00ch356pvxbjzv03 0 0.8367397231543624 0.029180648769574942 0.0296875 0.05
cl4xsh8iz00cl356pbia1b62k 0 0.6628050595238095 0.11426587301587302 0.0390625 0.04791666666666667
cl4xshaem00cp356plbcizt9o 0 0.6429844798657718 0.17042086129753914 0.034375 0.04375
cl4xshc7l00ct356puxlvdquf 0 0.6072599085365853 0.290625 0.0328125 0.04791666666666667
cl4xshdxk00cx356p03y0ofnx 0 0.5859022556390977 0.45729166666666665 0.028125 0.03125
cl4xshfof00d1356pknnc851a 0 0.5546951219512195 0.4864583333333333 0.0375 0.03958333333333333
cl4xshh7400d5356p4kzpuyuj 0 0.49392755681818185 0.6549715909090909 0.034375 0.04791666666666667
cl4xshj5q00d9356pn55dcg1h 0 0.39727788677130044 0.5755371823617339 0.0328125 0.03958333333333333
cl4xshlb400di356pkg8e46cx 0 0.38018196202531646 0.5548259493670886 0.028125 0.0375
cl4xshmd000dm356prdmuh8uy 0 0.38444648692810457 0.45738698257080607 0.03125 0.03958333333333333
cl4xshndy00dq356ppajrj7je 0 0.3624954312865497 0.40572612085769977 0.0359375 0.041666666666666664
cl4xshobb00du356pi1fe9qva 0 0.33117877170767007 0.428125 0.0359375 0.027083333333333334
cl4xshpc100dy356pjj2en3eq 0 0.3330470345473111 0.4427083333333333 0.0359375 0.03125
cl4xshq8c00e1356pwn4uctu7 0 0.23104253112033196 0.5109050829875519 0.0375 0.04791666666666667
cl4xshrdf00e5356pum4j8poj 0 0.1633653846153846 0.44080128205128205 0.0375 0.041666666666666664
cl4xshsnv00e9356pnsxn9t7n 0 0.13829044117647057 0.3816421568627451 0.03125 0.041666666666666664
cl4xshtmw00ed356phhi6kl03 0 0.12123298267326732 0.31391295379537953 0.0328125 0.04375
cl4xshvhj00el356pzxdhl1hc 0 0.0328125 0.3145833333333333 0.040625 0.041666666666666664
cl4xshx7400eq356pi2efzks5 0 0.024296928182437033 0.3105209042432494 0.028125 0.03958333333333333
cl4xsi0g900eu356px7zao6zm 0 0.35951356132075474 0.8056957547169811 0.0390625 0.04791666666666667
cl4xsi28o00ey356puc8ibxum 0 0.315160472972973 0.328125 0.05 0.052083333333333336
cl4xsi35500f2356ppgbactcz 0 0.4003624049429658 0.34527487325728773 0.028125 0.035416666666666666
cl4xsi41500f6356pueiqwwl8 0 0.4841841063348416 0.30950226244343887 0.034375 0.03150452488687782
cl4xsi5iv00f9356pjlo8kmf9 0 0.5923987392703862 0.215625 0.040625 0.052083333333333336
cl4xsi6gv00fd356pjdg1bkrh 0 0.4133384146341464 0.034375 0.034375000000000044 0.04375
cl4xsiafn00fl356p1qsbcpq6 0 0.42430702683615823 0.028077919020715627 0.0296875 0.035416666666666666
cl4xsiboy00fo356p0drg408u 0 0.4070228494623656 0.16252240143369176 0.03125 0.041666666666666664
cl4xsicyp00ft356p7wxw1bu0 0 0.4156279260299625 0.20187656054931338 0.042187499999999954 0.035416666666666666
cl4xsie7n00fx356pm8pe3q0y 0 0.37765624999999997 0.209375 0.0390625 0.04791666666666667
cl4xsifph00g1356pzw193ip3 0 0.4259297520661157 0.2425103305785124 0.03125 0.04583333333333333
cl4xsigp300g5356p5wqj95t3 0 0.39640486725663715 0.296875 0.0265625 0.035416666666666666
cl4xsijar00g9356pe3t6bfab 0 0.865393926056338 0.1778169014084507 0.03125 0.04375
cl4xsilct00gd356pbvyfyx3w 0 0.6347153465346534 0.653125 0.034375 0.03958333333333333
cl4xsiofb00gh356pv0fk2ton 0 0.5359375 0.5625 0.034375 0.05416666666666667
cl4xsiqzp00go356ps1k0imcg 0 0.58203125 0.6895833333333333 0.0296875 0.03333333333333333
cl4xsirz300gs356phx3arwpe 0 0.56953125 0.653125 0.0296875 0.035416666666666666
cl4xsiurh00gw356pp4j0zkz8 0 0.11848849372384937 0.10147533124128312 0.05625 0.05
cl4ye76bf0003356p49hbaah8 0 0.36640625 0.26458333333333334 0.0328125 0.0375
cl4yf25i6001j356pmma7nzu4 0 0.32265625 0.6200892857142858 0.0296875 0.03958333333333333
cl4yfu8pv001p356phx9jihls 0 0.010653409090909092 0.7793560606060607 0.021306818181818184 0.02613636363636367
cl4yg2zg7001x356pgf8m41o4 0 0.35625 0.14125 0.03125 0.03958333333333333
cl4ygmqop002d356p9i4s1ird 0 0.90078125 0.9739583333333334 0.0328125 0.03125
cl4yh6rah0035356p8odrzu3l 0 0.20950416666666666 0.9907111111111111 0.03124999999999998 0.018577777777777745
cl53esppq000p356iyadfxr3a 1 0.54296875 0.6885416666666667 0.1265625 0.15208333333333332
cl53et4za000v356ipefq8v08 1 0.13828125 0.10729166666666666 0.0671875 0.06875
cl53etfxj0012356i1lamqr2b 1 0.36796875 0.27708333333333335 0.0859375 0.0875
cl53eu1pk0016356ibxtrzp44 1 0.628125 0.84375 0.059375 0.06666666666666667
