ckz3vyyc0000z3867codcgkg7 0 0.049981617647058815 0.6052083333333333 0.04375 0.05625
cl4xsg9sb00ac356p1oo54ag8 0 0.19179574275362316 0.9430978260869566 0.035937499999999976 0.04791666666666667
cl4xsgatd00ag356pn78v81ab 0 0.18069375000000001 0.8839333333333333 0.028125 0.04583333333333333
cl4xsgc7s00ak356pc8jz9vpq 0 0.2706883591065292 0.9052799255441007 0.03739261168384882 0.04375
cl4xsggag00as356pyqef10d2 0 0.6343850032010243 0.853125 0.03125 0.03958333333333333
cl4xsghzt00ax356pe5pvev6v 0 0.5981416420118343 0.84375 0.034375 0.04206114398422092
cl4xsgja900b1356p7ux71hb1 0 0.6815848214285715 0.8480654761904761 0.0328125 0.03958333333333333
cl4xsgm1x00b8356p7oxc7wov 0 0.8609375 0.7552343028624192 0.03125 0.03333333333333333
cl4xsgniy00bc356pnz48aa9o 0 0.89765625 0.637375992063492 0.0421875 0.04791666666666667
cl4xsgom800bg356p4xh90n9s 0 0.7655505952380952 0.441765873015873 0.0375 0.04583333333333333
cl4xsgwq300br356p0k1ppyfe 0 0.671558277027027 0.3260416666666667 0.0359375 0.03958333333333333
cl4xsgxxc00bv356ppuucw1yc 0 0.85859375 0.21789274322169058 0.0296875 0.0375
cl4xsgz3p00by356pqgusdo21 0 0.79296875 0.22783526490066225 0.0296875 0.035416666666666666
cl4xsh02b00c1356p9z3mu9uq 0 0.7244427447552447 0.3580346736596737 0.028125 0.03958333333333333
cl4xsh3tl00c9356pefbj324r 0 0.9528919198895027 0.103125 0.028125 0.04375
cl4xsh5ft00cd356p3lr3ww8r 0 0.8510843211206897 0.0625 0.0328125 0.04583333333333333
cl4xsh72k00ch356pvxbjzv03 0 0.8221961273006135 0.030636503067484666 0.0296875 0.05
cl4xsh8iz00cl356pbia1b62k 0 0.6527963362068966 0.1129382183908046 0.0390625 0.047916666666666684
cl4xshaem00cp356plbcizt9o 0 0.6368868670886075 0.16625791139240506 0.034375 0.04375
cl4xshc7l00ct356puxlvdquf 0 0.6149639423076924 0.2867788461538462 0.0328125 0.04791666666666667
cl4xshdxk00cx356p03y0ofnx 0 0.580330023364486 0.45189836448598136 0.028125 0.03125
cl4xshfof00d1356pknnc851a 0 0.5499553571428571 0.48431547619047616 0.0375 0.03958333333333333
cl4xshh7400d5356p4kzpuyuj 0 0.4805610795454546 0.6714867424242424 0.034375 0.04791666666666667
cl4xshj5q00d9356pn55dcg1h 0 0.3862851046255507 0.5723614170337739 0.03281250000000004 0.03958333333333333
cl4xshlb400di356pkg8e46cx 0 0.3686556208053691 0.5493708053691275 0.028125 0.0375
cl4xshmd000dm356prdmuh8uy 0 0.37806712962962963 0.4520447530864198 0.03125 0.03958333333333333
cl4xshndy00dq356ppajrj7je 0 0.351796875 0.39044270833333333 0.0359375 0.041666666666666664
cl4xshobb00du356pi1fe9qva 0 0.33273558937823833 0.428125 0.0359375 0.027083333333333334
cl4xshpc100dy356pjj2en3eq 0 0.331540907930565 0.4427083333333333 0.0359375 0.03125
cl4xshq8c00e1356pwn4uctu7 0 0.22710658482142856 0.5021298363095238 0.0375 0.04791666666666667
cl4xshrdf00e5356pum4j8poj 0 0.15971189591078067 0.43893664807930605 0.0375 0.03958333333333333
cl4xshsnv00e9356pnsxn9t7n 0 0.10503085191082802 0.37036889596602973 0.03299164012738853 0.04445329087048832
cl4xshtmw00ed356phhi6kl03 0 0.11953125 0.3172650709219858 0.0328125 0.04375
cl4xshvhj00el356pzxdhl1hc 0 0.0328125 0.3145833333333333 0.040625 0.041666666666666664
cl4xshx7400eq356pi2efzks5 0 0.02379488597685501 0.3098515146358067 0.028125 0.03958333333333333
cl4xsi0g900eu356px7zao6zm 0 0.3693213619402985 0.7971548507462687 0.0390625 0.04791666666666667
cl4xsi28o00ey356puc8ibxum 0 0.30890117328519856 0.32395833333333335 0.05 0.052083333333333336
cl4xsi35500f2356ppgbactcz 0 0.4010634505703422 0.34620960076045626 0.028125 0.035416666666666666
cl4xsi41500f6356pueiqwwl8 0 0.46875 0.31067232375979115 0.034375 0.038522628372497834
cl4xsi5iv00f9356pjlo8kmf9 0 0.5856495098039216 0.2131576797385621 0.040625 0.052083333333333336
cl4xsiafn00fl356p1qsbcpq6 0 0.42109375 0.0345770624303233 0.0296875 0.035416666666666666
cl4xsiboy00fo356p0drg408u 0 0.409375 0.1625 0.03125 0.041666666666666664
cl4xsicyp00ft356p7wxw1bu0 0 0.3957224628712871 0.19613242574257425 0.0421875 0.035416666666666666
cl4xsie7n00fx356pm8pe3q0y 0 0.3591954580745341 0.20560947204968943 0.0390625 0.04791666666666667
cl4xsifph00g1356pzw193ip3 0 0.42207532051282054 0.24610042735042736 0.03125 0.045833333333333365
cl4xsigp300g5356p5wqj95t3 0 0.3917246462264151 0.30227594339622643 0.0265625 0.035416666666666666
cl4xsijar00g9356pe3t6bfab 0 0.8613765495867769 0.1772124655647383 0.03125 0.04375
cl4xsilct00gd356pbvyfyx3w 0 0.6299221096096096 0.6550519269269269 0.034375 0.03958333333333333
cl4xsiofb00gh356pv0fk2ton 0 0.5359375 0.5625 0.034375 0.05416666666666667
cl4xsiqzp00go356ps1k0imcg 0 0.58203125 0.6895833333333333 0.0296875 0.03333333333333333
cl4xsirz300gs356phx3arwpe 0 0.56953125 0.653125 0.0296875 0.035416666666666666
cl4xsiurh00gw356pp4j0zkz8 0 0.11540271966527196 0.10044673988842398 0.05624999999999999 0.05
cl4ye76bf0003356p49hbaah8 0 0.36640625 0.26458333333333334 0.0328125 0.0375
cl4yg6z0l0021356ptvqil6cr 0 0.36875 0.5515625 0.0296875 0.0375
cl4yguioh002l356p3ufzdg9z 0 0.4775669642857143 0.17142857142857143 0.0328125 0.041666666666666664
cl4yh0mcw002t356plaxl5npv 0 0.26454326923076926 0.8565705128205128 0.040625 0.0375
cl4yh2a0r002x356p2tlidbsl 0 0.4607421875 0.9598958333333333 0.03125 0.03958333333333333
cl4yh6rah0035356p8odrzu3l 0 0.20332589285714286 0.9881309523809524 0.03179464285714284 0.02373809523809527
cl4yhicek003x356phjxy15za 0 0.9695675872093024 0.43645833333333334 0.0265625 0.04375
cl4yhlk4l0045356p7uku3kf7 0 0.66296875 0.17916666666666667 0.0296875 0.041666666666666664
cl4yhpuyn004d356pdnyh291k 0 0.0046875 0.5020833333333333 0.009375 0.029166666666666667
cl4yhuijk004l356prmyfv66t 0 0.04244791666666666 0.2204861111111111 0.03125 0.035416666666666666
cl53esppq000p356iyadfxr3a 1 0.54296875 0.6885416666666667 0.1265625 0.15208333333333332
cl53et4za000v356ipefq8v08 1 0.13828125 0.10729166666666666 0.0671875 0.06875
cl53etfxj0012356i1lamqr2b 1 0.36796875 0.27708333333333335 0.0859375 0.0875
cl53eu1pk0016356ibxtrzp44 1 0.628125 0.84375 0.059375 0.06666666666666667
