ckz3vyyc0000z3867codcgkg7 0 0.06559311224489796 0.609375 0.04375 0.05625
cl4xsg9sb00ac356p1oo54ag8 0 0.19780745967741936 0.9489852150537634 0.035917338709677414 0.04791666666666667
cl4xsgatd00ag356pn78v81ab 0 0.184375 0.8891414141414142 0.028125 0.04583333333333333
cl4xsgc7s00ak356pc8jz9vpq 0 0.2955007170172084 0.9120000796685787 0.034375 0.04375
cl4xsggag00as356pyqef10d2 0 0.6408970870678617 0.853125 0.03125 0.03958333333333333
cl4xsghzt00ax356pe5pvev6v 0 0.6319572855029586 0.8458333333333333 0.034375 0.041666666666666664
cl4xsgja900b1356p7ux71hb1 0 0.7091796875 0.8967447916666667 0.0328125 0.03958333333333333
cl4xsgm1x00b8356p7oxc7wov 0 0.8602083333333332 0.7491666666666668 0.03125 0.03333333333333333
cl4xsgniy00bc356pnz48aa9o 0 0.9103705058528428 0.6409176421404683 0.0421875 0.04791666666666667
cl4xsgom800bg356p4xh90n9s 0 0.8268382352941176 0.45821078431372547 0.0375 0.04583333333333333
cl4xsgwq300br356p0k1ppyfe 0 0.82763671875 0.3013671875 0.034375 0.03958333333333333
cl4xsgxxc00bv356ppuucw1yc 0 0.86796875 0.22019557823129252 0.0296875 0.0375
cl4xsgz3p00by356pqgusdo21 0 0.8213437499999999 0.2532916666666667 0.0296875 0.035416666666666693
cl4xsh02b00c1356p9z3mu9uq 0 0.7468480603448275 0.353125 0.028125 0.03958333333333333
cl4xsh3tl00c9356pefbj324r 0 0.9578971674876847 0.10422311165845648 0.028125 0.04375
cl4xsh5ft00cd356p3lr3ww8r 0 0.8614910489949749 0.0658710217755444 0.0328125 0.04583333333333333
cl4xsh72k00ch356pvxbjzv03 0 0.8404939177852349 0.0316834451901566 0.0296875 0.05
cl4xsh8iz00cl356pbia1b62k 0 0.6678690159574467 0.1181072695035461 0.039527925531914934 0.04791666666666667
cl4xshaem00cp356plbcizt9o 0 0.6476772231543624 0.17167225950782997 0.034375 0.04375
cl4xshc7l00ct356puxlvdquf 0 0.6080851715686275 0.29203022875817 0.0328125 0.04791666666666667
cl4xshdxk00cx356p03y0ofnx 0 0.5873041979949875 0.45729166666666665 0.028125 0.03125
cl4xshfof00d1356pknnc851a 0 0.55625 0.4864583333333333 0.0375 0.03958333333333333
cl4xshh7400d5356p4kzpuyuj 0 0.49473979083665337 0.6565280544488712 0.034375 0.04791666666666667
cl4xshj5q00d9356pn55dcg1h 0 0.4011318597560976 0.5799034552845529 0.03281250000000004 0.03494918699186999
cl4xshlb400di356pkg8e46cx 0 0.3822121305418719 0.5536843185550082 0.028125 0.0375
cl4xshmd000dm356prdmuh8uy 0 0.382830459770115 0.4552322796934866 0.03125 0.03958333333333333
cl4xshndy00dq356ppajrj7je 0 0.3611163403614458 0.40480672690763053 0.0359375 0.041666666666666664
cl4xshobb00du356pi1fe9qva 0 0.33198828690303905 0.428125 0.0359375 0.027083333333333334
cl4xshpc100dy356pjj2en3eq 0 0.33361821392103475 0.4427083333333333 0.0359375 0.03125
cl4xshq8c00e1356pwn4uctu7 0 0.22988200207468878 0.5078103388658368 0.0375 0.04791666666666667
cl4xshrdf00e5356pum4j8poj 0 0.16882538377192982 0.43521564327485385 0.0375 0.041666666666666664
cl4xshsnv00e9356pnsxn9t7n 0 0.15316373966942148 0.3875 0.03125 0.041666666666666664
cl4xshtmw00ed356phhi6kl03 0 0.12261757425742574 0.31760519801980197 0.0328125 0.04375
cl4xshvhj00el356pzxdhl1hc 0 0.0328125 0.3145833333333333 0.040625 0.041666666666666664
cl4xshx7400eq356pi2efzks5 0 0.024487321307011572 0.3107747617426821 0.028125 0.03958333333333333
cl4xsi0g900eu356px7zao6zm 0 0.3593011811023622 0.8089977034120734 0.0390625 0.04791666666666667
cl4xsi28o00ey356puc8ibxum 0 0.32019988738738736 0.328125 0.05 0.052083333333333336
cl4xsi35500f2356ppgbactcz 0 0.4000965423003803 0.34492038973384026 0.028125000000000046 0.035416666666666666
cl4xsi41500f6356pueiqwwl8 0 0.4822146739130435 0.31145833333333334 0.034375 0.03210748792270526
cl4xsi5iv00f9356pjlo8kmf9 0 0.5941993025751073 0.215625 0.040625 0.052083333333333336
cl4xsi6gv00fd356pjdg1bkrh 0 0.4184503424657534 0.041909246575342465 0.034375 0.04375
cl4xsiafn00fl356p1qsbcpq6 0 0.4282574152542373 0.02597104519774011 0.0296875 0.035416666666666666
cl4xsiboy00fo356p0drg408u 0 0.40672781195079083 0.1618757322788518 0.030294376098418275 0.04071104276508493
cl4xsicyp00ft356p7wxw1bu0 0 0.4246942934782608 0.17771739130434783 0.0421875 0.035416666666666666
cl4xsie7n00fx356pm8pe3q0y 0 0.3799869791666667 0.209375 0.0390625 0.04791666666666667
cl4xsifph00g1356pzw193ip3 0 0.4282006048387097 0.24385080645161292 0.03125 0.045833333333333365
cl4xsigp300g5356p5wqj95t3 0 0.39764242256637167 0.296875 0.0265625 0.035416666666666666
cl4xsijar00g9356pe3t6bfab 0 0.8705 0.18445833333333334 0.03125 0.04375
cl4xsilct00gd356pbvyfyx3w 0 0.6367922339108911 0.653125 0.034375 0.03958333333333333
cl4xsiofb00gh356pv0fk2ton 0 0.5359375 0.5625 0.034375 0.05416666666666667
cl4xsiqzp00go356ps1k0imcg 0 0.58203125 0.6895833333333333 0.0296875 0.03333333333333333
cl4xsirz300gs356phx3arwpe 0 0.56953125 0.653125 0.0296875 0.035416666666666666
cl4xsiurh00gw356pp4j0zkz8 0 0.11965873430962344 0.10186541143654114 0.05625000000000001 0.05
cl4ye76bf0003356p49hbaah8 0 0.36640625 0.26458333333333334 0.0328125 0.0375
cl4ye7gk90007356pzvhpy9jz 0 0.37407670454545455 0.05880681818181818 0.0328125 0.03958333333333333
cl4yewemo0017356pivxsjhs3 0 0.8084374999999999 0.3939583333333333 0.034375 0.04375
cl4yf032i001f356p2yd4z0tg 0 0.19565972222222222 0.736111111111111 0.03125 0.041666666666666664
cl4yg2zg7001x356pgf8m41o4 0 0.42272727272727273 0.6213068181818182 0.03125 0.03958333333333333
cl4ygjuzj0029356p57q7d74p 0 0.9880580357142857 0.5614583333333333 0.023883928571428646 0.03125
cl4yi36dw004t356p0v7hg3xn 0 0.384375 0.12291666666666666 0.03125 0.0375
cl53esppq000p356iyadfxr3a 1 0.54296875 0.6885416666666667 0.1265625 0.15208333333333332
cl53et4za000v356ipefq8v08 1 0.13828125 0.10729166666666666 0.0671875 0.06875
cl53etfxj0012356i1lamqr2b 1 0.36796875 0.27708333333333335 0.0859375 0.0875
cl53eu1pk0016356ibxtrzp44 1 0.628125 0.84375 0.059375 0.06666666666666667
