ckz3vyyc0000z3867codcgkg7 0 0.05737847222222222 0.6119212962962963 0.04375 0.05625
cl4xsg9sb00ac356p1oo54ag8 0 0.19646059782608694 0.9477626811594202 0.035937499999999976 0.04791666666666667
cl4xsgatd00ag356pn78v81ab 0 0.184375 0.8880681818181818 0.028125 0.04583333333333333
cl4xsgc7s00ak356pc8jz9vpq 0 0.290625 0.9114583333333334 0.034375 0.04375
cl4xsggag00as356pyqef10d2 0 0.6395366517285531 0.853125 0.03125 0.03958333333333333
cl4xsghzt00ax356pe5pvev6v 0 0.6288137943786982 0.8458333333333333 0.034375 0.041666666666666664
cl4xsgja900b1356p7ux71hb1 0 0.6653645833333333 0.8795138888888889 0.0328125 0.03958333333333333
cl4xsgm1x00b8356p7oxc7wov 0 0.8604706790123456 0.7502160493827161 0.03125 0.03333333333333333
cl4xsgniy00bc356pnz48aa9o 0 0.90234375 0.6366521317829457 0.0421875 0.04791666666666667
cl4xsgom800bg356p4xh90n9s 0 0.7797991071428572 0.43467261904761906 0.0375 0.04583333333333333
cl4xsgwq300br356p0k1ppyfe 0 0.8240291262135923 0.30498584142394825 0.034375 0.03958333333333333
cl4xsgxxc00bv356ppuucw1yc 0 0.8670132643884892 0.21747601918465226 0.0296875 0.0375
cl4xsgz3p00by356pqgusdo21 0 0.81953125 0.24795138888888887 0.0296875 0.035416666666666666
cl4xsh02b00c1356p9z3mu9uq 0 0.7443373226950355 0.3537751182033097 0.028125 0.03958333333333333
cl4xsh3tl00c9356pefbj324r 0 0.9560421444954128 0.10340214067278287 0.028125 0.04375
cl4xsh5ft00cd356p3lr3ww8r 0 0.8581763698630137 0.06458333333333334 0.0328125 0.04583333333333333
cl4xsh72k00ch356pvxbjzv03 0 0.8376415687919463 0.029781879194630875 0.0296875 0.05
cl4xsh8iz00cl356pbia1b62k 0 0.6634449404761905 0.11469246031746033 0.0390625 0.047916666666666684
cl4xshaem00cp356plbcizt9o 0 0.6441117869127517 0.17072147651006714 0.034375 0.04375
cl4xshc7l00ct356puxlvdquf 0 0.607251838235294 0.29091911764705886 0.0328125 0.04791666666666667
cl4xshdxk00cx356p03y0ofnx 0 0.5862390350877192 0.45729166666666665 0.028125 0.03125
cl4xshfof00d1356pknnc851a 0 0.555186737804878 0.4864583333333333 0.0375 0.03958333333333333
cl4xshh7400d5356p4kzpuyuj 0 0.4938931772908367 0.6553992363877822 0.034375 0.04791666666666667
cl4xshj5q00d9356pn55dcg1h 0 0.39802210365853663 0.5764481707317073 0.03281250000000004 0.03909552845528452
cl4xshlb400di356pkg8e46cx 0 0.3810324367088608 0.5559599156118143 0.028125 0.0375
cl4xshmd000dm356prdmuh8uy 0 0.38405172413793104 0.45686063218390804 0.03125 0.03958333333333333
cl4xshndy00dq356ppajrj7je 0 0.3617096125730994 0.40520224171539965 0.0359375 0.041666666666666664
cl4xshobb00du356pi1fe9qva 0 0.331373236251809 0.428125 0.0359375 0.027083333333333334
cl4xshpc100dy356pjj2en3eq 0 0.3331842452348536 0.4427083333333333 0.0359375 0.03125
cl4xshq8c00e1356pwn4uctu7 0 0.230763744813278 0.5101616528354079 0.0375 0.04791666666666661
cl4xshrdf00e5356pum4j8poj 0 0.16474358974358974 0.43942307692307697 0.0375 0.041666666666666664
cl4xshsnv00e9356pnsxn9t7n 0 0.14461397058823527 0.38269607843137254 0.03125 0.041666666666666664
cl4xshtmw00ed356phhi6kl03 0 0.12156559405940595 0.3147999174917492 0.0328125 0.04375
cl4xshvhj00el356pzxdhl1hc 0 0.0328125 0.3145833333333333 0.040625 0.041666666666666664
cl4xshx7400eq356pi2efzks5 0 0.02434266507828455 0.31058188677104603 0.028125 0.03958333333333333
cl4xsi0g900eu356px7zao6zm 0 0.35926002358490566 0.8067099056603773 0.0390625 0.04791666666666667
cl4xsi28o00ey356puc8ibxum 0 0.3163710585585585 0.328125 0.05 0.052083333333333336
cl4xsi35500f2356ppgbactcz 0 0.4002985384980988 0.3451897179974652 0.028124999999999956 0.035416666666666666
cl4xsi41500f6356pueiqwwl8 0 0.4837577160493828 0.30978652263374484 0.034375 0.03125
cl4xsi5iv00f9356pjlo8kmf9 0 0.5928312768240344 0.215625 0.040625 0.052083333333333336
cl4xsi6gv00fd356pjdg1bkrh 0 0.4141666666666667 0.034375 0.034375 0.04375
cl4xsiafn00fl356p1qsbcpq6 0 0.42525600282485876 0.027571798493408666 0.0296875 0.035416666666666666
cl4xsiboy00fo356p0drg408u 0 0.406661626344086 0.16348566308243725 0.03125 0.041666666666666664
cl4xsicyp00ft356p7wxw1bu0 0 0.41688611891385763 0.20254759675405742 0.042187499999999954 0.035416666666666666
cl4xsie7n00fx356pm8pe3q0y 0 0.37821614583333335 0.209375 0.0390625 0.04791666666666667
cl4xsifph00g1356pzw193ip3 0 0.42648502066115707 0.24176997245179063 0.03125 0.04583333333333333
cl4xsigp300g5356p5wqj95t3 0 0.39670215707964596 0.296875 0.026562499999999954 0.035416666666666666
cl4xsijar00g9356pe3t6bfab 0 0.865625 0.17972074468085106 0.03125 0.04375
cl4xsilct00gd356pbvyfyx3w 0 0.6352142636138614 0.653125 0.034375 0.03958333333333333
cl4xsiofb00gh356pv0fk2ton 0 0.5359375 0.5625 0.034375 0.05416666666666667
cl4xsiqzp00go356ps1k0imcg 0 0.58203125 0.6895833333333333 0.0296875 0.03333333333333333
cl4xsirz300gs356phx3arwpe 0 0.56953125 0.653125 0.0296875 0.035416666666666666
cl4xsiurh00gw356pp4j0zkz8 0 0.11876961297071129 0.10156903765690377 0.05624999999999999 0.05
cl4ye76bf0003356p49hbaah8 0 0.36640625 0.26458333333333334 0.0328125 0.0375
cl4yewemo0017356pivxsjhs3 0 0.9664772727272727 0.40066287878787876 0.034375 0.04375
cl4yf032i001f356p2yd4z0tg 0 0.01328125 0.7739583333333333 0.0265625 0.035416666666666666
cl4yf25i6001j356pmma7nzu4 0 0.22543402777777777 0.502662037037037 0.0296875 0.03958333333333333
cl4yg2zg7001x356pgf8m41o4 0 0.3475446428571428 0.2674107142857143 0.03125 0.03958333333333333
cl4ygjuzj0029356p57q7d74p 0 0.9916666666666666 0.39427083333333335 0.015625 0.0350694444444444
cl4ygmqop002d356p9i4s1ird 0 0.94765625 0.8447916666666667 0.0296875 0.03958333333333333
cl4yh6rah0035356p8odrzu3l 0 0.2098625 0.99095 0.03125000000000002 0.018099999999999974
cl4yhyfa2004p356p0rjgtmhv 0 0.9739583333333334 0.1625 0.034375 0.0375
cl53esppq000p356iyadfxr3a 1 0.54296875 0.6885416666666667 0.1265625 0.15208333333333332
cl53et4za000v356ipefq8v08 1 0.13828125 0.10729166666666666 0.0671875 0.06875
cl53etfxj0012356i1lamqr2b 1 0.36796875 0.27708333333333335 0.0859375 0.0875
cl53eu1pk0016356ibxtrzp44 1 0.628125 0.84375 0.059375 0.06666666666666667
