ckz3vyyc0000z3867codcgkg7 0 0.05 0.6052427685950412 0.04375 0.05625
cl4xsg9sb00ac356p1oo54ag8 0 0.19183197463768117 0.9431340579710146 0.035937500000000025 0.04791666666666667
cl4xsgatd00ag356pn78v81ab 0 0.18070625 0.8839666666666666 0.028125 0.04583333333333333
cl4xsgc7s00ak356pc8jz9vpq 0 0.2708387027491409 0.9053085624284077 0.037349656357388336 0.04375
cl4xsggag00as356pyqef10d2 0 0.6344250160051217 0.853125 0.03125 0.03958333333333333
cl4xsghzt00ax356pe5pvev6v 0 0.5982895710059172 0.84375 0.034375 0.0418639053254438
cl4xsgja900b1356p7ux71hb1 0 0.6822544642857143 0.846279761904762 0.0328125 0.03958333333333333
cl4xsgm1x00b8356p7oxc7wov 0 0.8609375 0.755188134810711 0.03125 0.03333333333333333
cl4xsgniy00bc356pnz48aa9o 0 0.89765625 0.6374090608465609 0.0421875 0.04791666666666667
cl4xsgom800bg356p4xh90n9s 0 0.765625 0.4417059748427673 0.0375 0.04583333333333333
cl4xsgwq300br356p0k1ppyfe 0 0.671727195945946 0.3260416666666667 0.0359375 0.03958333333333333
cl4xsgxxc00bv356ppuucw1yc 0 0.85859375 0.2179724880382775 0.0296875 0.0375
cl4xsgz3p00by356pqgusdo21 0 0.79296875 0.22789045253863136 0.0296875 0.035416666666666666
cl4xsh02b00c1356p9z3mu9uq 0 0.7245301573426574 0.3579181235431236 0.028125 0.03958333333333333
cl4xsh3tl00c9356pefbj324r 0 0.9529091850828729 0.103125 0.028125 0.04375
cl4xsh5ft00cd356p3lr3ww8r 0 0.8511112607758621 0.0625 0.0328125 0.04583333333333333
cl4xsh72k00ch356pvxbjzv03 0 0.8222728144171778 0.03073875255623722 0.0296875 0.05
cl4xsh8iz00cl356pbia1b62k 0 0.6528178879310345 0.1129094827586207 0.0390625 0.04791666666666667
cl4xshaem00cp356plbcizt9o 0 0.6369659810126582 0.1663106540084388 0.034375 0.04375
cl4xshc7l00ct356puxlvdquf 0 0.6149939903846154 0.28685897435897434 0.0328125 0.047916666666666635
cl4xshdxk00cx356p03y0ofnx 0 0.5803884345794392 0.451976246105919 0.028125 0.03125
cl4xshfof00d1356pknnc851a 0 0.5499878246753247 0.4843587662337662 0.0375 0.03958333333333333
cl4xshh7400d5356p4kzpuyuj 0 0.4806463068181818 0.6714488636363637 0.034375 0.04791666666666667
cl4xshj5q00d9356pn55dcg1h 0 0.3864227698237886 0.5724715491923642 0.03281250000000004 0.03958333333333333
cl4xshlb400di356pkg8e46cx 0 0.36869756711409396 0.5496504474272931 0.028125 0.0375
cl4xshmd000dm356prdmuh8uy 0 0.3783564814814815 0.45223765432098767 0.03125 0.03958333333333333
cl4xshndy00dq356ppajrj7je 0 0.351953125 0.3904947916666667 0.0359375 0.041666666666666664
cl4xshobb00du356pi1fe9qva 0 0.33276797279792747 0.428125 0.0359375 0.027083333333333334
cl4xshpc100dy356pjj2en3eq 0 0.3315536717154527 0.4427083333333333 0.0359375 0.03125
cl4xshq8c00e1356pwn4uctu7 0 0.22716238839285716 0.502241443452381 0.0375 0.04791666666666667
cl4xshrdf00e5356pum4j8poj 0 0.15978159851301116 0.4388746902106568 0.0375 0.03958333333333333
cl4xshsnv00e9356pnsxn9t7n 0 0.10517018312101911 0.37042197452229303 0.03279259554140128 0.0441348195329087
cl4xshtmw00ed356phhi6kl03 0 0.11953125 0.3171941489361702 0.0328125 0.04375
cl4xshvhj00el356pzxdhl1hc 0 0.0328125 0.3145833333333333 0.040625 0.041666666666666664
cl4xshx7400eq356pi2efzks5 0 0.023799140571817562 0.3098571874290901 0.028125 0.03958333333333333
cl4xsi0g900eu356px7zao6zm 0 0.3692747201492537 0.797217039800995 0.0390625 0.04791666666666667
cl4xsi28o00ey356puc8ibxum 0 0.30892373646209387 0.32395833333333335 0.05 0.052083333333333336
cl4xsi35500f2356ppgbactcz 0 0.40105750950570346 0.3462016793409379 0.028125000000000046 0.035416666666666666
cl4xsi41500f6356pueiqwwl8 0 0.46875 0.31065056570931243 0.034375 0.03843559617058313
cl4xsi5iv00f9356pjlo8kmf9 0 0.5856740196078432 0.21319035947712417 0.040625 0.052083333333333336
cl4xsiafn00fl356p1qsbcpq6 0 0.42109375 0.03454919175027871 0.0296875 0.035416666666666666
cl4xsiboy00fo356p0drg408u 0 0.409375 0.1625 0.03125 0.041666666666666664
cl4xsicyp00ft356p7wxw1bu0 0 0.3958462252475248 0.19637995049504953 0.0421875 0.035416666666666666
cl4xsie7n00fx356pm8pe3q0y 0 0.35927309782608696 0.20566123188405797 0.0390625 0.04791666666666667
cl4xsifph00g1356pzw193ip3 0 0.42191506410256413 0.24588675213675212 0.03125 0.04583333333333333
cl4xsigp300g5356p5wqj95t3 0 0.39174823113207546 0.30221305031446544 0.0265625 0.035416666666666666
cl4xsijar00g9356pe3t6bfab 0 0.8614282024793388 0.17735020661157025 0.03125 0.04375
cl4xsilct00gd356pbvyfyx3w 0 0.6299596471471471 0.6550269019019019 0.034375 0.03958333333333333
cl4xsiofb00gh356pv0fk2ton 0 0.5359375 0.5625 0.034375 0.05416666666666667
cl4xsiqzp00go356ps1k0imcg 0 0.58203125 0.6895833333333333 0.0296875 0.03333333333333333
cl4xsirz300gs356phx3arwpe 0 0.56953125 0.653125 0.0296875 0.035416666666666666
cl4xsiurh00gw356pp4j0zkz8 0 0.11542887029288702 0.10045545676429568 0.05624999999999999 0.05
cl4ye76bf0003356p49hbaah8 0 0.36640625 0.26458333333333334 0.0328125 0.0375
cl4yg6z0l0021356ptvqil6cr 0 0.3765625 0.5505208333333333 0.0296875 0.0375
cl4yguioh002l356p3ufzdg9z 0 0.4909598214285714 0.1738095238095238 0.0328125 0.041666666666666664
cl4yh0mcw002t356plaxl5npv 0 0.27127403846153847 0.8610576923076924 0.040625 0.0375
cl4yh2a0r002x356p2tlidbsl 0 0.4622395833333333 0.9623263888888889 0.03125 0.03958333333333333
cl4yh6rah0035356p8odrzu3l 0 0.20341517857142857 0.9882261904761904 0.03175892857142857 0.023547619047619033
cl4yhicek003x356phjxy15za 0 0.9697129360465115 0.43645833333333334 0.0265625 0.04375
cl4yhlk4l0045356p7uku3kf7 0 0.6642187500000001 0.17083333333333334 0.0296875 0.041666666666666664
cl4yhpuyn004d356pdnyh291k 0 0.0109375 0.5085416666666667 0.021875 0.04208333333333331
cl4yhuijk004l356prmyfv66t 0 0.04973958333333334 0.20659722222222224 0.03125000000000001 0.035416666666666666
cl53esppq000p356iyadfxr3a 1 0.54296875 0.6885416666666667 0.1265625 0.15208333333333332
cl53et4za000v356ipefq8v08 1 0.13828125 0.10729166666666666 0.0671875 0.06875
cl53etfxj0012356i1lamqr2b 1 0.36796875 0.27708333333333335 0.0859375 0.0875
cl53eu1pk0016356ibxtrzp44 1 0.628125 0.84375 0.059375 0.06666666666666667
