ckz3vyyc0000z3867codcgkg7 0 0.04935661764705882 0.6052083333333333 0.04375 0.05625
cl4xsg9sb00ac356p1oo54ag8 0 0.19140625 0.9427083333333334 0.0359375 0.04791666666666667
cl4xsgatd00ag356pn78v81ab 0 0.18048124999999998 0.8833666666666667 0.028125 0.04583333333333333
cl4xsgc7s00ak356pc8jz9vpq 0 0.2678105828220859 0.9029844069529652 0.0375 0.04375
cl4xsggag00as356pyqef10d2 0 0.632454128440367 0.8544055810397553 0.03125 0.03958333333333333
cl4xsghzt00ax356pe5pvev6v 0 0.595626849112426 0.84375 0.034375 0.045414201183431875
cl4xsgja900b1356p7ux71hb1 0 0.6558948863636364 0.8754103535353536 0.0328125 0.03958333333333333
cl4xsgm1x00b8356p7oxc7wov 0 0.8609375 0.756019159741459 0.03125 0.03333333333333333
cl4xsgniy00bc356pnz48aa9o 0 0.89765625 0.6368138227513228 0.0421875 0.04791666666666667
cl4xsgom800bg356p4xh90n9s 0 0.7611458333333333 0.43819444444444444 0.0375 0.04583333333333333
cl4xsgwq300br356p0k1ppyfe 0 0.6682812499999999 0.32354166666666667 0.0359375 0.03958333333333333
cl4xsgxxc00bv356ppuucw1yc 0 0.85859375 0.21653708133971292 0.0296875 0.0375
cl4xsgz3p00by356pqgusdo21 0 0.79296875 0.22689707505518764 0.0296875 0.035416666666666666
cl4xsh02b00c1356p9z3mu9uq 0 0.7228199850299402 0.3599239021956088 0.028125 0.03958333333333333
cl4xsh3tl00c9356pefbj324r 0 0.9525984116022099 0.103125 0.028125 0.04375
cl4xsh5ft00cd356p3lr3ww8r 0 0.8506345663265306 0.062108843537414964 0.0328125 0.04583333333333333
cl4xsh72k00ch356pvxbjzv03 0 0.8208924463190185 0.028898261758691205 0.0296875 0.05
cl4xsh8iz00cl356pbia1b62k 0 0.6524299568965517 0.11342672413793103 0.0390625 0.04791666666666667
cl4xshaem00cp356plbcizt9o 0 0.6355419303797468 0.16536128691983124 0.034375 0.04375
cl4xshc7l00ct356puxlvdquf 0 0.6157566713483147 0.2864583333333333 0.0328125 0.04791666666666667
cl4xshdxk00cx356p03y0ofnx 0 0.5790453767123288 0.450699200913242 0.028125 0.03125
cl4xshfof00d1356pknnc851a 0 0.5494034090909091 0.48357954545454546 0.0375 0.03958333333333333
cl4xshh7400d5356p4kzpuyuj 0 0.4798864976415095 0.6713443396226416 0.034375 0.04791666666666667
cl4xshj5q00d9356pn55dcg1h 0 0.3839447962555066 0.5704891703377386 0.03281249999999995 0.03958333333333333
cl4xshlb400di356pkg8e46cx 0 0.367942533557047 0.5446168903803131 0.028125 0.03749999999999994
cl4xshmd000dm356prdmuh8uy 0 0.373036123853211 0.44880542813455654 0.03125 0.03958333333333333
cl4xshndy00dq356ppajrj7je 0 0.3490774183417086 0.389499581239531 0.0359375 0.041666666666666664
cl4xshobb00du356pi1fe9qva 0 0.3321850712435233 0.428125 0.0359375 0.027083333333333334
cl4xshpc100dy356pjj2en3eq 0 0.3313239235874745 0.4427083333333333 0.0359375 0.03125
cl4xshq8c00e1356pwn4uctu7 0 0.22621527777777778 0.5003472222222222 0.0375 0.04791666666666667
cl4xshrdf00e5356pum4j8poj 0 0.15852695167286246 0.4399899318463445 0.0375 0.03958333333333333
cl4xshsnv00e9356pnsxn9t7n 0 0.10266222133757963 0.3694665605095542 0.036375398089171965 0.049867303609341815
cl4xshtmw00ed356phhi6kl03 0 0.11985582729468598 0.3172755636070853 0.0328125 0.04375
cl4xshvhj00el356pzxdhl1hc 0 0.0328125 0.3145833333333333 0.040625 0.041666666666666664
cl4xshx7400eq356pi2efzks5 0 0.02372255786249149 0.3097550771499887 0.028125 0.03958333333333333
cl4xsi0g900eu356px7zao6zm 0 0.36845613532110094 0.7963971712538226 0.0390625 0.04791666666666667
cl4xsi28o00ey356puc8ibxum 0 0.30851759927797834 0.32395833333333335 0.05 0.052083333333333336
cl4xsi35500f2356ppgbactcz 0 0.40116444866920153 0.34634426489226866 0.028125 0.035416666666666666
cl4xsi41500f6356pueiqwwl8 0 0.46875 0.3110422106179287 0.034375 0.04000217580504787
cl4xsi5iv00f9356pjlo8kmf9 0 0.5852328431372549 0.21260212418300653 0.040625 0.052083333333333336
cl4xsiafn00fl356p1qsbcpq6 0 0.42109375 0.035050863991081385 0.0296875 0.035416666666666666
cl4xsiboy00fo356p0drg408u 0 0.409375 0.1625 0.03125 0.041666666666666664
cl4xsicyp00ft356p7wxw1bu0 0 0.39361850247524754 0.19192450495049504 0.042187500000000044 0.035416666666666666
cl4xsie7n00fx356pm8pe3q0y 0 0.35810588080168776 0.20423259493670887 0.0390625 0.04791666666666667
cl4xsifph00g1356pzw193ip3 0 0.42479967948717945 0.24973290598290596 0.03125 0.0458333333333333
cl4xsigp300g5356p5wqj95t3 0 0.3912543402777778 0.3033275462962963 0.0265625 0.035416666666666666
cl4xsijar00g9356pe3t6bfab 0 0.8604631696428571 0.17667410714285714 0.03125 0.04375
cl4xsilct00gd356pbvyfyx3w 0 0.6296875 0.654223901098901 0.034375 0.03958333333333333
cl4xsiofb00gh356pv0fk2ton 0 0.5359375 0.5625 0.034375 0.05416666666666667
cl4xsiqzp00go356ps1k0imcg 0 0.58203125 0.6895833333333333 0.0296875 0.03333333333333333
cl4xsirz300gs356phx3arwpe 0 0.56953125 0.653125 0.0296875 0.035416666666666666
cl4xsiurh00gw356pp4j0zkz8 0 0.11495815899581589 0.10029855299860531 0.05625 0.05
cl4ye76bf0003356p49hbaah8 0 0.36640625 0.26458333333333334 0.0328125 0.0375
cl4yg6z0l0021356ptvqil6cr 0 0.30625 0.7885416666666667 0.0296875 0.0375
cl4yguioh002l356p3ufzdg9z 0 0.37083333333333335 0.24930555555555553 0.0296875 0.04166666666666664
cl4yh0mcw002t356plaxl5npv 0 0.1609375 0.7861742424242425 0.040625 0.0375
cl4yh2a0r002x356p2tlidbsl 0 0.44107142857142856 0.934970238095238 0.03125 0.03958333333333333
cl4yh3v4u0031356phoomvwr5 0 0.406640625 0.9796875 0.03046875 0.03229166666666667
cl4yh6rah0035356p8odrzu3l 0 0.20180803571428568 0.9865119047619048 0.032401785714285716 0.026976190476190473
cl4yhicek003x356phjxy15za 0 0.9639479166666666 0.43645833333333334 0.0265625 0.04375
cl4yhlk4l0045356p7uku3kf7 0 0.6375 0.3059027777777778 0.0296875 0.041666666666666664
cl53esppq000p356iyadfxr3a 1 0.54296875 0.6885416666666667 0.1265625 0.15208333333333332
cl53et4za000v356ipefq8v08 1 0.13828125 0.10729166666666666 0.0671875 0.06875
cl53etfxj0012356i1lamqr2b 1 0.36796875 0.27708333333333335 0.0859375 0.0875
cl53eu1pk0016356ibxtrzp44 1 0.628125 0.84375 0.059375 0.06666666666666667
