ckz3vyyc0000z3867codcgkg7 0 0.06034071180555556 0.6107928240740741 0.04375 0.05625
cl4xsg9sb00ac356p1oo54ag8 0 0.19681385869565218 0.9481159420289855 0.0359375 0.04791666666666667
cl4xsgatd00ag356pn78v81ab 0 0.184375 0.888375946969697 0.028125 0.04583333333333333
cl4xsgc7s00ak356pc8jz9vpq 0 0.2920231835564054 0.9116136870618229 0.034375 0.04375
cl4xsggag00as356pyqef10d2 0 0.6399267765685019 0.853125 0.03125 0.03958333333333333
cl4xsghzt00ax356pe5pvev6v 0 0.6297152366863905 0.8458333333333333 0.034375 0.041666666666666664
cl4xsgja900b1356p7ux71hb1 0 0.6686266447368421 0.9019188596491229 0.0328125 0.03958333333333333
cl4xsgm1x00b8356p7oxc7wov 0 0.8603954475308642 0.7499151234567901 0.03125 0.03333333333333333
cl4xsgniy00bc356pnz48aa9o 0 0.9042877299331102 0.6375383221850613 0.0421875 0.04791666666666667
cl4xsgom800bg356p4xh90n9s 0 0.77890625 0.4931712962962963 0.0375 0.04583333333333333
cl4xsgwq300br356p0k1ppyfe 0 0.8234375 0.30104166666666665 0.034375 0.03958333333333333
cl4xsgxxc00bv356ppuucw1yc 0 0.8674516636690648 0.21806055155875298 0.0296875 0.0375
cl4xsgz3p00by356pqgusdo21 0 0.81953125 0.24862847222222223 0.0296875 0.035416666666666666
cl4xsh02b00c1356p9z3mu9uq 0 0.7455414870689655 0.353125 0.028125 0.03958333333333333
cl4xsh3tl00c9356pefbj324r 0 0.9564039408866994 0.10322762725779967 0.028125 0.04375
cl4xsh5ft00cd356p3lr3ww8r 0 0.8592061871859297 0.06485552763819095 0.0328125 0.04583333333333332
cl4xsh72k00ch356pvxbjzv03 0 0.8384595218120806 0.030327181208053687 0.0296875 0.05
cl4xsh8iz00cl356pbia1b62k 0 0.6640252976190476 0.11507936507936509 0.0390625 0.04791666666666667
cl4xshaem00cp356plbcizt9o 0 0.6451342281879195 0.1709941275167785 0.034375 0.04375
cl4xshc7l00ct356puxlvdquf 0 0.6074908088235295 0.2912377450980392 0.0328125 0.04791666666666667
cl4xshdxk00cx356p03y0ofnx 0 0.5865444862155388 0.45729166666666665 0.028125 0.03125
cl4xshfof00d1356pknnc851a 0 0.5556326219512195 0.4864583333333333 0.0375 0.03958333333333333
cl4xshh7400d5356p4kzpuyuj 0 0.4941359561752988 0.6557229415670651 0.034375 0.04791666666666667
cl4xshj5q00d9356pn55dcg1h 0 0.3989138719512195 0.5774390243902439 0.0328125 0.03790650406504063
cl4xshlb400di356pkg8e46cx 0 0.38146551724137934 0.5556752873563219 0.028125 0.0375
cl4xshmd000dm356prdmuh8uy 0 0.38370150862068964 0.4563936781609195 0.03125 0.03958333333333333
cl4xshndy00dq356ppajrj7je 0 0.3609968932748538 0.4047270955165692 0.0359375 0.041666666666666664
cl4xshobb00du356pi1fe9qva 0 0.33154961107091174 0.428125 0.0359375 0.027083333333333334
cl4xshpc100dy356pjj2en3eq 0 0.33330869213750847 0.4427083333333333 0.0359375 0.03125
cl4xshq8c00e1356pwn4uctu7 0 0.23051089211618256 0.5094873789764869 0.0375 0.04791666666666667
cl4xshrdf00e5356pum4j8poj 0 0.16599358974358974 0.4381730769230769 0.0375 0.041666666666666664
cl4xshsnv00e9356pnsxn9t7n 0 0.14900173611111112 0.38383487654320986 0.03125 0.041666666666666664
cl4xshtmw00ed356phhi6kl03 0 0.12186726485148516 0.31560437293729376 0.0328125 0.04375
cl4xshvhj00el356pzxdhl1hc 0 0.0328125 0.3145833333333333 0.040625 0.041666666666666664
cl4xshx7400eq356pi2efzks5 0 0.024384147379169503 0.3106371965055593 0.028125 0.03958333333333333
cl4xsi0g900eu356px7zao6zm 0 0.359030070754717 0.8076297169811321 0.0390625 0.04791666666666667
cl4xsi28o00ey356puc8ibxum 0 0.3174690315315315 0.328125 0.05 0.052083333333333336
cl4xsi35500f2356ppgbactcz 0 0.40024061311787074 0.34511248415716095 0.028125000000000046 0.035416666666666666
cl4xsi41500f6356pueiqwwl8 0 0.48225308641975306 0.31078960905349795 0.034375 0.03125
cl4xsi5iv00f9356pjlo8kmf9 0 0.5932235783261802 0.215625 0.040625 0.052083333333333336
cl4xsi6gv00fd356pjdg1bkrh 0 0.4149791666666666 0.034375 0.034374999999999954 0.04375
cl4xsiafn00fl356p1qsbcpq6 0 0.42611670197740115 0.027112758945386065 0.0296875 0.035416666666666666
cl4xsiboy00fo356p0drg408u 0 0.4063340053763441 0.16435931899641576 0.03125 0.041666666666666664
cl4xsicyp00ft356p7wxw1bu0 0 0.4181046195652174 0.2026117149758454 0.0421875 0.035416666666666666
cl4xsie7n00fx356pm8pe3q0y 0 0.37872395833333333 0.209375 0.0390625 0.04791666666666667
cl4xsifph00g1356pzw193ip3 0 0.4269783266129032 0.24222110215053763 0.03125 0.04583333333333333
cl4xsigp300g5356p5wqj95t3 0 0.39697179203539823 0.296875 0.0265625 0.035416666666666666
cl4xsijar00g9356pe3t6bfab 0 0.865625 0.1814494680851064 0.03125 0.04375
cl4xsilct00gd356pbvyfyx3w 0 0.6356667698019802 0.653125 0.034375 0.03958333333333333
cl4xsiofb00gh356pv0fk2ton 0 0.5359375 0.5625 0.034375 0.05416666666666667
cl4xsiqzp00go356ps1k0imcg 0 0.58203125 0.6895833333333333 0.0296875 0.03333333333333333
cl4xsirz300gs356phx3arwpe 0 0.56953125 0.653125 0.0296875 0.035416666666666666
cl4xsiurh00gw356pp4j0zkz8 0 0.11902458158995817 0.10165402719665272 0.05625000000000001 0.05
cl4ye76bf0003356p49hbaah8 0 0.36640625 0.26458333333333334 0.0328125 0.0375
cl4yewemo0017356pivxsjhs3 0 0.8973958333333334 0.40381944444444445 0.034375 0.04375
cl4yf032i001f356p2yd4z0tg 0 0.08229166666666667 0.8432291666666667 0.03125 0.041666666666666664
cl4yf25i6001j356pmma7nzu4 0 0.1517578125 0.35052083333333334 0.0296875 0.03958333333333333
cl4yg2zg7001x356pgf8m41o4 0 0.3455078125 0.36770833333333336 0.03125 0.03958333333333333
cl4ygmqop002d356p9i4s1ird 0 0.9317187499999999 0.7039583333333332 0.0296875 0.03958333333333333
cl4yh6rah0035356p8odrzu3l 0 0.21018750000000003 0.9911666666666666 0.03125000000000002 0.017666666666666705
cl4yhyfa2004p356p0rjgtmhv 0 0.8712500000000001 0.13833333333333334 0.034375 0.03750000000000001
cl53esppq000p356iyadfxr3a 1 0.54296875 0.6885416666666667 0.1265625 0.15208333333333332
cl53et4za000v356ipefq8v08 1 0.13828125 0.10729166666666666 0.0671875 0.06875
cl53etfxj0012356i1lamqr2b 1 0.36796875 0.27708333333333335 0.0859375 0.0875
cl53eu1pk0016356ibxtrzp44 1 0.628125 0.84375 0.059375 0.06666666666666667
