ckz3vyyc0000z3867codcgkg7 0 0.0484375 0.6016121031746031 0.04375 0.05625
cl4xsg9sb00ac356p1oo54ag8 0 0.19140625 0.9427083333333334 0.0359375 0.04791666666666667
cl4xsgatd00ag356pn78v81ab 0 0.179715625 0.881325 0.028125 0.04583333333333333
cl4xsgc7s00ak356pc8jz9vpq 0 0.25724213957055214 0.8935902351738242 0.0375 0.04375
cl4xsggag00as356pyqef10d2 0 0.6298465154867257 0.8552083333333333 0.03125 0.03958333333333333
cl4xsghzt00ax356pe5pvev6v 0 0.5799732142857142 0.8401309523809524 0.034375 0.05
cl4xsgja900b1356p7ux71hb1 0 0.6588831018518518 0.824729938271605 0.0328125 0.03958333333333333
cl4xsgm1x00b8356p7oxc7wov 0 0.8595199092741936 0.7524697580645161 0.03125 0.03333333333333333
cl4xsgniy00bc356pnz48aa9o 0 0.8875401785714285 0.6209940476190476 0.0421875 0.04791666666666667
cl4xsgom800bg356p4xh90n9s 0 0.8203125 0.43333333333333335 0.0375 0.04583333333333333
cl4xsgwq300br356p0k1ppyfe 0 0.599392361111111 0.33206018518518515 0.0359375 0.03958333333333333
cl4xsgxxc00bv356ppuucw1yc 0 0.85703125 0.21427469135802468 0.0296875 0.0375
cl4xsgz3p00by356pqgusdo21 0 0.78203125 0.215625 0.0296875 0.035416666666666666
cl4xsh02b00c1356p9z3mu9uq 0 0.717479674796748 0.3601541327913279 0.028125 0.03958333333333333
cl4xsh3tl00c9356pefbj324r 0 0.9515625 0.10275297619047619 0.028125 0.04375
cl4xsh5ft00cd356p3lr3ww8r 0 0.8484375 0.057291666666666664 0.0328125 0.04583333333333333
cl4xsh72k00ch356pvxbjzv03 0 0.8142857142857143 0.02745535714285714 0.029687499999999912 0.05
cl4xsh8iz00cl356pbia1b62k 0 0.6374540441176471 0.10986519607843137 0.0390625 0.04791666666666667
cl4xshaem00cp356plbcizt9o 0 0.628954326923077 0.16182692307692306 0.034375 0.04375
cl4xshc7l00ct356puxlvdquf 0 0.6133159722222222 0.28854166666666664 0.0328125 0.04791666666666667
cl4xshdxk00cx356p03y0ofnx 0 0.572490368150685 0.447203196347032 0.028125 0.03125
cl4xshfof00d1356pknnc851a 0 0.5471161912751679 0.4805299217002237 0.0375 0.03958333333333333
cl4xshh7400d5356p4kzpuyuj 0 0.48125 0.6677083333333333 0.034375 0.04791666666666667
cl4xshj5q00d9356pn55dcg1h 0 0.37642683383233533 0.5623191117764471 0.0328125 0.03958333333333333
cl4xshlb400di356pkg8e46cx 0 0.36441506410256413 0.5358867521367522 0.028125 0.0375
cl4xshmd000dm356prdmuh8uy 0 0.35669367283950615 0.440625 0.03125 0.03958333333333333
cl4xshndy00dq356ppajrj7je 0 0.33198723591549295 0.38125 0.0359375 0.041666666666666664
cl4xshobb00du356pi1fe9qva 0 0.33203125 0.428125 0.0359375 0.027083333333333334
cl4xshpc100dy356pjj2en3eq 0 0.33054214176310415 0.4427083333333333 0.0359375 0.03125
cl4xshq8c00e1356pwn4uctu7 0 0.22230902777777778 0.4940393518518518 0.0375 0.04791666666666667
cl4xshrdf00e5356pum4j8poj 0 0.15219575991189427 0.4368805066079295 0.0375 0.03958333333333333
cl4xshsnv00e9356pnsxn9t7n 0 0.09541360294117647 0.3645833333333333 0.037702205882352936 0.05416666666666667
cl4xshtmw00ed356phhi6kl03 0 0.11987680288461537 0.315625 0.0328125 0.04375
cl4xshvhj00el356pzxdhl1hc 0 0.0328125 0.3145833333333333 0.040625 0.041666666666666664
cl4xshx7400eq356pi2efzks5 0 0.023461963921034716 0.3094076185613796 0.028125 0.03958333333333333
cl4xsi0g900eu356px7zao6zm 0 0.361234375 0.7931875 0.0390625 0.04791666666666667
cl4xsi28o00ey356puc8ibxum 0 0.3117460664335664 0.32046182983682986 0.05 0.052083333333333336
cl4xsi35500f2356ppgbactcz 0 0.40152833887832695 0.34682945183776936 0.028124999999999956 0.035416666666666666
cl4xsi41500f6356pueiqwwl8 0 0.46875 0.3123748912097476 0.034375 0.045332898172323804
cl4xsi5iv00f9356pjlo8kmf9 0 0.58309326171875 0.21145833333333333 0.040625 0.052083333333333336
cl4xsiafn00fl356p1qsbcpq6 0 0.4200757575757576 0.037815656565656566 0.0296875 0.035416666666666666
cl4xsiboy00fo356p0drg408u 0 0.4080620659722222 0.1625 0.03125 0.041666666666666664
cl4xsicyp00ft356p7wxw1bu0 0 0.3852101293103448 0.19270833333333334 0.0421875 0.035416666666666666
cl4xsie7n00fx356pm8pe3q0y 0 0.3544347426470588 0.19757965686274512 0.0390625 0.04791666666666667
cl4xsifph00g1356pzw193ip3 0 0.4234375 0.250968992248062 0.03125 0.045833333333333365
cl4xsigp300g5356p5wqj95t3 0 0.3872395833333333 0.30520833333333336 0.026562499999999954 0.035416666666666666
cl4xsijar00g9356pe3t6bfab 0 0.860748355263158 0.1744627192982456 0.03125 0.04375
cl4xsilct00gd356pbvyfyx3w 0 0.6284035852713179 0.6493297803617571 0.034375 0.03958333333333333
cl4xsiofb00gh356pv0fk2ton 0 0.5359375 0.5625 0.034375 0.05416666666666667
cl4xsiqzp00go356ps1k0imcg 0 0.58203125 0.6895833333333333 0.0296875 0.03333333333333333
cl4xsirz300gs356phx3arwpe 0 0.56953125 0.653125 0.0296875 0.035416666666666666
cl4xsiurh00gw356pp4j0zkz8 0 0.1140625 0.1 0.05625 0.05
cl4ye76bf0003356p49hbaah8 0 0.36640625 0.26458333333333334 0.0328125 0.0375
cl4ygz34o002p356ppfe5o7sb 0 0.17109375 0.10595238095238096 0.0296875 0.04583333333333333
cl4yh2a0r002x356p2tlidbsl 0 0.33603940217391304 0.821875 0.0296875 0.03958333333333333
cl4yh6rah0035356p8odrzu3l 0 0.19609375 0.9847380050505051 0.0328125 0.03052398989898985
cl4yh7k3r0039356paib9iq4j 0 0.8353298611111111 0.9278935185185185 0.0328125 0.04791666666666667
cl4yh90pk003d356pj4u39x5p 0 0.7941761363636364 0.7189393939393939 0.0375 0.05
cl4yhaoq6003h356pe5ppk1o7 0 0.6624131944444445 0.4829861111111111 0.0390625 0.035416666666666666
cl4yhbydk003l356pfy3whii7 0 0.77890625 0.13020833333333334 0.025 0.03958333333333333
cl4yhgh5l003t356ps9oanlz2 0 0.7921875 0.5572916666666666 0.040625 0.052083333333333336
cl4yhicek003x356phjxy15za 0 0.9429917279411765 0.4274509803921569 0.0265625 0.04375
cl4yhkj9v0041356pgg535fwi 0 0.44921875 0.8685897435897435 0.0421875 0.04583333333333333
cl4yhlk4l0045356p7uku3kf7 0 0.5302283653846154 0.7428685897435898 0.0296875 0.04375
cl4yhny5q0049356pc4yysols 0 0.05301339285714286 0.22604166666666667 0.03415178571428571 0.03779761904761904
cl53esppq000p356iyadfxr3a 1 0.54296875 0.6885416666666667 0.1265625 0.15208333333333332
cl53et4za000v356ipefq8v08 1 0.13828125 0.10729166666666666 0.0671875 0.06875
cl53etfxj0012356i1lamqr2b 1 0.36796875 0.27708333333333335 0.0859375 0.0875
cl53eu1pk0016356ibxtrzp44 1 0.628125 0.84375 0.059375 0.06666666666666667
