ckz3vyyc0000z3867codcgkg7 0 0.0484375 0.6022073412698412 0.04375 0.05625
cl4xsg9sb00ac356p1oo54ag8 0 0.19140625 0.9427083333333334 0.0359375 0.04791666666666667
cl4xsgatd00ag356pn78v81ab 0 0.179790625 0.881525 0.028125 0.04583333333333333
cl4xsgc7s00ak356pc8jz9vpq 0 0.2582774156441718 0.8945104805725972 0.0375 0.04375
cl4xsggag00as356pyqef10d2 0 0.6300124446902655 0.8552083333333333 0.03125 0.03958333333333333
cl4xsghzt00ax356pe5pvev6v 0 0.5819017857142856 0.8407023809523809 0.034375 0.05
cl4xsgja900b1356p7ux71hb1 0 0.6547876602564102 0.8193643162393162 0.0328125 0.03958333333333333
cl4xsgm1x00b8356p7oxc7wov 0 0.859671118951613 0.7528729838709677 0.03125 0.03333333333333333
cl4xsgniy00bc356pnz48aa9o 0 0.8883973214285714 0.6244226190476191 0.0421875 0.04791666666666667
cl4xsgom800bg356p4xh90n9s 0 0.817578125 0.43197916666666664 0.0375 0.04583333333333333
cl4xsgwq300br356p0k1ppyfe 0 0.60265625 0.3271527777777778 0.0359375 0.03958333333333333
cl4xsgxxc00bv356ppuucw1yc 0 0.8572497814685315 0.21458333333333332 0.0296875 0.0375
cl4xsgz3p00by356pqgusdo21 0 0.7791666666666667 0.22135416666666666 0.0296875 0.035416666666666666
cl4xsh02b00c1356p9z3mu9uq 0 0.7177845528455284 0.3609671409214092 0.028125 0.03958333333333333
cl4xsh3tl00c9356pefbj324r 0 0.9516445096685082 0.103125 0.028125 0.04375
cl4xsh5ft00cd356p3lr3ww8r 0 0.8492251275510204 0.058350340136054425 0.0328125 0.04583333333333333
cl4xsh72k00ch356pvxbjzv03 0 0.8153707470414201 0.027083333333333334 0.0296875 0.05
cl4xsh8iz00cl356pbia1b62k 0 0.6389246323529412 0.11084558823529411 0.0390625 0.04791666666666667
cl4xshaem00cp356plbcizt9o 0 0.6298197115384616 0.16221153846153846 0.034375 0.04375
cl4xshc7l00ct356puxlvdquf 0 0.6149081829896907 0.28849871134020616 0.0328125 0.04791666666666667
cl4xshdxk00cx356p03y0ofnx 0 0.5731324914383562 0.44754566210045665 0.028125 0.03125
cl4xshfof00d1356pknnc851a 0 0.5473678691275168 0.4808654921700224 0.0375 0.03958333333333333
cl4xshh7400d5356p4kzpuyuj 0 0.48125 0.6677083333333333 0.034375 0.04791666666666667
cl4xshj5q00d9356pn55dcg1h 0 0.3771004865269461 0.5632173153692615 0.0328125 0.03958333333333333
cl4xshlb400di356pkg8e46cx 0 0.3647996794871795 0.5363995726495727 0.028125 0.0375
cl4xshmd000dm356prdmuh8uy 0 0.35715663580246915 0.440625 0.03125 0.03958333333333333
cl4xshndy00dq356ppajrj7je 0 0.3335717429577465 0.38125 0.0359375 0.041666666666666664
cl4xshobb00du356pi1fe9qva 0 0.33203125 0.428125 0.0359375 0.027083333333333334
cl4xshpc100dy356pjj2en3eq 0 0.33061872447243024 0.4427083333333333 0.0359375 0.03125
cl4xshq8c00e1356pwn4uctu7 0 0.22356920498084293 0.49505507662835246 0.0375 0.04791666666666667
cl4xshrdf00e5356pum4j8poj 0 0.1528565528634361 0.43732103524229077 0.0375 0.03958333333333333
cl4xshsnv00e9356pnsxn9t7n 0 0.09563419117647058 0.3645833333333333 0.038143382352941166 0.05416666666666667
cl4xshtmw00ed356phhi6kl03 0 0.12023737980769231 0.315625 0.0328125 0.04375
cl4xshvhj00el356pzxdhl1hc 0 0.0328125 0.3145833333333333 0.040625 0.041666666666666664
cl4xshx7400eq356pi2efzks5 0 0.023487491490810076 0.3094416553210801 0.028125 0.03958333333333333
cl4xsi0g900eu356px7zao6zm 0 0.362359375 0.7936875000000001 0.0390625 0.04791666666666667
cl4xsi28o00ey356puc8ibxum 0 0.3109593531468532 0.32116113053613055 0.05 0.052083333333333336
cl4xsi35500f2356ppgbactcz 0 0.4014926924904943 0.34678192332065905 0.028125 0.035416666666666666
cl4xsi41500f6356pueiqwwl8 0 0.46875 0.31224434290687547 0.034375 0.0448107049608355
cl4xsi5iv00f9356pjlo8kmf9 0 0.58338623046875 0.21145833333333333 0.040625 0.052083333333333336
cl4xsiafn00fl356p1qsbcpq6 0 0.42064393939393935 0.03705808080808081 0.0296875 0.035416666666666666
cl4xsiboy00fo356p0drg408u 0 0.40832248263888893 0.1625 0.03125000000000004 0.041666666666666664
cl4xsicyp00ft356p7wxw1bu0 0 0.38420516304347824 0.19250452898550727 0.042187499999999954 0.035416666666666666
cl4xsie7n00fx356pm8pe3q0y 0 0.3549862132352941 0.19831495098039215 0.0390625 0.04791666666666667
cl4xsifph00g1356pzw193ip3 0 0.4235695422535211 0.2501173708920188 0.03125 0.045833333333333365
cl4xsigp300g5356p5wqj95t3 0 0.38778306159420295 0.30520833333333336 0.026562500000000044 0.035416666666666666
cl4xsijar00g9356pe3t6bfab 0 0.8605509868421052 0.17498903508771932 0.03125 0.04375
cl4xsilct00gd356pbvyfyx3w 0 0.6286942829457364 0.6497173772609819 0.034375 0.03958333333333333
cl4xsiofb00gh356pv0fk2ton 0 0.5359375 0.5625 0.034375 0.05416666666666667
cl4xsiqzp00go356ps1k0imcg 0 0.58203125 0.6895833333333333 0.0296875 0.03333333333333333
cl4xsirz300gs356phx3arwpe 0 0.56953125 0.653125 0.0296875 0.035416666666666666
cl4xsiurh00gw356pp4j0zkz8 0 0.1140625 0.1 0.05625 0.05
cl4ye76bf0003356p49hbaah8 0 0.36640625 0.26458333333333334 0.0328125 0.0375
cl4yg6z0l0021356ptvqil6cr 0 0.00234375 0.8416666666666667 0.0046875 0.029166666666666667
cl4ygz34o002p356ppfe5o7sb 0 0.15859375 0.19583333333333333 0.0296875 0.04583333333333333
cl4yh2a0r002x356p2tlidbsl 0 0.34690896739130433 0.8229619565217392 0.0296875 0.03958333333333333
cl4yh6rah0035356p8odrzu3l 0 0.19609375 0.985116792929293 0.0328125 0.029766414141414187
cl4yh7k3r0039356paib9iq4j 0 0.835546875 0.9322916666666666 0.0328125 0.04791666666666667
cl4yh90pk003d356pj4u39x5p 0 0.82421875 0.71875 0.0375 0.05
cl4yhaoq6003h356pe5ppk1o7 0 0.73046875 0.46979166666666666 0.0390625 0.035416666666666666
cl4yhbydk003l356pfy3whii7 0 0.789453125 0.20190972222222223 0.025 0.03958333333333333
cl4yhgh5l003t356ps9oanlz2 0 0.8220982142857143 0.5083333333333333 0.03482142857142865 0.041666666666666664
cl4yhicek003x356phjxy15za 0 0.9446461397058824 0.42892156862745096 0.0265625 0.04375
cl4yhkj9v0041356pgg535fwi 0 0.4791466346153846 0.8919070512820514 0.0390625 0.05625
cl4yhlk4l0045356p7uku3kf7 0 0.54609375 0.6947916666666667 0.0296875 0.04375
cl4yhny5q0049356pc4yysols 0 0.02265625 0.17465277777777777 0.0265625 0.04375
cl53esppq000p356iyadfxr3a 1 0.54296875 0.6885416666666667 0.1265625 0.15208333333333332
cl53et4za000v356ipefq8v08 1 0.13828125 0.10729166666666666 0.0671875 0.06875
cl53etfxj0012356i1lamqr2b 1 0.36796875 0.27708333333333335 0.0859375 0.0875
cl53eu1pk0016356ibxtrzp44 1 0.628125 0.84375 0.059375 0.06666666666666667
