ckz3vyyc0000z3867codcgkg7 0 0.053242722602739725 0.6136986301369862 0.04375 0.05625
cl4xsg9sb00ac356p1oo54ag8 0 0.19492074275362317 0.9462228260869565 0.035937499999999976 0.04791666666666667
cl4xsgatd00ag356pn78v81ab 0 0.18321933962264153 0.8867295597484277 0.028125 0.04583333333333333
cl4xsgc7s00ak356pc8jz9vpq 0 0.28381410256410255 0.9084312678062678 0.034375 0.04375
cl4xsggag00as356pyqef10d2 0 0.6378361075544174 0.853125 0.03125 0.03958333333333333
cl4xsghzt00ax356pe5pvev6v 0 0.6248437499999999 0.8454166666666667 0.034375 0.041666666666666664
cl4xsgja900b1356p7ux71hb1 0 0.6927153716216216 0.8645551801801802 0.0328125 0.03958333333333333
cl4xsgm1x00b8356p7oxc7wov 0 0.8607986111111112 0.7515277777777778 0.03125 0.03333333333333333
cl4xsgniy00bc356pnz48aa9o 0 0.9017755681818181 0.6377840909090909 0.0421875 0.04791666666666667
cl4xsgom800bg356p4xh90n9s 0 0.74560546875 0.43580729166666665 0.0375 0.04583333333333333
cl4xsgwq300br356p0k1ppyfe 0 0.775173611111111 0.3123842592592593 0.034375 0.03958333333333333
cl4xsgxxc00bv356ppuucw1yc 0 0.8651022931654676 0.21492805755395683 0.0296875 0.0375
cl4xsgz3p00by356pqgusdo21 0 0.8173538306451613 0.2454233870967742 0.0296875 0.035416666666666666
cl4xsh02b00c1356p9z3mu9uq 0 0.7390625 0.356527278177458 0.028125 0.03958333333333333
cl4xsh3tl00c9356pefbj324r 0 0.9548236811926605 0.10502675840978594 0.028125 0.04375
cl4xsh5ft00cd356p3lr3ww8r 0 0.8536097756410257 0.06418803418803418 0.0328125 0.04583333333333332
cl4xsh72k00ch356pvxbjzv03 0 0.8351624258893281 0.03020421607378129 0.0296875 0.05
cl4xsh8iz00cl356pbia1b62k 0 0.6595328691709844 0.11295876511226254 0.0390625 0.047916666666666684
cl4xshaem00cp356plbcizt9o 0 0.6404124540441176 0.16950827205882352 0.034375 0.04375
cl4xshc7l00ct356puxlvdquf 0 0.6114084277003484 0.290625 0.0328125 0.04791666666666667
cl4xshdxk00cx356p03y0ofnx 0 0.5849075814536341 0.45729166666666665 0.028125 0.03125
cl4xshfof00d1356pknnc851a 0 0.5532431402439024 0.4864583333333333 0.0375 0.03958333333333333
cl4xshh7400d5356p4kzpuyuj 0 0.4950550426136363 0.6534682765151516 0.034375 0.04791666666666667
cl4xshj5q00d9356pn55dcg1h 0 0.39549817825112105 0.5731642376681614 0.0328125 0.03958333333333333
cl4xshlb400di356pkg8e46cx 0 0.37793585526315787 0.5518311403508772 0.028125 0.0375
cl4xshmd000dm356prdmuh8uy 0 0.3857434640522876 0.4591162854030501 0.03125000000000004 0.03958333333333333
cl4xshndy00dq356ppajrj7je 0 0.3612143208661417 0.4048720472440945 0.0359375 0.041666666666666664
cl4xshobb00du356pi1fe9qva 0 0.3306044229377713 0.428125 0.0359375 0.027083333333333334
cl4xshpc100dy356pjj2en3eq 0 0.3326417843771273 0.4427083333333333 0.0359375 0.03125
cl4xshq8c00e1356pwn4uctu7 0 0.23066789215686273 0.509906045751634 0.0375 0.04791666666666667
cl4xshrdf00e5356pum4j8poj 0 0.1625 0.4398391812865497 0.0375 0.04093567251461986
cl4xshsnv00e9356pnsxn9t7n 0 0.12207195378151262 0.3787114845938376 0.03125 0.041666666666666664
cl4xshtmw00ed356phhi6kl03 0 0.12039574795081967 0.31354166666666666 0.0328125 0.04375
cl4xshvhj00el356pzxdhl1hc 0 0.0328125 0.3145833333333333 0.040625 0.041666666666666664
cl4xshx7400eq356pi2efzks5 0 0.024161844792375764 0.31034079305650103 0.028125 0.03958333333333333
cl4xsi0g900eu356px7zao6zm 0 0.36072558198380567 0.8028213562753037 0.0390625 0.04791666666666667
cl4xsi28o00ey356puc8ibxum 0 0.31312071917808215 0.3268692922374429 0.05 0.052083333333333336
cl4xsi35500f2356ppgbactcz 0 0.40055103374524714 0.3455263783269962 0.028125 0.035416666666666666
cl4xsi41500f6356pueiqwwl8 0 0.48328619909502263 0.3101008672699849 0.034375 0.03270173453996984
cl4xsi5iv00f9356pjlo8kmf9 0 0.5906818181818182 0.21462121212121213 0.040625 0.052083333333333336
cl4xsi6gv00fd356pjdg1bkrh 0 0.384375 0.037753378378378374 0.034375 0.04375
cl4xsiafn00fl356p1qsbcpq6 0 0.4233607700892857 0.029268973214285714 0.0296875 0.035416666666666666
cl4xsiboy00fo356p0drg408u 0 0.4080093034351145 0.16067907124681932 0.031249999999999955 0.041666666666666664
cl4xsicyp00ft356p7wxw1bu0 0 0.4119118679775281 0.19989466292134833 0.0421875 0.035416666666666666
cl4xsie7n00fx356pm8pe3q0y 0 0.36899884259259264 0.209375 0.0390625 0.04791666666666667
cl4xsifph00g1356pzw193ip3 0 0.42428977272727275 0.24469696969696972 0.03125 0.045833333333333365
cl4xsigp300g5356p5wqj95t3 0 0.39490740740740743 0.29766589506172836 0.026562500000000044 0.035416666666666666
cl4xsijar00g9356pe3t6bfab 0 0.8612015845070422 0.17222711267605634 0.03125 0.04375
cl4xsilct00gd356pbvyfyx3w 0 0.6332418007425742 0.653125 0.034375 0.03958333333333333
cl4xsiofb00gh356pv0fk2ton 0 0.5359375 0.5625 0.034375 0.05416666666666667
cl4xsiqzp00go356ps1k0imcg 0 0.58203125 0.6895833333333333 0.0296875 0.03333333333333333
cl4xsirz300gs356phx3arwpe 0 0.56953125 0.653125 0.0296875 0.035416666666666666
cl4xsiurh00gw356pp4j0zkz8 0 0.11765821129707113 0.10119857043235704 0.05625 0.05
cl4ye76bf0003356p49hbaah8 0 0.36640625 0.26458333333333334 0.0328125 0.0375
cl4yfu8pv001p356phx9jihls 0 0.028125 0.7104166666666667 0.03125 0.0375
cl4yfvv49001t356piy5wgc7r 0 0.290625 0.2622916666666667 0.028125 0.03958333333333333
cl4yg6z0l0021356ptvqil6cr 0 0.7388671875 0.5614583333333333 0.028125 0.041666666666666664
cl4ygprmq002h356ppl30ie7v 0 0.4958333333333333 0.7885416666666667 0.025 0.04375
cl4yh6rah0035356p8odrzu3l 0 0.20844583333333336 0.9900055555555556 0.03125000000000002 0.019988888888888924
cl4yhicek003x356phjxy15za 0 0.9928485576923076 0.4566907051282051 0.01430288461538467 0.03245192307692305
cl53esppq000p356iyadfxr3a 1 0.54296875 0.6885416666666667 0.1265625 0.15208333333333332
cl53et4za000v356ipefq8v08 1 0.13828125 0.10729166666666666 0.0671875 0.06875
cl53etfxj0012356i1lamqr2b 1 0.36796875 0.27708333333333335 0.0859375 0.0875
cl53eu1pk0016356ibxtrzp44 1 0.628125 0.84375 0.059375 0.06666666666666667
