ckz3vyyc0000z3867codcgkg7 0 0.049375 0.6052083333333333 0.04375 0.05625
cl4xsg9sb00ac356p1oo54ag8 0 0.19140625 0.9427083333333334 0.0359375 0.04791666666666667
cl4xsgatd00ag356pn78v81ab 0 0.1804875 0.8833833333333333 0.028125 0.04583333333333333
cl4xsgc7s00ak356pc8jz9vpq 0 0.26789685582822087 0.9030610940695297 0.0375 0.04375
cl4xsggag00as356pyqef10d2 0 0.6325114678899083 0.8543673547400612 0.03125 0.03958333333333333
cl4xsghzt00ax356pe5pvev6v 0 0.5957008136094675 0.84375 0.034375 0.04531558185404331
cl4xsgja900b1356p7ux71hb1 0 0.6567471590909091 0.8755366161616162 0.0328125 0.03958333333333333
cl4xsgm1x00b8356p7oxc7wov 0 0.8609375 0.7559960757156048 0.03125 0.03333333333333333
cl4xsgniy00bc356pnz48aa9o 0 0.89765625 0.6368303571428572 0.0421875 0.04791666666666667
cl4xsgom800bg356p4xh90n9s 0 0.7618750000000001 0.4395833333333333 0.0375 0.04583333333333333
cl4xsgwq300br356p0k1ppyfe 0 0.6683799342105263 0.32362938596491225 0.0359375 0.03958333333333333
cl4xsgxxc00bv356ppuucw1yc 0 0.85859375 0.21657695374800637 0.0296875 0.0375
cl4xsgz3p00by356pqgusdo21 0 0.79296875 0.2269246688741722 0.0296875 0.035416666666666666
cl4xsh02b00c1356p9z3mu9uq 0 0.7228761227544911 0.359874001996008 0.028125 0.03958333333333333
cl4xsh3tl00c9356pefbj324r 0 0.9526070441988951 0.103125 0.028125 0.04375
cl4xsh5ft00cd356p3lr3ww8r 0 0.8506473214285715 0.062142857142857146 0.0328125 0.04583333333333333
cl4xsh72k00ch356pvxbjzv03 0 0.8209307898773005 0.028949386503067488 0.0296875 0.05
cl4xsh8iz00cl356pbia1b62k 0 0.6524407327586207 0.11341235632183908 0.0390625 0.04791666666666667
cl4xshaem00cp356plbcizt9o 0 0.6355814873417722 0.1653876582278481 0.034375 0.04375
cl4xshc7l00ct356puxlvdquf 0 0.6157215589887641 0.2864583333333333 0.0328125 0.04791666666666667
cl4xshdxk00cx356p03y0ofnx 0 0.5790988869863014 0.4507277397260274 0.028125 0.03125
cl4xshfof00d1356pknnc851a 0 0.5494196428571428 0.4836011904761905 0.0375 0.03958333333333333
cl4xshh7400d5356p4kzpuyuj 0 0.4798717570754717 0.671383647798742 0.034375 0.04791666666666667
cl4xshj5q00d9356pn55dcg1h 0 0.38401362885462553 0.5705442364170338 0.0328125 0.03958333333333333
cl4xshlb400di356pkg8e46cx 0 0.3679635067114094 0.544756711409396 0.028125 0.03749999999999994
cl4xshmd000dm356prdmuh8uy 0 0.3732368119266055 0.4488818807339449 0.03125 0.03958333333333333
cl4xshndy00dq356ppajrj7je 0 0.34921875 0.38958333333333334 0.0359375 0.041666666666666664
cl4xshobb00du356pi1fe9qva 0 0.3322012629533679 0.428125 0.0359375 0.027083333333333334
cl4xshpc100dy356pjj2en3eq 0 0.3313303054799183 0.4427083333333333 0.0359375 0.03125
cl4xshq8c00e1356pwn4uctu7 0 0.22623922413793104 0.5003951149425288 0.0375 0.04791666666666667
cl4xshrdf00e5356pum4j8poj 0 0.1585618029739777 0.43995895291201986 0.0375 0.03958333333333333
cl4xshsnv00e9356pnsxn9t7n 0 0.10273188694267517 0.36949309978768574 0.036275875796178345 0.04970806794055201
cl4xshtmw00ed356phhi6kl03 0 0.1198407306763285 0.317295692431562 0.0328125 0.04375
cl4xshvhj00el356pzxdhl1hc 0 0.0328125 0.3145833333333333 0.040625 0.041666666666666664
cl4xshx7400eq356pi2efzks5 0 0.02372468515997277 0.3097579135466304 0.028125 0.03958333333333333
cl4xsi0g900eu356px7zao6zm 0 0.3684991399082569 0.7964162844036697 0.0390625 0.04791666666666667
cl4xsi28o00ey356puc8ibxum 0 0.308528880866426 0.32395833333333335 0.05 0.052083333333333336
cl4xsi35500f2356ppgbactcz 0 0.4011614781368821 0.34634030418250955 0.028124999999999956 0.035416666666666666
cl4xsi41500f6356pueiqwwl8 0 0.46875 0.31103133159268925 0.034375 0.03995865970409055
cl4xsi5iv00f9356pjlo8kmf9 0 0.5852450980392156 0.2126184640522876 0.040625 0.052083333333333336
cl4xsiafn00fl356p1qsbcpq6 0 0.42109375 0.035036928651059084 0.0296875 0.035416666666666666
cl4xsiboy00fo356p0drg408u 0 0.409375 0.1625 0.03125 0.041666666666666664
cl4xsicyp00ft356p7wxw1bu0 0 0.39368038366336633 0.19204826732673266 0.042187499999999954 0.035416666666666666
cl4xsie7n00fx356pm8pe3q0y 0 0.3581322521097047 0.2042853375527426 0.0390625 0.04791666666666667
cl4xsifph00g1356pzw193ip3 0 0.4247195512820513 0.24962606837606838 0.03125 0.04583333333333333
cl4xsigp300g5356p5wqj95t3 0 0.3912760416666667 0.3032986111111111 0.026562500000000044 0.035416666666666666
cl4xsijar00g9356pe3t6bfab 0 0.8604910714285714 0.17663690476190477 0.03125 0.04375
cl4xsilct00gd356pbvyfyx3w 0 0.6296875 0.6542696886446887 0.034375 0.03958333333333333
cl4xsiofb00gh356pv0fk2ton 0 0.5359375 0.5625 0.034375 0.05416666666666667
cl4xsiqzp00go356ps1k0imcg 0 0.58203125 0.6895833333333333 0.0296875 0.03333333333333333
cl4xsirz300gs356phx3arwpe 0 0.56953125 0.653125 0.0296875 0.035416666666666666
cl4xsiurh00gw356pp4j0zkz8 0 0.11497123430962344 0.10030291143654115 0.05625000000000001 0.05
cl4ye76bf0003356p49hbaah8 0 0.36640625 0.26458333333333334 0.0328125 0.0375
cl4yg6z0l0021356ptvqil6cr 0 0.30572916666666666 0.7822916666666667 0.0296875 0.0375
cl4yguioh002l356p3ufzdg9z 0 0.3734375 0.2520833333333333 0.0296875 0.041666666666666664
cl4yh0mcw002t356plaxl5npv 0 0.1640625 0.7899621212121212 0.040625 0.0375
cl4yh2a0r002x356p2tlidbsl 0 0.44151785714285713 0.9376488095238095 0.03125 0.03958333333333333
cl4yh3v4u0031356phoomvwr5 0 0.4119791666666667 0.9822916666666667 0.029166666666666653 0.02986111111111119
cl4yh6rah0035356p8odrzu3l 0 0.20185267857142858 0.9865595238095238 0.03238392857142856 0.02688095238095241
cl4yhicek003x356phjxy15za 0 0.9641145833333333 0.43645833333333334 0.0265625 0.04375
cl4yhlk4l0045356p7uku3kf7 0 0.6390625 0.30243055555555554 0.0296875 0.041666666666666664
cl53esppq000p356iyadfxr3a 1 0.54296875 0.6885416666666667 0.1265625 0.15208333333333332
cl53et4za000v356ipefq8v08 1 0.13828125 0.10729166666666666 0.0671875 0.06875
cl53etfxj0012356i1lamqr2b 1 0.36796875 0.27708333333333335 0.0859375 0.0875
cl53eu1pk0016356ibxtrzp44 1 0.628125 0.84375 0.059375 0.06666666666666667
