ckz3vyyc0000z3867codcgkg7 0 0.0484375 0.6038938492063491 0.04375 0.05625
cl4xsg9sb00ac356p1oo54ag8 0 0.19140625 0.9427083333333334 0.0359375 0.04791666666666667
cl4xsgatd00ag356pn78v81ab 0 0.18000312499999999 0.8820916666666666 0.028125 0.04583333333333333
cl4xsgc7s00ak356pc8jz9vpq 0 0.26121069785276074 0.8971178425357873 0.0375 0.04375
cl4xsggag00as356pyqef10d2 0 0.6304825774336283 0.8552083333333333 0.03125 0.03958333333333333
cl4xsghzt00ax356pe5pvev6v 0 0.5873660714285714 0.8423214285714286 0.034375 0.05
cl4xsgja900b1356p7ux71hb1 0 0.6368963068181819 0.8247159090909091 0.0328125 0.03958333333333333
cl4xsgm1x00b8356p7oxc7wov 0 0.8600995463709677 0.7540154569892473 0.03125 0.03333333333333333
cl4xsgniy00bc356pnz48aa9o 0 0.8908258928571428 0.6341369047619048 0.0421875 0.04791666666666667
cl4xsgom800bg356p4xh90n9s 0 0.7984375 0.36875 0.0375 0.04583333333333333
cl4xsgwq300br356p0k1ppyfe 0 0.6340401785714286 0.3133184523809524 0.0359375 0.03988095238095237
cl4xsgxxc00bv356ppuucw1yc 0 0.8579927884615385 0.21458333333333332 0.0296875 0.0375
cl4xsgz3p00by356pqgusdo21 0 0.7885711984536081 0.2309278350515464 0.029687499999999912 0.03737113402061854
cl4xsh02b00c1356p9z3mu9uq 0 0.7186483739837398 0.3632706639566396 0.028125 0.03958333333333333
cl4xsh3tl00c9356pefbj324r 0 0.9519380179558011 0.103125 0.028125 0.04375
cl4xsh5ft00cd356p3lr3ww8r 0 0.8496588010204082 0.05950680272108843 0.0328125 0.04583333333333332
cl4xsh72k00ch356pvxbjzv03 0 0.8172568417159762 0.027083333333333334 0.0296875 0.05
cl4xsh8iz00cl356pbia1b62k 0 0.643103642086331 0.11354166666666667 0.0390625 0.04791666666666667
cl4xshaem00cp356plbcizt9o 0 0.6322716346153846 0.16330128205128205 0.034375 0.04375
cl4xshc7l00ct356puxlvdquf 0 0.6170989046391753 0.28703823024054986 0.0328125 0.0479166666666667
cl4xshdxk00cx356p03y0ofnx 0 0.5749518407534246 0.4485159817351598 0.028125 0.03125
cl4xshfof00d1356pknnc851a 0 0.5480809563758389 0.4818162751677852 0.0375 0.03958333333333333
cl4xshh7400d5356p4kzpuyuj 0 0.4810141509433962 0.6683372641509434 0.034375 0.04791666666666667
cl4xshj5q00d9356pn55dcg1h 0 0.37900916916167665 0.5657622255489022 0.0328125 0.03958333333333333
cl4xshlb400di356pkg8e46cx 0 0.36588942307692307 0.5378525641025641 0.028125 0.03749999999999994
cl4xshmd000dm356prdmuh8uy 0 0.3597560975609756 0.4423526422764228 0.03125 0.03958333333333333
cl4xshndy00dq356ppajrj7je 0 0.3382655464824121 0.3830925460636516 0.0359375 0.041666666666666664
cl4xshobb00du356pi1fe9qva 0 0.33203125 0.428125 0.0359375 0.027083333333333334
cl4xshpc100dy356pjj2en3eq 0 0.33083570881552077 0.4427083333333333 0.0359375 0.03125
cl4xshq8c00e1356pwn4uctu7 0 0.22438338122605367 0.49668342911877394 0.0375 0.04791666666666667
cl4xshrdf00e5356pum4j8poj 0 0.15472879955947136 0.43856919970631425 0.0375 0.03958333333333333
cl4xshsnv00e9356pnsxn9t7n 0 0.09681490384615385 0.365224358974359 0.039062500000000014 0.05416666666666667
cl4xshtmw00ed356phhi6kl03 0 0.12101071859903381 0.3157357085346216 0.0328125 0.04375
cl4xshvhj00el356pzxdhl1hc 0 0.0328125 0.3145833333333333 0.040625 0.041666666666666664
cl4xshx7400eq356pi2efzks5 0 0.023559819605173588 0.3095380928068981 0.028125 0.03958333333333333
cl4xsi0g900eu356px7zao6zm 0 0.3651662844036697 0.7949350152905199 0.0390625 0.04791666666666667
cl4xsi28o00ey356puc8ibxum 0 0.3087303321678322 0.3231424825174825 0.05 0.052083333333333336
cl4xsi35500f2356ppgbactcz 0 0.40139169439163497 0.34664725918884665 0.028124999999999956 0.035416666666666666
cl4xsi41500f6356pueiqwwl8 0 0.46875 0.311874456048738 0.034375 0.04333115752828546
cl4xsi5iv00f9356pjlo8kmf9 0 0.58421630859375 0.21145833333333333 0.040625 0.052083333333333336
cl4xsiafn00fl356p1qsbcpq6 0 0.42109375 0.036116917502787074 0.0296875 0.035416666666666666
cl4xsiboy00fo356p0drg408u 0 0.40906032986111107 0.1625 0.031249999999999955 0.041666666666666664
cl4xsicyp00ft356p7wxw1bu0 0 0.38882472826086956 0.19096467391304348 0.042187499999999954 0.035416666666666666
cl4xsie7n00fx356pm8pe3q0y 0 0.35608847573839664 0.20019778481012657 0.0390625 0.04791666666666667
cl4xsifph00g1356pzw193ip3 0 0.4258142605633803 0.252112676056338 0.03125 0.0458333333333333
cl4xsigp300g5356p5wqj95t3 0 0.3893229166666667 0.30520833333333336 0.026562500000000044 0.035416666666666666
cl4xsijar00g9356pe3t6bfab 0 0.8599917763157896 0.17648026315789475 0.03125 0.04375
cl4xsilct00gd356pbvyfyx3w 0 0.6295179263565892 0.6508155684754523 0.034375 0.03958333333333333
cl4xsiofb00gh356pv0fk2ton 0 0.5359375 0.5625 0.034375 0.05416666666666667
cl4xsiqzp00go356ps1k0imcg 0 0.58203125 0.6895833333333333 0.0296875 0.03333333333333333
cl4xsirz300gs356phx3arwpe 0 0.56953125 0.653125 0.0296875 0.035416666666666666
cl4xsiurh00gw356pp4j0zkz8 0 0.1140625 0.1 0.05625 0.05
cl4ye76bf0003356p49hbaah8 0 0.36640625 0.26458333333333334 0.0328125 0.0375
cl4yg6z0l0021356ptvqil6cr 0 0.17859375 0.9095833333333334 0.0296875 0.03333333333333333
cl4ygz34o002p356ppfe5o7sb 0 0.09904513888888888 0.4486111111111111 0.0296875 0.04583333333333333
cl4yh2a0r002x356p2tlidbsl 0 0.36862664473684215 0.8633223684210526 0.0296875 0.03958333333333333
cl4yh6rah0035356p8odrzu3l 0 0.19756610576923075 0.9854166666666667 0.03281249999999998 0.029166666666666667
cl4yh7k3r0039356paib9iq4j 0 0.8407118055555556 0.9369212962962963 0.0328125 0.04791666666666667
cl4yh90pk003d356pj4u39x5p 0 0.8829427083333334 0.6381944444444444 0.0375 0.05
cl4yhaoq6003h356pe5ppk1o7 0 0.8970982142857142 0.4116071428571429 0.034375 0.041666666666666664
cl4yhbydk003l356pfy3whii7 0 0.85390625 0.3815972222222222 0.0265625 0.04375
cl4yhgh5l003t356ps9oanlz2 0 0.9396484375 0.4786458333333333 0.0375 0.041666666666666664
cl4yhicek003x356phjxy15za 0 0.95125732421875 0.43173828125 0.0265625 0.04375
cl4yhkj9v0041356pgg535fwi 0 0.5621497844827585 0.9705459770114941 0.03550646551724137 0.036206896551724196
cl4yhlk4l0045356p7uku3kf7 0 0.5794577205882353 0.6033700980392157 0.0296875 0.04375
cl53esppq000p356iyadfxr3a 1 0.54296875 0.6885416666666667 0.1265625 0.15208333333333332
cl53et4za000v356ipefq8v08 1 0.13828125 0.10729166666666666 0.0671875 0.06875
cl53etfxj0012356i1lamqr2b 1 0.36796875 0.27708333333333335 0.0859375 0.0875
cl53eu1pk0016356ibxtrzp44 1 0.628125 0.84375 0.059375 0.06666666666666667
