ckz3vyyc0000z3867codcgkg7 0 0.05677083333333334 0.6121527777777778 0.04375 0.05625
cl4xsg9sb00ac356p1oo54ag8 0 0.196388134057971 0.9476902173913043 0.035937499999999976 0.04791666666666667
cl4xsgatd00ag356pn78v81ab 0 0.184375 0.8880050505050505 0.028125 0.04583333333333333
cl4xsgc7s00ak356pc8jz9vpq 0 0.2903044871794872 0.9113158831908831 0.034375 0.04375
cl4xsggag00as356pyqef10d2 0 0.6394566261203585 0.853125 0.03125 0.03958333333333333
cl4xsghzt00ax356pe5pvev6v 0 0.6286288831360947 0.8458333333333333 0.034375 0.041666666666666664
cl4xsgja900b1356p7ux71hb1 0 0.6650868055555555 0.8743287037037037 0.0328125 0.03958333333333333
cl4xsgm1x00b8356p7oxc7wov 0 0.8604861111111111 0.7502777777777777 0.03125 0.03333333333333333
cl4xsgniy00bc356pnz48aa9o 0 0.90234375 0.6368459302325582 0.0421875 0.04791666666666667
cl4xsgom800bg356p4xh90n9s 0 0.7866071428571428 0.44583333333333336 0.0375 0.04583333333333333
cl4xsgwq300br356p0k1ppyfe 0 0.8241504854368932 0.3057949029126214 0.034375 0.03958333333333333
cl4xsgxxc00bv356ppuucw1yc 0 0.8669233363309352 0.21735611510791367 0.0296875 0.0375
cl4xsgz3p00by356pqgusdo21 0 0.81953125 0.24781250000000002 0.0296875 0.035416666666666666
cl4xsh02b00c1356p9z3mu9uq 0 0.7439827127659575 0.35401152482269505 0.028125 0.03958333333333333
cl4xsh3tl00c9356pefbj324r 0 0.9559848050458715 0.10347859327217127 0.028125 0.04375
cl4xsh5ft00cd356p3lr3ww8r 0 0.8579195205479453 0.06458333333333334 0.0328125 0.04583333333333333
cl4xsh72k00ch356pvxbjzv03 0 0.8374737835570469 0.029670022371364655 0.0296875 0.05
cl4xsh8iz00cl356pbia1b62k 0 0.6633258928571428 0.11461309523809525 0.0390625 0.047916666666666684
cl4xshaem00cp356plbcizt9o 0 0.6439020553691275 0.17066554809843398 0.034375 0.04375
cl4xshc7l00ct356puxlvdquf 0 0.607202818627451 0.2908537581699347 0.0328125 0.04791666666666667
cl4xshdxk00cx356p03y0ofnx 0 0.5861763784461153 0.45729166666666665 0.028125 0.03125
cl4xshfof00d1356pknnc851a 0 0.5550952743902439 0.4864583333333333 0.0375 0.03958333333333333
cl4xshh7400d5356p4kzpuyuj 0 0.4938433764940239 0.6553328353253652 0.034375 0.04791666666666667
cl4xshj5q00d9356pn55dcg1h 0 0.3978391768292683 0.576244918699187 0.0328125 0.039339430894309045
cl4xshlb400di356pkg8e46cx 0 0.3808742088607595 0.5557489451476793 0.028125 0.0375
cl4xshmd000dm356prdmuh8uy 0 0.3841235632183908 0.45695641762452105 0.03125 0.03958333333333333
cl4xshndy00dq356ppajrj7je 0 0.36185581140350875 0.40529970760233913 0.0359375 0.041666666666666664
cl4xshobb00du356pi1fe9qva 0 0.3313370568017366 0.428125 0.0359375 0.027083333333333334
cl4xshpc100dy356pjj2en3eq 0 0.33315871766507826 0.4427083333333333 0.0359375 0.03125
cl4xshq8c00e1356pwn4uctu7 0 0.230815612033195 0.5102999654218533 0.0375 0.04791666666666661
cl4xshrdf00e5356pum4j8poj 0 0.16448717948717947 0.4396794871794872 0.0375 0.041666666666666664
cl4xshsnv00e9356pnsxn9t7n 0 0.1434375 0.3825 0.03125 0.041666666666666664
cl4xshtmw00ed356phhi6kl03 0 0.12150371287128714 0.31463490099009905 0.0328125 0.04375
cl4xshvhj00el356pzxdhl1hc 0 0.0328125 0.3145833333333333 0.040625 0.041666666666666664
cl4xshx7400eq356pi2efzks5 0 0.024334155888359427 0.3105705411844792 0.028125 0.03958333333333333
cl4xsi0g900eu356px7zao6zm 0 0.3593071933962264 0.8065212264150944 0.0390625 0.04791666666666667
cl4xsi28o00ey356puc8ibxum 0 0.31614583333333335 0.328125 0.05 0.052083333333333336
cl4xsi35500f2356ppgbactcz 0 0.4003104206273764 0.3452055608365019 0.028124999999999956 0.035416666666666666
cl4xsi41500f6356pueiqwwl8 0 0.4840663580246914 0.3095807613168724 0.034375 0.03125
cl4xsi5iv00f9356pjlo8kmf9 0 0.59275080472103 0.215625 0.040625 0.052083333333333336
cl4xsi6gv00fd356pjdg1bkrh 0 0.4140053353658536 0.034375 0.034374999999999954 0.04375
cl4xsiafn00fl356p1qsbcpq6 0 0.42507944915254237 0.0276659604519774 0.0296875 0.035416666666666666
cl4xsiboy00fo356p0drg408u 0 0.4067288306451613 0.16330645161290322 0.03125 0.041666666666666664
cl4xsicyp00ft356p7wxw1bu0 0 0.4166520365168539 0.20242275280898878 0.0421875 0.035416666666666666
cl4xsie7n00fx356pm8pe3q0y 0 0.37811197916666667 0.209375 0.0390625 0.04791666666666667
cl4xsifph00g1356pzw193ip3 0 0.42638171487603305 0.24190771349862258 0.03125 0.04583333333333333
cl4xsigp300g5356p5wqj95t3 0 0.3966468473451328 0.296875 0.026562500000000044 0.035416666666666666
cl4xsijar00g9356pe3t6bfab 0 0.865625 0.17936613475177307 0.03125 0.04375
cl4xsilct00gd356pbvyfyx3w 0 0.6351214418316832 0.653125 0.034375 0.03958333333333333
cl4xsiofb00gh356pv0fk2ton 0 0.5359375 0.5625 0.034375 0.05416666666666667
cl4xsiqzp00go356ps1k0imcg 0 0.58203125 0.6895833333333333 0.0296875 0.03333333333333333
cl4xsirz300gs356phx3arwpe 0 0.56953125 0.653125 0.0296875 0.035416666666666666
cl4xsiurh00gw356pp4j0zkz8 0 0.11871731171548117 0.1015516039051604 0.05625 0.05
cl4ye76bf0003356p49hbaah8 0 0.36640625 0.26458333333333334 0.0328125 0.0375
cl4yewemo0017356pivxsjhs3 0 0.97451171875 0.4078125 0.0333984375 0.04296875
cl4yf25i6001j356pmma7nzu4 0 0.24546874999999999 0.5231250000000001 0.0296875 0.039583333333333394
cl4yg2zg7001x356pgf8m41o4 0 0.337890625 0.24635416666666668 0.03125 0.03958333333333333
cl4ygjuzj0029356p57q7d74p 0 0.990625 0.39739583333333334 0.015625 0.034375
cl4ygmqop002d356p9i4s1ird 0 0.9457812499999999 0.8714583333333333 0.0296875 0.03958333333333333
cl4yh6rah0035356p8odrzu3l 0 0.20979583333333332 0.9909055555555556 0.03124999999999998 0.018188888888888855
cl4yhyfa2004p356p0rjgtmhv 0 0.98125 0.18125 0.034375 0.0375
cl53esppq000p356iyadfxr3a 1 0.54296875 0.6885416666666667 0.1265625 0.15208333333333332
cl53et4za000v356ipefq8v08 1 0.13828125 0.10729166666666666 0.0671875 0.06875
cl53etfxj0012356i1lamqr2b 1 0.36796875 0.27708333333333335 0.0859375 0.0875
cl53eu1pk0016356ibxtrzp44 1 0.628125 0.84375 0.059375 0.06666666666666667
