ckz3vyyc0000z3867codcgkg7 0 0.04944852941176471 0.6052083333333333 0.04375 0.05625
cl4xsg9sb00ac356p1oo54ag8 0 0.19140625 0.9427083333333334 0.0359375 0.04791666666666667
cl4xsgatd00ag356pn78v81ab 0 0.18051250000000002 0.88345 0.028125 0.04583333333333333
cl4xsgc7s00ak356pc8jz9vpq 0 0.26824194785276073 0.9033678425357874 0.0375 0.04375
cl4xsggag00as356pyqef10d2 0 0.6327408256880733 0.8542144495412844 0.03125 0.03958333333333333
cl4xsghzt00ax356pe5pvev6v 0 0.5959966715976331 0.84375 0.034375 0.04492110453648905
cl4xsgja900b1356p7ux71hb1 0 0.66015625 0.8760416666666667 0.0328125 0.03958333333333333
cl4xsgm1x00b8356p7oxc7wov 0 0.8609375 0.7559037396121884 0.03125 0.03333333333333333
cl4xsgniy00bc356pnz48aa9o 0 0.89765625 0.6368964947089947 0.0421875 0.04791666666666667
cl4xsgom800bg356p4xh90n9s 0 0.7641121031746032 0.44368386243386243 0.0375 0.04583333333333333
cl4xsgwq300br356p0k1ppyfe 0 0.6687746710526316 0.3239802631578947 0.0359375 0.03958333333333333
cl4xsgxxc00bv356ppuucw1yc 0 0.85859375 0.21673644338118023 0.0296875 0.0375
cl4xsgz3p00by356pqgusdo21 0 0.79296875 0.2270350441501104 0.0296875 0.035416666666666666
cl4xsh02b00c1356p9z3mu9uq 0 0.7231006736526946 0.3596744011976048 0.028125 0.03958333333333333
cl4xsh3tl00c9356pefbj324r 0 0.9526415745856353 0.103125 0.028125 0.04375
cl4xsh5ft00cd356p3lr3ww8r 0 0.8506983418367347 0.06227891156462585 0.0328125 0.04583333333333333
cl4xsh72k00ch356pvxbjzv03 0 0.8210841641104295 0.029153885480572597 0.0296875 0.05
cl4xsh8iz00cl356pbia1b62k 0 0.6524838362068965 0.11335488505747125 0.0390625 0.04791666666666665
cl4xshaem00cp356plbcizt9o 0 0.6357397151898734 0.16549314345991561 0.034375 0.04375
cl4xshc7l00ct356puxlvdquf 0 0.6155811095505618 0.2864583333333333 0.0328125 0.04791666666666667
cl4xshdxk00cx356p03y0ofnx 0 0.5793129280821918 0.450841894977169 0.028125 0.03125
cl4xshfof00d1356pknnc851a 0 0.5494845779220779 0.48368777056277057 0.0375 0.03958333333333333
cl4xshh7400d5356p4kzpuyuj 0 0.4798127948113208 0.6715408805031446 0.034375 0.04791666666666667
cl4xshj5q00d9356pn55dcg1h 0 0.3842889592511013 0.5707645007342144 0.0328125 0.03958333333333333
cl4xshlb400di356pkg8e46cx 0 0.36804739932885905 0.5453159955257271 0.028125 0.03750000000000006
cl4xshmd000dm356prdmuh8uy 0 0.37387152777777777 0.44924768518518515 0.03125 0.03958333333333333
cl4xshndy00dq356ppajrj7je 0 0.34953124999999996 0.3896875 0.0359375 0.041666666666666664
cl4xshobb00du356pi1fe9qva 0 0.3322660297927461 0.428125 0.0359375 0.027083333333333334
cl4xshpc100dy356pjj2en3eq 0 0.3313558330496936 0.4427083333333333 0.0359375 0.03125
cl4xshq8c00e1356pwn4uctu7 0 0.22633500957854405 0.5005866858237548 0.0375 0.04791666666666667
cl4xshrdf00e5356pum4j8poj 0 0.15870120817843866 0.4398350371747212 0.0375 0.03958333333333333
cl4xshsnv00e9356pnsxn9t7n 0 0.10301054936305731 0.36959925690021234 0.03587778662420382 0.049071125265392784
cl4xshtmw00ed356phhi6kl03 0 0.11978034420289856 0.3173762077294686 0.0328125 0.04375
cl4xshvhj00el356pzxdhl1hc 0 0.0328125 0.3145833333333333 0.040625 0.041666666666666664
cl4xshx7400eq356pi2efzks5 0 0.02373319434989789 0.30976925913319714 0.028125 0.03958333333333333
cl4xsi0g900eu356px7zao6zm 0 0.36867115825688074 0.7964927370030581 0.0390625 0.04791666666666667
cl4xsi28o00ey356puc8ibxum 0 0.3085740072202166 0.32395833333333335 0.05 0.052083333333333336
cl4xsi35500f2356ppgbactcz 0 0.4011495960076045 0.3463244613434728 0.028124999999999956 0.035416666666666666
cl4xsi41500f6356pueiqwwl8 0 0.46875 0.31098781549173193 0.034375 0.0397845953002611
cl4xsi5iv00f9356pjlo8kmf9 0 0.5852941176470587 0.2126838235294118 0.040625 0.052083333333333336
cl4xsiafn00fl356p1qsbcpq6 0 0.42109375 0.0349811872909699 0.0296875 0.035416666666666666
cl4xsiboy00fo356p0drg408u 0 0.409375 0.1625 0.03125 0.041666666666666664
cl4xsicyp00ft356p7wxw1bu0 0 0.39392790841584163 0.1925433168316832 0.042187500000000044 0.035416666666666666
cl4xsie7n00fx356pm8pe3q0y 0 0.3582377373417721 0.20449630801687763 0.0390625 0.04791666666666667
cl4xsifph00g1356pzw193ip3 0 0.4243990384615385 0.24919871794871795 0.03125 0.04583333333333333
cl4xsigp300g5356p5wqj95t3 0 0.39136284722222225 0.30318287037037034 0.0265625 0.035416666666666666
cl4xsijar00g9356pe3t6bfab 0 0.8606026785714287 0.17648809523809522 0.03125 0.04375
cl4xsilct00gd356pbvyfyx3w 0 0.6296875 0.6544528388278388 0.034375 0.03958333333333333
cl4xsiofb00gh356pv0fk2ton 0 0.5359375 0.5625 0.034375 0.05416666666666667
cl4xsiqzp00go356ps1k0imcg 0 0.58203125 0.6895833333333333 0.0296875 0.03333333333333333
cl4xsirz300gs356phx3arwpe 0 0.56953125 0.653125 0.0296875 0.035416666666666666
cl4xsiurh00gw356pp4j0zkz8 0 0.11502353556485356 0.10032034518828452 0.05625000000000001 0.05
cl4ye76bf0003356p49hbaah8 0 0.36640625 0.26458333333333334 0.0328125 0.0375
cl4yg6z0l0021356ptvqil6cr 0 0.31796875 0.7520833333333333 0.0296875 0.0375
cl4yguioh002l356p3ufzdg9z 0 0.37890625 0.23541666666666666 0.0296875 0.041666666666666664
cl4yh0mcw002t356plaxl5npv 0 0.1765625 0.7981250000000001 0.040625 0.0375
cl4yh2a0r002x356p2tlidbsl 0 0.44330357142857146 0.9483630952380953 0.03125 0.03958333333333333
cl4yh6rah0035356p8odrzu3l 0 0.20203124999999997 0.98675 0.03231249999999999 0.026500000000000058
cl4yhicek003x356phjxy15za 0 0.96478125 0.43645833333333334 0.0265625 0.04375
cl4yhlk4l0045356p7uku3kf7 0 0.6453125 0.28854166666666664 0.0296875 0.041666666666666664
cl53esppq000p356iyadfxr3a 1 0.54296875 0.6885416666666667 0.1265625 0.15208333333333332
cl53et4za000v356ipefq8v08 1 0.13828125 0.10729166666666666 0.0671875 0.06875
cl53etfxj0012356i1lamqr2b 1 0.36796875 0.27708333333333335 0.0859375 0.0875
cl53eu1pk0016356ibxtrzp44 1 0.628125 0.84375 0.059375 0.06666666666666667
