ckz3vyyc0000z3867codcgkg7 0 0.05791015625 0.61171875 0.04375 0.05625
cl4xsg9sb00ac356p1oo54ag8 0 0.19652400362318842 0.9478260869565217 0.035937500000000025 0.04791666666666667
cl4xsgatd00ag356pn78v81ab 0 0.184375 0.8881234217171717 0.028125 0.04583333333333333
cl4xsgc7s00ak356pc8jz9vpq 0 0.2908759560229445 0.9114862173358828 0.034375 0.04375
cl4xsggag00as356pyqef10d2 0 0.6396066741357235 0.853125 0.03125 0.03958333333333333
cl4xsghzt00ax356pe5pvev6v 0 0.6289755917159764 0.8458333333333333 0.034375 0.041666666666666664
cl4xsgja900b1356p7ux71hb1 0 0.6656076388888889 0.8840509259259259 0.0328125 0.03958333333333333
cl4xsgm1x00b8356p7oxc7wov 0 0.860457175925926 0.7501620370370371 0.03125 0.03333333333333333
cl4xsgniy00bc356pnz48aa9o 0 0.90234375 0.6364825581395349 0.0421875 0.04791666666666667
cl4xsgom800bg356p4xh90n9s 0 0.7712053571428571 0.41904761904761906 0.0375 0.04583333333333333
cl4xsgwq300br356p0k1ppyfe 0 0.8239229368932038 0.3042779126213592 0.034375 0.03958333333333333
cl4xsgxxc00bv356ppuucw1yc 0 0.8670919514388489 0.21758093525179856 0.0296875 0.0375
cl4xsgz3p00by356pqgusdo21 0 0.81953125 0.24807291666666667 0.0296875 0.035416666666666666
cl4xsh02b00c1356p9z3mu9uq 0 0.7446476063829788 0.35356826241134753 0.028125 0.03958333333333333
cl4xsh3tl00c9356pefbj324r 0 0.9560923165137615 0.10333524464831804 0.028125 0.04375
cl4xsh5ft00cd356p3lr3ww8r 0 0.8584011130136986 0.06458333333333334 0.0328125 0.04583333333333333
cl4xsh72k00ch356pvxbjzv03 0 0.8377883808724832 0.029879753914988812 0.0296875 0.05
cl4xsh8iz00cl356pbia1b62k 0 0.6635491071428572 0.11476190476190477 0.0390625 0.04791666666666667
cl4xshaem00cp356plbcizt9o 0 0.6442953020134228 0.17077041387024608 0.034375 0.04375
cl4xshc7l00ct356puxlvdquf 0 0.6072947303921569 0.2909763071895425 0.0328125 0.04791666666666667
cl4xshdxk00cx356p03y0ofnx 0 0.5862938596491227 0.45729166666666665 0.028125 0.03125
cl4xshfof00d1356pknnc851a 0 0.555266768292683 0.4864583333333333 0.0375 0.03958333333333333
cl4xshh7400d5356p4kzpuyuj 0 0.4939367529880478 0.6554573373173971 0.034375 0.04791666666666667
cl4xshj5q00d9356pn55dcg1h 0 0.3981821646341463 0.5766260162601625 0.03281249999999995 0.03888211382113826
cl4xshlb400di356pkg8e46cx 0 0.3811708860759494 0.5561445147679325 0.028125 0.0375
cl4xshmd000dm356prdmuh8uy 0 0.38398886494252876 0.45677681992337166 0.03125 0.03958333333333333
cl4xshndy00dq356ppajrj7je 0 0.3615816885964912 0.4051169590643275 0.0359375 0.041666666666666664
cl4xshobb00du356pi1fe9qva 0 0.3314048932706223 0.428125 0.0359375 0.027083333333333334
cl4xshpc100dy356pjj2en3eq 0 0.33320658185840707 0.4427083333333333 0.0359375 0.03125
cl4xshq8c00e1356pwn4uctu7 0 0.2307183609958506 0.5100406293222683 0.0375 0.04791666666666667
cl4xshrdf00e5356pum4j8poj 0 0.1649679487179487 0.4391987179487179 0.0375 0.041666666666666664
cl4xshsnv00e9356pnsxn9t7n 0 0.1456433823529412 0.38286764705882353 0.03125 0.041666666666666664
cl4xshtmw00ed356phhi6kl03 0 0.12161974009900992 0.3149443069306931 0.0328125 0.04375
cl4xshvhj00el356pzxdhl1hc 0 0.0328125 0.3145833333333333 0.040625 0.041666666666666664
cl4xshx7400eq356pi2efzks5 0 0.024350110619469022 0.310591814159292 0.028125 0.03958333333333333
cl4xsi0g900eu356px7zao6zm 0 0.35921875000000003 0.806875 0.0390625 0.04791666666666667
cl4xsi28o00ey356puc8ibxum 0 0.3165681306306306 0.328125 0.05 0.052083333333333336
cl4xsi35500f2356ppgbactcz 0 0.400288141634981 0.34517585551330804 0.028125 0.035416666666666666
cl4xsi41500f6356pueiqwwl8 0 0.48348765432098767 0.30996656378600823 0.034375 0.03125
cl4xsi5iv00f9356pjlo8kmf9 0 0.5929016899141631 0.215625 0.040625 0.052083333333333336
cl4xsi6gv00fd356pjdg1bkrh 0 0.41431250000000003 0.034375 0.034375000000000044 0.04375
cl4xsiafn00fl356p1qsbcpq6 0 0.4254104872881356 0.027489406779661014 0.0296875 0.035416666666666666
cl4xsiboy00fo356p0drg408u 0 0.4066028225806452 0.16364247311827956 0.03125000000000004 0.041666666666666664
cl4xsicyp00ft356p7wxw1bu0 0 0.4170909410112359 0.2026568352059925 0.042187499999999954 0.035416666666666666
cl4xsie7n00fx356pm8pe3q0y 0 0.37830729166666666 0.209375 0.0390625 0.04791666666666667
cl4xsifph00g1356pzw193ip3 0 0.4265751008064516 0.2416834677419355 0.03125 0.04583333333333333
cl4xsigp300g5356p5wqj95t3 0 0.3967505530973451 0.296875 0.026562499999999954 0.035416666666666666
cl4xsijar00g9356pe3t6bfab 0 0.865625 0.18003102836879434 0.03125 0.04375
cl4xsilct00gd356pbvyfyx3w 0 0.6352954826732673 0.653125 0.034375 0.03958333333333333
cl4xsiofb00gh356pv0fk2ton 0 0.5359375 0.5625 0.034375 0.05416666666666667
cl4xsiqzp00go356ps1k0imcg 0 0.58203125 0.6895833333333333 0.0296875 0.03333333333333333
cl4xsirz300gs356phx3arwpe 0 0.56953125 0.653125 0.0296875 0.035416666666666666
cl4xsiurh00gw356pp4j0zkz8 0 0.11881537656903766 0.10158429218967922 0.05625000000000001 0.05
cl4ye76bf0003356p49hbaah8 0 0.36640625 0.26458333333333334 0.0328125 0.0375
cl4yewemo0017356pivxsjhs3 0 0.9573863636363636 0.39857954545454544 0.034375 0.04375
cl4yf032i001f356p2yd4z0tg 0 0.015625 0.7916666666666666 0.03125 0.041666666666666664
cl4yf25i6001j356pmma7nzu4 0 0.20703125 0.47881944444444446 0.0296875 0.03958333333333333
cl4yg2zg7001x356pgf8m41o4 0 0.3453125 0.2947916666666667 0.03125 0.03958333333333333
cl4ygjuzj0029356p57q7d74p 0 0.9921875 0.39458333333333334 0.015625 0.035416666666666666
cl4ygmqop002d356p9i4s1ird 0 0.95078125 0.8260416666666667 0.0296875 0.03958333333333333
cl4yh6rah0035356p8odrzu3l 0 0.20992083333333333 0.9909888888888889 0.03125 0.01802222222222222
cl4yhyfa2004p356p0rjgtmhv 0 0.9537946428571429 0.15267857142857144 0.034375 0.0375
cl53esppq000p356iyadfxr3a 1 0.54296875 0.6885416666666667 0.1265625 0.15208333333333332
cl53et4za000v356ipefq8v08 1 0.13828125 0.10729166666666666 0.0671875 0.06875
cl53etfxj0012356i1lamqr2b 1 0.36796875 0.27708333333333335 0.0859375 0.0875
cl53eu1pk0016356ibxtrzp44 1 0.628125 0.84375 0.059375 0.06666666666666667
