ckz3vyyc0000z3867codcgkg7 0 0.05380434782608695 0.6144474637681159 0.04375 0.05625
cl4xsg9sb00ac356p1oo54ag8 0 0.19568161231884057 0.9469836956521739 0.035937499999999976 0.04791666666666667
cl4xsgatd00ag356pn78v81ab 0 0.18420990566037737 0.8873899371069183 0.028125 0.04583333333333333
cl4xsgc7s00ak356pc8jz9vpq 0 0.28717948717948716 0.9099269943019943 0.034375 0.04375
cl4xsggag00as356pyqef10d2 0 0.6386763764404609 0.853125 0.03125 0.03958333333333333
cl4xsghzt00ax356pe5pvev6v 0 0.6268259985207101 0.8458333333333333 0.034375 0.041666666666666664
cl4xsgja900b1356p7ux71hb1 0 0.68359375 0.8494791666666667 0.0328125 0.03958333333333333
cl4xsgm1x00b8356p7oxc7wov 0 0.860636574074074 0.7508796296296296 0.03125 0.03333333333333333
cl4xsgniy00bc356pnz48aa9o 0 0.9022943428853756 0.638475790513834 0.0421875 0.04791666666666667
cl4xsgom800bg356p4xh90n9s 0 0.7972916666666666 0.4559722222222222 0.0375 0.04583333333333333
cl4xsgwq300br356p0k1ppyfe 0 0.8091346153846153 0.3167467948717949 0.03437499999999991 0.03958333333333333
cl4xsgxxc00bv356ppuucw1yc 0 0.8660465377697841 0.21618705035971222 0.0296875 0.0375
cl4xsgz3p00by356pqgusdo21 0 0.8190473790322581 0.2465524193548387 0.0296875 0.035416666666666666
cl4xsh02b00c1356p9z3mu9uq 0 0.7405252659574468 0.3563164893617021 0.028125 0.03958333333333333
cl4xsh3tl00c9356pefbj324r 0 0.955425745412844 0.10422400611620794 0.028125 0.04375
cl4xsh5ft00cd356p3lr3ww8r 0 0.8554152397260275 0.06458333333333334 0.0328125 0.04583333333333333
cl4xsh72k00ch356pvxbjzv03 0 0.8361999752964427 0.029512516469038207 0.0296875 0.05
cl4xsh8iz00cl356pbia1b62k 0 0.6621651785714285 0.11383928571428571 0.0390625 0.04791666666666665
cl4xshaem00cp356plbcizt9o 0 0.641857172818792 0.1701202460850112 0.034375 0.04375
cl4xshc7l00ct356puxlvdquf 0 0.6086645252613241 0.290625 0.0328125 0.04791666666666667
cl4xshdxk00cx356p03y0ofnx 0 0.5855654761904762 0.45729166666666665 0.028125 0.03125
cl4xshfof00d1356pknnc851a 0 0.554203506097561 0.4864583333333333 0.0375 0.03958333333333333
cl4xshh7400d5356p4kzpuyuj 0 0.49430930397727274 0.6544625946969697 0.034375 0.04791666666666667
cl4xshj5q00d9356pn55dcg1h 0 0.39667530829596415 0.5747337443946189 0.03281250000000004 0.03958333333333333
cl4xshlb400di356pkg8e46cx 0 0.37933148734177213 0.5536919831223629 0.028125 0.0375
cl4xshmd000dm356prdmuh8uy 0 0.3848856209150327 0.4579724945533769 0.03125 0.03958333333333333
cl4xshndy00dq356ppajrj7je 0 0.36328125 0.40625 0.0359375 0.041666666666666664
cl4xshobb00du356pi1fe9qva 0 0.3309843071635311 0.428125 0.0359375 0.027083333333333334
cl4xshpc100dy356pjj2en3eq 0 0.3329098238597686 0.4427083333333333 0.0359375 0.03125
cl4xshq8c00e1356pwn4uctu7 0 0.2311825980392157 0.5112785947712418 0.0375 0.047916666666666725
cl4xshrdf00e5356pum4j8poj 0 0.1625 0.4413742690058479 0.0375 0.04154970760233916
cl4xshsnv00e9356pnsxn9t7n 0 0.13196691176470587 0.38058823529411767 0.03125 0.041666666666666664
cl4xshtmw00ed356phhi6kl03 0 0.12093365778688525 0.31354166666666666 0.0328125 0.04375
cl4xshvhj00el356pzxdhl1hc 0 0.0328125 0.3145833333333333 0.040625 0.041666666666666664
cl4xshx7400eq356pi2efzks5 0 0.024251191286589518 0.3104599217154527 0.028125 0.03958333333333333
cl4xsi0g900eu356px7zao6zm 0 0.35976709905660376 0.8046816037735849 0.0390625 0.04791666666666667
cl4xsi28o00ey356puc8ibxum 0 0.3140196917808219 0.3280679223744292 0.05 0.052083333333333336
cl4xsi35500f2356ppgbactcz 0 0.4004262713878327 0.34536002851711023 0.028125 0.035416666666666666
cl4xsi41500f6356pueiqwwl8 0 0.48388009049773756 0.30970493966817497 0.034375 0.03190987933634991
cl4xsi5iv00f9356pjlo8kmf9 0 0.591875 0.21541666666666667 0.040625 0.052083333333333336
cl4xsi6gv00fd356pjdg1bkrh 0 0.41251905487804874 0.034375 0.034375 0.04375
cl4xsiafn00fl356p1qsbcpq6 0 0.42394670758928565 0.028487723214285714 0.0296875 0.035416666666666666
cl4xsiboy00fo356p0drg408u 0 0.4073840725806452 0.16155913978494624 0.03125000000000004 0.041666666666666664
cl4xsicyp00ft356p7wxw1bu0 0 0.41436973314606745 0.2012055243445693 0.042187500000000044 0.035416666666666666
cl4xsie7n00fx356pm8pe3q0y 0 0.37580439814814814 0.209375 0.0390625 0.04791666666666667
cl4xsifph00g1356pzw193ip3 0 0.4253744834710743 0.24325068870523417 0.03125 0.04583333333333333
cl4xsigp300g5356p5wqj95t3 0 0.39610757743362834 0.296875 0.0265625 0.035416666666666666
cl4xsijar00g9356pe3t6bfab 0 0.863974471830986 0.1759242957746479 0.03125 0.04375
cl4xsilct00gd356pbvyfyx3w 0 0.6342164294554455 0.653125 0.034375 0.03958333333333333
cl4xsiofb00gh356pv0fk2ton 0 0.5359375 0.5625 0.034375 0.05416666666666667
cl4xsiqzp00go356ps1k0imcg 0 0.58203125 0.6895833333333333 0.0296875 0.03333333333333333
cl4xsirz300gs356phx3arwpe 0 0.56953125 0.653125 0.0296875 0.035416666666666666
cl4xsiurh00gw356pp4j0zkz8 0 0.11820737447698744 0.10138162482566249 0.05624999999999999 0.05
cl4ye76bf0003356p49hbaah8 0 0.36640625 0.26458333333333334 0.0328125 0.0375
cl4yf25i6001j356pmma7nzu4 0 0.41258680555555555 0.7674768518518519 0.0296875 0.03958333333333333
cl4yfu8pv001p356phx9jihls 0 0.09184027777777778 0.7424768518518519 0.027083333333333327 0.04143518518518512
cl4yg2zg7001x356pgf8m41o4 0 0.3465625 0.013958333333333331 0.026249999999999975 0.027916666666666663
cl4yg6z0l0021356ptvqil6cr 0 0.9691964285714285 0.5422619047619047 0.027232142857142882 0.04047619047619045
cl4yh6rah0035356p8odrzu3l 0 0.2091458333333333 0.9904722222222222 0.03124999999999998 0.019055555555555513
cl53esppq000p356iyadfxr3a 1 0.54296875 0.6885416666666667 0.1265625 0.15208333333333332
cl53et4za000v356ipefq8v08 1 0.13828125 0.10729166666666666 0.0671875 0.06875
cl53etfxj0012356i1lamqr2b 1 0.36796875 0.27708333333333335 0.0859375 0.0875
cl53eu1pk0016356ibxtrzp44 1 0.628125 0.84375 0.059375 0.06666666666666667
