ckz3vyyc0000z3867codcgkg7 0 0.08850885826771653 0.627755905511811 0.03749999999999999 0.05223097112860889
cl4xsg9sb00ac356p1oo54ag8 0 0.2122767857142857 0.9572916666666667 0.034375 0.04791666666666667
cl4xsgatd00ag356pn78v81ab 0 0.2078125 0.8808712121212121 0.028125 0.04583333333333333
cl4xsgc7s00ak356pc8jz9vpq 0 0.3122340425531915 0.9135416666666667 0.034375 0.04375
cl4xsge0j00ao356p13tlqptg 0 0.33125 0.94375 0.03125 0.03333333333333333
cl4xsggag00as356pyqef10d2 0 0.6586403917910448 0.8541666666666666 0.03125 0.03333333333333333
cl4xsghzt00ax356pe5pvev6v 0 0.6345545212765957 0.8459131205673759 0.034375 0.041666666666666664
cl4xsgja900b1356p7ux71hb1 0 0.7295673076923077 0.8334134615384615 0.028125 0.04375
cl4xsgkex00b4356p4rm0x8xb 0 0.8223437499999999 0.73375 0.0328125 0.05
cl4xsgm1x00b8356p7oxc7wov 0 0.85553125 0.744125 0.03125 0.03333333333333333
cl4xsgniy00bc356pnz48aa9o 0 0.94609375 0.6533700980392158 0.0421875 0.04791666666666667
cl4xsgom800bg356p4xh90n9s 0 0.8727678571428571 0.5180059523809525 0.034375 0.03541666666666673
cl4xsgq7700bk356p8b91lbqv 0 0.90625 0.40989583333333335 0.0265625 0.035416666666666666
cl4xsgwq300br356p0k1ppyfe 0 0.9192307692307692 0.2845352564102564 0.034375 0.039583333333333304
cl4xsgxxc00bv356ppuucw1yc 0 0.8724567819148936 0.22136524822695033 0.0296875 0.0375
cl4xsgz3p00by356pqgusdo21 0 0.8415838068181818 0.29706439393939393 0.041548295454545324 0.03333333333333333
cl4xsh02b00c1356p9z3mu9uq 0 0.7625 0.3456845238095238 0.03125 0.03958333333333333
cl4xsh1m900c5356pe0on7b2b 0 0.9572443181818182 0.23191287878787878 0.038352272727272665 0.04412878787878786
cl4xsh3tl00c9356pefbj324r 0 0.9621759792626727 0.11519297235023043 0.028125 0.04375000000000002
cl4xsh5ft00cd356p3lr3ww8r 0 0.87265625 0.07312500000000001 0.0328125 0.04583333333333333
cl4xsh72k00ch356pvxbjzv03 0 0.8460164835164836 0.03135302197802197 0.0296875 0.05
cl4xsh8iz00cl356pbia1b62k 0 0.6853595890410958 0.13216324200913243 0.04375 0.04791666666666667
cl4xshaem00cp356plbcizt9o 0 0.656171875 0.16791666666666666 0.034375 0.04375
cl4xshc7l00ct356puxlvdquf 0 0.6330214389534884 0.30268895348837205 0.0328125 0.04791666666666667
cl4xshdxk00cx356p03y0ofnx 0 0.5905634573304158 0.46137627644055434 0.028125 0.03125
cl4xshfof00d1356pknnc851a 0 0.5592300257731959 0.4884450171821306 0.0375 0.03958333333333333
cl4xshh7400d5356p4kzpuyuj 0 0.49831730769230764 0.6492788461538461 0.034375 0.04791666666666667
cl4xshj5q00d9356pn55dcg1h 0 0.40476371951219514 0.573145325203252 0.0328125 0.03333333333333333
cl4xshk9100dd356pnpzahm5y 0 0.38937499999999997 0.5745833333333333 0.0375 0.04583333333333333
cl4xshlb400di356pkg8e46cx 0 0.3978515625 0.5348958333333333 0.028125 0.0375
cl4xshmd000dm356prdmuh8uy 0 0.39485143442622955 0.4621926229508197 0.03125000000000004 0.0375
cl4xshndy00dq356ppajrj7je 0 0.38963281250000004 0.4209270833333333 0.0359375 0.041666666666666664
cl4xshobb00du356pi1fe9qva 0 0.33359375 0.428125 0.0359375 0.027083333333333334
cl4xshpc100dy356pjj2en3eq 0 0.3351275314840027 0.4427083333333333 0.0359375 0.03125
cl4xshq8c00e1356pwn4uctu7 0 0.26162715517241375 0.5050790229885057 0.0375 0.04791666666666667
cl4xshrdf00e5356pum4j8poj 0 0.18389740566037735 0.43125 0.0375 0.041666666666666664
cl4xshsnv00e9356pnsxn9t7n 0 0.1623256714876033 0.3875 0.03125 0.041666666666666664
cl4xshtmw00ed356phhi6kl03 0 0.12725747699386503 0.31967663599182006 0.0328125 0.04375
cl4xshuj200eh356p1im93hd7 0 0.11875 0.22141203703703702 0.034375 0.052083333333333336
cl4xshvhj00el356pzxdhl1hc 0 0.0328125 0.3145833333333333 0.040625 0.041666666666666664
cl4xshx7400eq356pi2efzks5 0 0.02499042716133424 0.31144556954844566 0.028125 0.03958333333333333
cl4xsi0g900eu356px7zao6zm 0 0.3666367827868852 0.7989583333333333 0.0390625 0.04791666666666667
cl4xsi28o00ey356puc8ibxum 0 0.33389008620689653 0.3282543103448276 0.05 0.052083333333333336
cl4xsi35500f2356ppgbactcz 0 0.3984712230215828 0.346830035971223 0.028125000000000046 0.035416666666666666
cl4xsi41500f6356pueiqwwl8 0 0.4859375 0.3094651442307692 0.034375 0.03143028846153844
cl4xsi5iv00f9356pjlo8kmf9 0 0.60810546875 0.22161458333333334 0.03912760416666661 0.03611111111111113
cl4xsi6gv00fd356pjdg1bkrh 0 0.5341145833333333 0.128125 0.0390625 0.04375
cl4xsiafn00fl356p1qsbcpq6 0 0.43661301691729326 0.023958333333333335 0.0296875 0.035416666666666666
cl4xsiboy00fo356p0drg408u 0 0.40932557117750434 0.14715509666080842 0.025098857644991222 0.035515524311657894
cl4xsicyp00ft356p7wxw1bu0 0 0.43040526241534993 0.16566732505643342 0.0421875 0.035416666666666666
cl4xsie7n00fx356pm8pe3q0y 0 0.4003476046255507 0.20520833333333333 0.03906250000000004 0.04791666666666667
cl4xsifph00g1356pzw193ip3 0 0.4281636332417582 0.2519288003663004 0.03125 0.04583333333333333
cl4xsigp300g5356p5wqj95t3 0 0.41068847656249996 0.3101627604166667 0.03116210937499999 0.02928385416666668
cl4xsijar00g9356pe3t6bfab 0 0.884375 0.20397916666666666 0.025 0.0375
cl4xsilct00gd356pbvyfyx3w 0 0.6435171771523178 0.6510416666666666 0.03740687086092711 0.03958333333333333
cl4xsiofb00gh356pv0fk2ton 0 0.5359375 0.5625 0.034375 0.05416666666666667
cl4xsiq5c00gk356pomjqcg9s 0 0.5308823529411765 0.7127450980392157 0.040625 0.041666666666666664
cl4xsiqzp00go356ps1k0imcg 0 0.58203125 0.6895833333333333 0.0296875 0.03333333333333333
cl4xsirz300gs356phx3arwpe 0 0.56953125 0.653125 0.0296875 0.035416666666666666
cl4xsiurh00gw356pp4j0zkz8 0 0.13862074607329844 0.11022033158813264 0.05625 0.05
cl4ye76bf0003356p49hbaah8 0 0.36640625 0.26458333333333334 0.0328125 0.0375
cl4ye7gk90007356pzvhpy9jz 0 0.97578125 0.48333333333333334 0.0328125 0.03958333333333333
cl53esppq000p356iyadfxr3a 1 0.54296875 0.6885416666666667 0.1265625 0.15208333333333332
cl53et4za000v356ipefq8v08 1 0.13828125 0.10729166666666666 0.0671875 0.06875
cl53etfxj0012356i1lamqr2b 1 0.36796875 0.27708333333333335 0.0859375 0.0875
cl53eu1pk0016356ibxtrzp44 1 0.628125 0.84375 0.059375 0.06666666666666667
