ckz3vyyc0000z3867codcgkg7 0 0.05357789855072463 0.6141455314009662 0.04375 0.05625
cl4xsg9sb00ac356p1oo54ag8 0 0.19577219202898552 0.9470742753623188 0.035937500000000025 0.04791666666666667
cl4xsgatd00ag356pn78v81ab 0 0.18432783018867924 0.8874685534591195 0.028125 0.04583333333333333
cl4xsgc7s00ak356pc8jz9vpq 0 0.2875801282051282 0.9101050569800571 0.034375 0.04375
cl4xsggag00as356pyqef10d2 0 0.6387764084507042 0.853125 0.03125 0.03958333333333333
cl4xsghzt00ax356pe5pvev6v 0 0.6270571375739645 0.8458333333333333 0.034375 0.041666666666666664
cl4xsgja900b1356p7ux71hb1 0 0.68046875 0.8505208333333333 0.0328125 0.03958333333333333
cl4xsgm1x00b8356p7oxc7wov 0 0.8606172839506172 0.7508024691358025 0.03125 0.03333333333333333
cl4xsgniy00bc356pnz48aa9o 0 0.90234375 0.6384932170542635 0.0421875 0.04791666666666667
cl4xsgom800bg356p4xh90n9s 0 0.80859375 0.4635416666666667 0.0375 0.04583333333333333
cl4xsgwq300br356p0k1ppyfe 0 0.8163461538461538 0.3143429487179487 0.034375 0.03958333333333333
cl4xsgxxc00bv356ppuucw1yc 0 0.8661589478417266 0.21633693045563548 0.0296875 0.0375
cl4xsgz3p00by356pqgusdo21 0 0.819248991935484 0.24668682795698924 0.0296875 0.035416666666666666
cl4xsh02b00c1356p9z3mu9uq 0 0.7409685283687943 0.3560209810874705 0.028125 0.03958333333333333
cl4xsh3tl00c9356pefbj324r 0 0.9554974197247705 0.10412844036697247 0.028125 0.04375
cl4xsh5ft00cd356p3lr3ww8r 0 0.855736301369863 0.06458333333333334 0.0328125 0.04583333333333333
cl4xsh72k00ch356pvxbjzv03 0 0.8363234930830039 0.029430171277997363 0.0296875 0.05
cl4xsh8iz00cl356pbia1b62k 0 0.6623139880952381 0.11393849206349206 0.0390625 0.04791666666666667
cl4xshaem00cp356plbcizt9o 0 0.6421193372483222 0.17019015659955258 0.034375 0.04375
cl4xshc7l00ct356puxlvdquf 0 0.6083378702090593 0.290625 0.0328125 0.04791666666666667
cl4xshdxk00cx356p03y0ofnx 0 0.5856437969924813 0.45729166666666665 0.028125 0.03125
cl4xshfof00d1356pknnc851a 0 0.5543178353658537 0.4864583333333333 0.0375 0.03958333333333333
cl4xshh7400d5356p4kzpuyuj 0 0.49422052556818186 0.6545809659090909 0.034375 0.04791666666666667
cl4xshj5q00d9356pn55dcg1h 0 0.3968154428251121 0.5749205904334828 0.0328125 0.03958333333333333
cl4xshlb400di356pkg8e46cx 0 0.37952927215189874 0.5539556962025317 0.028125 0.0375
cl4xshmd000dm356prdmuh8uy 0 0.38478349673202616 0.4578363289760349 0.03125000000000004 0.03958333333333333
cl4xshndy00dq356ppajrj7je 0 0.3630985014619883 0.40612816764132553 0.0359375 0.041666666666666664
cl4xshobb00du356pi1fe9qva 0 0.3310295314761216 0.428125 0.0359375 0.027083333333333334
cl4xshpc100dy356pjj2en3eq 0 0.33294173332198773 0.4427083333333333 0.0359375 0.03125
cl4xshq8c00e1356pwn4uctu7 0 0.23124387254901962 0.5114419934640523 0.0375 0.04791666666666667
cl4xshrdf00e5356pum4j8poj 0 0.1625 0.4415570175438596 0.0375 0.04162280701754391
cl4xshsnv00e9356pnsxn9t7n 0 0.13343750000000001 0.38083333333333336 0.03125 0.041666666666666664
cl4xshtmw00ed356phhi6kl03 0 0.12099769467213115 0.31354166666666666 0.0328125 0.04375
cl4xshvhj00el356pzxdhl1hc 0 0.0328125 0.3145833333333333 0.040625 0.041666666666666664
cl4xshx7400eq356pi2efzks5 0 0.024261827773995916 0.31047410369866124 0.028125 0.03958333333333333
cl4xsi0g900eu356px7zao6zm 0 0.35970813679245284 0.8049174528301887 0.0390625 0.04791666666666667
cl4xsi28o00ey356puc8ibxum 0 0.3142314189189189 0.328125 0.05 0.052083333333333336
cl4xsi35500f2356ppgbactcz 0 0.4004114187262357 0.34534022496831435 0.028124999999999956 0.035416666666666666
cl4xsi41500f6356pueiqwwl8 0 0.4839507918552036 0.3096578054298643 0.034375 0.03181561085972853
cl4xsi5iv00f9356pjlo8kmf9 0 0.5920170454545455 0.21551136363636364 0.040625 0.052083333333333336
cl4xsi6gv00fd356pjdg1bkrh 0 0.4127096036585366 0.034375 0.034375 0.04375
cl4xsiafn00fl356p1qsbcpq6 0 0.42401646205357146 0.028394717261904758 0.0296875 0.035416666666666666
cl4xsiboy00fo356p0drg408u 0 0.4073000672043011 0.1617831541218638 0.03125 0.041666666666666664
cl4xsicyp00ft356p7wxw1bu0 0 0.4146623361423221 0.20136157927590512 0.0421875 0.035416666666666666
cl4xsie7n00fx356pm8pe3q0y 0 0.3766145833333333 0.209375 0.0390625 0.04791666666666667
cl4xsifph00g1356pzw193ip3 0 0.42550361570247935 0.2430785123966942 0.03125 0.04583333333333333
cl4xsigp300g5356p5wqj95t3 0 0.39617671460176995 0.296875 0.0265625 0.035416666666666666
cl4xsijar00g9356pe3t6bfab 0 0.8643045774647888 0.1763644366197183 0.03125 0.04375
cl4xsilct00gd356pbvyfyx3w 0 0.6343324566831683 0.653125 0.034375 0.03958333333333333
cl4xsiofb00gh356pv0fk2ton 0 0.5359375 0.5625 0.034375 0.05416666666666667
cl4xsiqzp00go356ps1k0imcg 0 0.58203125 0.6895833333333333 0.0296875 0.03333333333333333
cl4xsirz300gs356phx3arwpe 0 0.56953125 0.653125 0.0296875 0.035416666666666666
cl4xsiurh00gw356pp4j0zkz8 0 0.11827275104602511 0.10140341701534171 0.05625 0.05
cl4ye76bf0003356p49hbaah8 0 0.36640625 0.26458333333333334 0.0328125 0.0375
cl4yf25i6001j356pmma7nzu4 0 0.39609375 0.728125 0.0296875 0.03958333333333333
cl4yfu8pv001p356phx9jihls 0 0.0794921875 0.7723958333333333 0.026171875 0.036458333333333336
cl4yg2zg7001x356pgf8m41o4 0 0.34620535714285716 0.03050595238095238 0.03125 0.03958333333333333
cl4yh6rah0035356p8odrzu3l 0 0.20922916666666666 0.9905277777777779 0.03125 0.018944444444444385
cl53esppq000p356iyadfxr3a 1 0.54296875 0.6885416666666667 0.1265625 0.15208333333333332
cl53et4za000v356ipefq8v08 1 0.13828125 0.10729166666666666 0.0671875 0.06875
cl53etfxj0012356i1lamqr2b 1 0.36796875 0.27708333333333335 0.0859375 0.0875
cl53eu1pk0016356ibxtrzp44 1 0.628125 0.84375 0.059375 0.06666666666666667
