ckz3vyyc0000z3867codcgkg7 0 0.05427989130434783 0.6150815217391304 0.04375 0.05625
cl4xsg9sb00ac356p1oo54ag8 0 0.19549139492753623 0.9467934782608695 0.0359375 0.04791666666666667
cl4xsgatd00ag356pn78v81ab 0 0.18396226415094338 0.8872248427672956 0.028125 0.04583333333333333
cl4xsgc7s00ak356pc8jz9vpq 0 0.28633814102564104 0.9095530626780627 0.034375 0.04375
cl4xsggag00as356pyqef10d2 0 0.63846630921895 0.853125 0.03125 0.03958333333333333
cl4xsghzt00ax356pe5pvev6v 0 0.6263406065088757 0.8458333333333333 0.034375 0.041666666666666664
cl4xsgja900b1356p7ux71hb1 0 0.69015625 0.8472916666666667 0.0328125 0.03958333333333333
cl4xsgm1x00b8356p7oxc7wov 0 0.8606770833333334 0.7510416666666667 0.03125 0.03333333333333333
cl4xsgniy00bc356pnz48aa9o 0 0.9021646492094861 0.6383028656126482 0.0421875 0.04791666666666667
cl4xsgom800bg356p4xh90n9s 0 0.7822443181818182 0.41231060606060604 0.0375 0.04583333333333333
cl4xsgwq300br356p0k1ppyfe 0 0.7998263888888889 0.31786265432098765 0.034375 0.03958333333333333
cl4xsgxxc00bv356ppuucw1yc 0 0.8658104766187049 0.21587230215827338 0.0296875 0.0375
cl4xsgz3p00by356pqgusdo21 0 0.8186239919354839 0.24627016129032256 0.0296875 0.035416666666666666
cl4xsh02b00c1356p9z3mu9uq 0 0.739594414893617 0.35693705673758863 0.028125 0.03958333333333333
cl4xsh3tl00c9356pefbj324r 0 0.9552752293577982 0.10442469418960246 0.028125 0.04375
cl4xsh5ft00cd356p3lr3ww8r 0 0.8547410102739725 0.06458333333333334 0.0328125 0.04583333333333333
cl4xsh72k00ch356pvxbjzv03 0 0.8359405879446641 0.029685441370223976 0.0296875 0.05
cl4xsh8iz00cl356pbia1b62k 0 0.6618526785714286 0.11363095238095239 0.0390625 0.04791666666666667
cl4xshaem00cp356plbcizt9o 0 0.6413066275167785 0.16997343400447426 0.034375 0.04375
cl4xshc7l00ct356puxlvdquf 0 0.6093505008710801 0.290625 0.0328125 0.04791666666666667
cl4xshdxk00cx356p03y0ofnx 0 0.5854010025062657 0.45729166666666665 0.028125 0.03125
cl4xshfof00d1356pknnc851a 0 0.5539634146341463 0.4864583333333333 0.0375 0.03958333333333333
cl4xshh7400d5356p4kzpuyuj 0 0.49449573863636365 0.6542140151515151 0.034375 0.04791666666666667
cl4xshj5q00d9356pn55dcg1h 0 0.3963810257847534 0.5743413677130046 0.03281250000000004 0.03958333333333333
cl4xshlb400di356pkg8e46cx 0 0.3789161392405063 0.5531381856540084 0.028125 0.0375
cl4xshmd000dm356prdmuh8uy 0 0.3851000816993464 0.4582584422657952 0.03125 0.03958333333333333
cl4xshndy00dq356ppajrj7je 0 0.3627645177165354 0.40590551181102363 0.0359375 0.041666666666666664
cl4xshobb00du356pi1fe9qva 0 0.33088933610709115 0.428125 0.0359375 0.027083333333333334
cl4xshpc100dy356pjj2en3eq 0 0.33284281398910825 0.4427083333333333 0.0359375 0.03125
cl4xshq8c00e1356pwn4uctu7 0 0.23105392156862745 0.5109354575163398 0.0375 0.04791666666666667
cl4xshrdf00e5356pum4j8poj 0 0.1625 0.4409904970760234 0.0375 0.04139619883040938
cl4xshsnv00e9356pnsxn9t7n 0 0.12887867647058823 0.3800735294117647 0.03125 0.041666666666666664
cl4xshtmw00ed356phhi6kl03 0 0.12079918032786885 0.31354166666666666 0.0328125 0.04375
cl4xshvhj00el356pzxdhl1hc 0 0.0328125 0.3145833333333333 0.040625 0.041666666666666664
cl4xshx7400eq356pi2efzks5 0 0.024228854663036082 0.3104301395507148 0.028125 0.03958333333333333
cl4xsi0g900eu356px7zao6zm 0 0.35989091981132076 0.804186320754717 0.0390625 0.04791666666666667
cl4xsi28o00ey356puc8ibxum 0 0.31379494863013696 0.3277682648401826 0.05 0.052083333333333336
cl4xsi35500f2356ppgbactcz 0 0.4004574619771863 0.34540161596958174 0.028125 0.035416666666666666
cl4xsi41500f6356pueiqwwl8 0 0.4837316176470588 0.3098039215686274 0.034375 0.03210784313725489
cl4xsi5iv00f9356pjlo8kmf9 0 0.5915767045454545 0.21521780303030302 0.040625 0.052083333333333336
cl4xsi6gv00fd356pjdg1bkrh 0 0.4133556547619047 0.06101190476190476 0.034375 0.04375
cl4xsiafn00fl356p1qsbcpq6 0 0.4238002232142857 0.028683035714285713 0.0296875 0.035416666666666666
cl4xsiboy00fo356p0drg408u 0 0.4075604838709677 0.16108870967741937 0.031249999999999955 0.041666666666666664
cl4xsicyp00ft356p7wxw1bu0 0 0.41375526685393255 0.20087780898876406 0.042187499999999954 0.035416666666666666
cl4xsie7n00fx356pm8pe3q0y 0 0.37410300925925927 0.209375 0.0390625 0.04791666666666667
cl4xsifph00g1356pzw193ip3 0 0.425103305785124 0.24361225895316804 0.03125 0.04583333333333333
cl4xsigp300g5356p5wqj95t3 0 0.39581886574074077 0.2970582561728395 0.0265625 0.035416666666666666
cl4xsijar00g9356pe3t6bfab 0 0.86328125 0.175 0.03125 0.04375
cl4xsilct00gd356pbvyfyx3w 0 0.6339727722772277 0.653125 0.034375 0.03958333333333333
cl4xsiofb00gh356pv0fk2ton 0 0.5359375 0.5625 0.034375 0.05416666666666667
cl4xsiqzp00go356ps1k0imcg 0 0.58203125 0.6895833333333333 0.0296875 0.03333333333333333
cl4xsirz300gs356phx3arwpe 0 0.56953125 0.653125 0.0296875 0.035416666666666666
cl4xsiurh00gw356pp4j0zkz8 0 0.11807008368200837 0.10133586122733612 0.05625000000000001 0.05
cl4ye76bf0003356p49hbaah8 0 0.36640625 0.26458333333333334 0.0328125 0.0375
cl4yf25i6001j356pmma7nzu4 0 0.43738839285714287 0.8498511904761905 0.0296875 0.03958333333333333
cl4yfu8pv001p356phx9jihls 0 0.1328125 0.7526041666666666 0.03125 0.0375
cl4yfvv49001t356piy5wgc7r 0 0.28802083333333334 0.051041666666666666 0.028125 0.03958333333333333
cl4yg6z0l0021356ptvqil6cr 0 0.90859375 0.5604166666666667 0.028125 0.041666666666666664
cl4ygprmq002h356ppl30ie7v 0 0.48125 0.9777083333333334 0.0375 0.03958333333333333
cl4yh6rah0035356p8odrzu3l 0 0.20897083333333333 0.9903555555555557 0.03125 0.019288888888888897
cl53esppq000p356iyadfxr3a 1 0.54296875 0.6885416666666667 0.1265625 0.15208333333333332
cl53et4za000v356ipefq8v08 1 0.13828125 0.10729166666666666 0.0671875 0.06875
cl53etfxj0012356i1lamqr2b 1 0.36796875 0.27708333333333335 0.0859375 0.0875
cl53eu1pk0016356ibxtrzp44 1 0.628125 0.84375 0.059375 0.06666666666666667
