ckz3vyyc0000z3867codcgkg7 0 0.0521832191780822 0.6122859589041096 0.043750000000000004 0.05625
cl4xsg9sb00ac356p1oo54ag8 0 0.1946218297101449 0.9459239130434782 0.0359375 0.04791666666666667
cl4xsgatd00ag356pn78v81ab 0 0.18283018867924528 0.8864701257861635 0.028125 0.04583333333333333
cl4xsgc7s00ak356pc8jz9vpq 0 0.2824919871794872 0.907843660968661 0.034375 0.04375
cl4xsggag00as356pyqef10d2 0 0.6375060019206147 0.853125 0.03125 0.03958333333333333
cl4xsghzt00ax356pe5pvev6v 0 0.6238125 0.8426666666666667 0.034375 0.041666666666666664
cl4xsgja900b1356p7ux71hb1 0 0.6885346283783784 0.8812781531531532 0.0328125 0.03958333333333333
cl4xsgm1x00b8356p7oxc7wov 0 0.8608622685185185 0.7517824074074074 0.03125 0.03333333333333333
cl4xsgniy00bc356pnz48aa9o 0 0.9015717638339922 0.6375123517786562 0.0421875 0.04791666666666667
cl4xsgom800bg356p4xh90n9s 0 0.7528409090909091 0.3893939393939394 0.0375 0.04583333333333333
cl4xsgwq300br356p0k1ppyfe 0 0.7640625 0.303125 0.034375 0.03958333333333333
cl4xsgxxc00bv356ppuucw1yc 0 0.8646381578947369 0.21485745614035087 0.0296875 0.0375
cl4xsgz3p00by356pqgusdo21 0 0.8166885080645161 0.24497983870967743 0.0296875 0.035416666666666666
cl4xsh02b00c1356p9z3mu9uq 0 0.7390625 0.35603267386091125 0.028125 0.03958333333333333
cl4xsh3tl00c9356pefbj324r 0 0.9546070772058824 0.10510110294117646 0.028125 0.04375
cl4xsh5ft00cd356p3lr3ww8r 0 0.8533453525641026 0.0638354700854701 0.0328125 0.04583333333333333
cl4xsh72k00ch356pvxbjzv03 0 0.834754817193676 0.030475955204216074 0.0296875 0.05
cl4xsh8iz00cl356pbia1b62k 0 0.6581970531088083 0.1126025474956822 0.0390625 0.04791666666666665
cl4xshaem00cp356plbcizt9o 0 0.6402228860294118 0.16925551470588238 0.034375 0.04375
cl4xshc7l00ct356puxlvdquf 0 0.6124863893728223 0.290625 0.0328125 0.04791666666666667
cl4xshdxk00cx356p03y0ofnx 0 0.5846491228070175 0.45729166666666665 0.028125 0.03125
cl4xshfof00d1356pknnc851a 0 0.5528658536585366 0.4864583333333333 0.0375 0.03958333333333333
cl4xshh7400d5356p4kzpuyuj 0 0.49499315693430657 0.6536116180048662 0.034375 0.04791666666666667
cl4xshj5q00d9356pn55dcg1h 0 0.3950357343049327 0.5725476457399102 0.03281249999999995 0.03958333333333333
cl4xshlb400di356pkg8e46cx 0 0.3776644736842105 0.5514692982456141 0.028125 0.03750000000000006
cl4xshmd000dm356prdmuh8uy 0 0.3861889367816092 0.459375 0.03125 0.03958333333333333
cl4xshndy00dq356ppajrj7je 0 0.360402312992126 0.40433070866141735 0.0359375 0.041666666666666664
cl4xshobb00du356pi1fe9qva 0 0.33051360645933014 0.428125 0.0359375 0.027083333333333334
cl4xshpc100dy356pjj2en3eq 0 0.33253648315180395 0.4427083333333333 0.0359375 0.03125
cl4xshq8c00e1356pwn4uctu7 0 0.2304656862745098 0.5093668300653594 0.0375 0.04791666666666667
cl4xshrdf00e5356pum4j8poj 0 0.1625 0.43923611111111105 0.0375 0.04069444444444444
cl4xshsnv00e9356pnsxn9t7n 0 0.12033876050420167 0.3781337535014006 0.03125 0.041666666666666664
cl4xshtmw00ed356phhi6kl03 0 0.1201844262295082 0.31354166666666666 0.0328125 0.04375
cl4xshvhj00el356pzxdhl1hc 0 0.0328125 0.3145833333333333 0.040625 0.041666666666666664
cl4xshx7400eq356pi2efzks5 0 0.02412674438393465 0.31029399251191286 0.028125 0.03958333333333333
cl4xsi0g900eu356px7zao6zm 0 0.3617693572874494 0.8022646761133603 0.0390625 0.04791666666666667
cl4xsi28o00ey356puc8ibxum 0 0.312767551369863 0.32639840182648405 0.05 0.052083333333333336
cl4xsi35500f2356ppgbactcz 0 0.40060004752851713 0.3455917300380228 0.028125000000000046 0.035416666666666666
cl4xsi41500f6356pueiqwwl8 0 0.4830528846153846 0.3102564102564102 0.034375 0.0330128205128205
cl4xsi5iv00f9356pjlo8kmf9 0 0.5902130681818182 0.21430871212121214 0.040625 0.052083333333333336
cl4xsi6gv00fd356pjdg1bkrh 0 0.376671511627907 0.03234011627906977 0.034375 0.04375
cl4xsiafn00fl356p1qsbcpq6 0 0.4231305803571429 0.029575892857142853 0.0296875 0.035416666666666666
cl4xsiboy00fo356p0drg408u 0 0.40820610687022907 0.160941475826972 0.03125000000000004 0.041666666666666664
cl4xsicyp00ft356p7wxw1bu0 0 0.4109462780898877 0.1993796816479401 0.042187500000000044 0.035416666666666666
cl4xsie7n00fx356pm8pe3q0y 0 0.36638063524590164 0.20936361566484515 0.0390625 0.04791666666666667
cl4xsifph00g1356pzw193ip3 0 0.42386363636363633 0.2452651515151515 0.03125 0.0458333333333333
cl4xsigp300g5356p5wqj95t3 0 0.3944299768518518 0.2979841820987655 0.026562499999999954 0.035416666666666666
cl4xsijar00g9356pe3t6bfab 0 0.86109375 0.17270833333333335 0.03125 0.04375
cl4xsilct00gd356pbvyfyx3w 0 0.6328589108910891 0.653125 0.034375 0.03958333333333333
cl4xsiofb00gh356pv0fk2ton 0 0.5359375 0.5625 0.034375 0.05416666666666667
cl4xsiqzp00go356ps1k0imcg 0 0.58203125 0.6895833333333333 0.0296875 0.03333333333333333
cl4xsirz300gs356phx3arwpe 0 0.56953125 0.653125 0.0296875 0.035416666666666666
cl4xsiurh00gw356pp4j0zkz8 0 0.11744246861924686 0.10112665620641563 0.05624999999999999 0.05
cl4ye76bf0003356p49hbaah8 0 0.36640625 0.26458333333333334 0.0328125 0.0375
cl4yfvv49001t356piy5wgc7r 0 0.2658203125 0.3765625 0.028125 0.03958333333333333
cl4yg6z0l0021356ptvqil6cr 0 0.68875 0.435 0.028125 0.041666666666666664
cl4ygprmq002h356ppl30ie7v 0 0.455078125 0.7151041666666667 0.03125 0.04375
cl4yh6rah0035356p8odrzu3l 0 0.20817083333333333 0.9898222222222223 0.03125 0.020355555555555564
cl4yhicek003x356phjxy15za 0 0.989873798076923 0.45470753205128206 0.020252403846153833 0.03641826923076922
cl53esppq000p356iyadfxr3a 1 0.54296875 0.6885416666666667 0.1265625 0.15208333333333332
cl53et4za000v356ipefq8v08 1 0.13828125 0.10729166666666666 0.0671875 0.06875
cl53etfxj0012356i1lamqr2b 1 0.36796875 0.27708333333333335 0.0859375 0.0875
cl53eu1pk0016356ibxtrzp44 1 0.628125 0.84375 0.059375 0.06666666666666667
