ckz3vyyc0000z3867codcgkg7 0 0.0484375 0.6017609126984127 0.04375 0.05625
cl4xsg9sb00ac356p1oo54ag8 0 0.19140625 0.9427083333333334 0.0359375 0.04791666666666667
cl4xsgatd00ag356pn78v81ab 0 0.179734375 0.881375 0.028125 0.04583333333333333
cl4xsgc7s00ak356pc8jz9vpq 0 0.25750095858895705 0.8938202965235174 0.0375 0.04375
cl4xsggag00as356pyqef10d2 0 0.6298879977876106 0.8552083333333333 0.03125 0.03958333333333333
cl4xsghzt00ax356pe5pvev6v 0 0.5804553571428571 0.8402738095238095 0.034375 0.05
cl4xsgja900b1356p7ux71hb1 0 0.6581886574074074 0.822878086419753 0.0328125 0.03958333333333333
cl4xsgm1x00b8356p7oxc7wov 0 0.8595577116935484 0.752570564516129 0.03125 0.03333333333333333
cl4xsgniy00bc356pnz48aa9o 0 0.8877544642857143 0.6218511904761905 0.0421875 0.04791666666666667
cl4xsgom800bg356p4xh90n9s 0 0.8178124999999999 0.4391666666666667 0.0375 0.04583333333333333
cl4xsgwq300br356p0k1ppyfe 0 0.6051215277777777 0.3369212962962963 0.0359375 0.03958333333333333
cl4xsgxxc00bv356ppuucw1yc 0 0.8570531031468531 0.21458333333333332 0.0296875 0.0375
cl4xsgz3p00by356pqgusdo21 0 0.7815104166666667 0.21666666666666667 0.0296875 0.035416666666666666
cl4xsh02b00c1356p9z3mu9uq 0 0.7175558943089431 0.3603573848238482 0.028125 0.03958333333333333
cl4xsh3tl00c9356pefbj324r 0 0.9515668162983426 0.103125 0.028125 0.04375
cl4xsh5ft00cd356p3lr3ww8r 0 0.8486413043478261 0.057563405797101445 0.0328125 0.04583333333333333
cl4xsh72k00ch356pvxbjzv03 0 0.8148714866863905 0.027083333333333334 0.0296875 0.05
cl4xsh8iz00cl356pbia1b62k 0 0.6378216911764706 0.11011029411764707 0.0390625 0.047916666666666684
cl4xshaem00cp356plbcizt9o 0 0.6291706730769231 0.16192307692307692 0.034375 0.04375
cl4xshc7l00ct356puxlvdquf 0 0.6137326388888888 0.28854166666666664 0.0328125 0.04791666666666667
cl4xshdxk00cx356p03y0ofnx 0 0.5726508989726027 0.4472888127853881 0.028125 0.03125
cl4xshfof00d1356pknnc851a 0 0.5471791107382551 0.4806138143176734 0.0375 0.03958333333333333
cl4xshh7400d5356p4kzpuyuj 0 0.48125 0.6677083333333333 0.034375 0.04791666666666667
cl4xshj5q00d9356pn55dcg1h 0 0.376595247005988 0.5625436626746507 0.0328125 0.03958333333333333
cl4xshlb400di356pkg8e46cx 0 0.36451121794871794 0.5360149572649573 0.028125 0.03750000000000006
cl4xshmd000dm356prdmuh8uy 0 0.3568094135802469 0.440625 0.03125 0.03958333333333333
cl4xshndy00dq356ppajrj7je 0 0.33238336267605634 0.38125 0.0359375 0.041666666666666664
cl4xshobb00du356pi1fe9qva 0 0.33203125 0.428125 0.0359375 0.027083333333333334
cl4xshpc100dy356pjj2en3eq 0 0.33056128744043567 0.4427083333333333 0.0359375 0.03125
cl4xshq8c00e1356pwn4uctu7 0 0.2228298611111111 0.49438657407407405 0.0375 0.04791666666666667
cl4xshrdf00e5356pum4j8poj 0 0.15236095814977973 0.4369906387665198 0.0375 0.03958333333333333
cl4xshsnv00e9356pnsxn9t7n 0 0.09546875 0.3645833333333333 0.037812500000000006 0.05416666666666667
cl4xshtmw00ed356phhi6kl03 0 0.11996694711538462 0.315625 0.0328125 0.04375
cl4xshvhj00el356pzxdhl1hc 0 0.0328125 0.3145833333333333 0.040625 0.041666666666666664
cl4xshx7400eq356pi2efzks5 0 0.023468345813478557 0.3094161277513047 0.028125 0.03958333333333333
cl4xsi0g900eu356px7zao6zm 0 0.361515625 0.7933125000000001 0.0390625 0.04791666666666667
cl4xsi28o00ey356puc8ibxum 0 0.31154938811188815 0.320636655011655 0.05 0.052083333333333336
cl4xsi35500f2356ppgbactcz 0 0.4015194272813688 0.34681756970849176 0.028125 0.035416666666666666
cl4xsi41500f6356pueiqwwl8 0 0.46875 0.31234225413402955 0.034375 0.04520234986945173
cl4xsi5iv00f9356pjlo8kmf9 0 0.58316650390625 0.21145833333333333 0.040625 0.052083333333333336
cl4xsiafn00fl356p1qsbcpq6 0 0.42021780303030304 0.03762626262626263 0.0296875 0.035416666666666666
cl4xsiboy00fo356p0drg408u 0 0.40812717013888894 0.1625 0.03125000000000004 0.041666666666666664
cl4xsicyp00ft356p7wxw1bu0 0 0.38456357758620696 0.19270833333333334 0.042187500000000044 0.035416666666666666
cl4xsie7n00fx356pm8pe3q0y 0 0.3545726102941177 0.19776348039215685 0.0390625 0.04791666666666667
cl4xsifph00g1356pzw193ip3 0 0.4234375 0.25067829457364343 0.03125 0.045833333333333365
cl4xsigp300g5356p5wqj95t3 0 0.3873754528985507 0.30520833333333336 0.026562499999999954 0.035416666666666666
cl4xsijar00g9356pe3t6bfab 0 0.8606990131578947 0.17459429824561404 0.03125 0.04375
cl4xsilct00gd356pbvyfyx3w 0 0.6284762596899225 0.6494266795865633 0.034375 0.03958333333333333
cl4xsiofb00gh356pv0fk2ton 0 0.5359375 0.5625 0.034375 0.05416666666666667
cl4xsiqzp00go356ps1k0imcg 0 0.58203125 0.6895833333333333 0.0296875 0.03333333333333333
cl4xsirz300gs356phx3arwpe 0 0.56953125 0.653125 0.0296875 0.035416666666666666
cl4xsiurh00gw356pp4j0zkz8 0 0.1140625 0.1 0.05625 0.05
cl4ye76bf0003356p49hbaah8 0 0.36640625 0.26458333333333334 0.0328125 0.0375
cl4ygz34o002p356ppfe5o7sb 0 0.16640625 0.12648809523809523 0.0296875 0.045833333333333316
cl4yh2a0r002x356p2tlidbsl 0 0.3372622282608696 0.821875 0.0296875 0.03958333333333333
cl4yh6rah0035356p8odrzu3l 0 0.19609375 0.9848327020202021 0.0328125 0.030334595959595964
cl4yh7k3r0039356paib9iq4j 0 0.835546875 0.9291666666666667 0.0328125 0.04791666666666667
cl4yh90pk003d356pj4u39x5p 0 0.7890625 0.7041666666666667 0.0375 0.05
cl4yhaoq6003h356pe5ppk1o7 0 0.6790798611111111 0.47835648148148147 0.0390625 0.035416666666666666
cl4yhbydk003l356pfy3whii7 0 0.7821875 0.14770833333333336 0.025 0.039583333333333345
cl4yhgh5l003t356ps9oanlz2 0 0.8073660714285713 0.534970238095238 0.041964285714285676 0.052083333333333336
cl4yhicek003x356phjxy15za 0 0.9434053308823529 0.42781862745098037 0.0265625 0.04375
cl4yhkj9v0041356pgg535fwi 0 0.45671875 0.8738541666666666 0.04124999999999997 0.04895833333333333
cl4yhlk4l0045356p7uku3kf7 0 0.5341947115384615 0.730849358974359 0.0296875 0.04375
cl4yhny5q0049356pc4yysols 0 0.05112847222222222 0.21030092592592592 0.031770833333333325 0.039120370370370354
cl53esppq000p356iyadfxr3a 1 0.54296875 0.6885416666666667 0.1265625 0.15208333333333332
cl53et4za000v356ipefq8v08 1 0.13828125 0.10729166666666666 0.0671875 0.06875
cl53etfxj0012356i1lamqr2b 1 0.36796875 0.27708333333333335 0.0859375 0.0875
cl53eu1pk0016356ibxtrzp44 1 0.628125 0.84375 0.059375 0.06666666666666667
