ckz3vyyc0000z3867codcgkg7 0 0.06391059027777778 0.6094328703703703 0.04375 0.05625
cl4xsg9sb00ac356p1oo54ag8 0 0.1972395833333333 0.9485416666666667 0.035937499999999976 0.04791666666666667
cl4xsgatd00ag356pn78v81ab 0 0.184375 0.8887468434343435 0.028125 0.04583333333333333
cl4xsgc7s00ak356pc8jz9vpq 0 0.2937081739961759 0.9118009082217974 0.034375 0.04375
cl4xsggag00as356pyqef10d2 0 0.6403969270166454 0.853125 0.03125 0.03958333333333333
cl4xsghzt00ax356pe5pvev6v 0 0.6308015902366864 0.8458333333333333 0.034375 0.041666666666666664
cl4xsgja900b1356p7ux71hb1 0 0.6904551630434782 0.9114583333333334 0.0328125 0.03958333333333333
cl4xsgm1x00b8356p7oxc7wov 0 0.8603047839506173 0.7495524691358024 0.03125 0.03333333333333333
cl4xsgniy00bc356pnz48aa9o 0 0.9072350543478261 0.6391757246376811 0.0421875 0.04791666666666667
cl4xsgom800bg356p4xh90n9s 0 0.7859375 0.4708333333333333 0.0375 0.04583333333333333
cl4xsgwq300br356p0k1ppyfe 0 0.8244866071428572 0.3024404761904762 0.034375 0.03958333333333333
cl4xsgxxc00bv356ppuucw1yc 0 0.86796875 0.2187783446712018 0.0296875 0.0375
cl4xsgz3p00by356pqgusdo21 0 0.8201069078947368 0.25049342105263156 0.0296875 0.03541666666666664
cl4xsh02b00c1356p9z3mu9uq 0 0.7461745689655173 0.353125 0.028125 0.03958333333333333
cl4xsh3tl00c9356pefbj324r 0 0.9571274630541872 0.10370997536945813 0.028125 0.04375
cl4xsh5ft00cd356p3lr3ww8r 0 0.8603132851758793 0.06534757118927972 0.0328125 0.04583333333333332
cl4xsh72k00ch356pvxbjzv03 0 0.8394452600671141 0.03098434004474273 0.0296875 0.05
cl4xsh8iz00cl356pbia1b62k 0 0.6647247023809524 0.11554563492063492 0.0390625 0.04791666666666667
cl4xshaem00cp356plbcizt9o 0 0.6463664010067114 0.17132270693512303 0.034375 0.04375
cl4xshc7l00ct356puxlvdquf 0 0.6077787990196079 0.2916217320261438 0.0328125 0.04791666666666667
cl4xshdxk00cx356p03y0ofnx 0 0.5869125939849624 0.45729166666666665 0.028125 0.03125
cl4xshfof00d1356pknnc851a 0 0.5561699695121951 0.4864583333333333 0.0375 0.03958333333333333
cl4xshh7400d5356p4kzpuyuj 0 0.4944285358565737 0.6561130478087649 0.034375 0.04791666666666667
cl4xshj5q00d9356pn55dcg1h 0 0.39998856707317076 0.5786331300813008 0.0328125 0.036473577235772346
cl4xshlb400di356pkg8e46cx 0 0.38182727832512314 0.554710591133005 0.028125 0.0375
cl4xshmd000dm356prdmuh8uy 0 0.3832794540229885 0.455830938697318 0.03125 0.03958333333333333
cl4xshndy00dq356ppajrj7je 0 0.36017507530120485 0.4041792168674699 0.0359375 0.041666666666666664
cl4xshobb00du356pi1fe9qva 0 0.33176216534008685 0.428125 0.0359375 0.027083333333333334
cl4xshpc100dy356pjj2en3eq 0 0.3334586666099387 0.4427083333333333 0.0359375 0.03125
cl4xshq8c00e1356pwn4uctu7 0 0.2302061721991701 0.5086747925311204 0.0375 0.04791666666666667
cl4xshrdf00e5356pum4j8poj 0 0.1675 0.43666666666666665 0.0375 0.041666666666666664
cl4xshsnv00e9356pnsxn9t7n 0 0.15104166666666669 0.38564814814814813 0.03125 0.041666666666666664
cl4xshtmw00ed356phhi6kl03 0 0.12223081683168317 0.3165738448844885 0.0328125 0.04375
cl4xshvhj00el356pzxdhl1hc 0 0.0328125 0.3145833333333333 0.040625 0.041666666666666664
cl4xshx7400eq356pi2efzks5 0 0.024434138869979576 0.31070385182663945 0.028125 0.03958333333333333
cl4xsi0g900eu356px7zao6zm 0 0.35875294811320757 0.8087382075471699 0.0390625 0.04791666666666667
cl4xsi28o00ey356puc8ibxum 0 0.31879222972972976 0.328125 0.05 0.052083333333333336
cl4xsi35500f2356ppgbactcz 0 0.40017080560836504 0.34501940747782 0.028125000000000046 0.035416666666666666
cl4xsi41500f6356pueiqwwl8 0 0.4815353260869565 0.31145833333333334 0.034375 0.031503623188405785
cl4xsi5iv00f9356pjlo8kmf9 0 0.5936963519313305 0.215625 0.040625 0.052083333333333336
cl4xsi6gv00fd356pjdg1bkrh 0 0.4163099315068493 0.03620148401826484 0.034375 0.04375
cl4xsiafn00fl356p1qsbcpq6 0 0.42715395480225987 0.026559557438794724 0.0296875 0.035416666666666666
cl4xsiboy00fo356p0drg408u 0 0.40645320738137086 0.16343182483889868 0.03084358523725834 0.04126025190392501
cl4xsicyp00ft356p7wxw1bu0 0 0.42129755434782606 0.19054951690821256 0.0421875 0.035416666666666666
cl4xsie7n00fx356pm8pe3q0y 0 0.3793359375 0.209375 0.0390625 0.04791666666666667
cl4xsifph00g1356pzw193ip3 0 0.427570564516129 0.24301075268817204 0.03125 0.04583333333333333
cl4xsigp300g5356p5wqj95t3 0 0.39729673672566373 0.296875 0.0265625 0.035416666666666666
cl4xsijar00g9356pe3t6bfab 0 0.867375 0.18306944444444445 0.03125 0.04375
cl4xsilct00gd356pbvyfyx3w 0 0.6362120977722772 0.653125 0.034375 0.03958333333333333
cl4xsiofb00gh356pv0fk2ton 0 0.5359375 0.5625 0.034375 0.05416666666666667
cl4xsiqzp00go356ps1k0imcg 0 0.58203125 0.6895833333333333 0.0296875 0.03333333333333333
cl4xsirz300gs356phx3arwpe 0 0.56953125 0.653125 0.0296875 0.035416666666666666
cl4xsiurh00gw356pp4j0zkz8 0 0.11933185146443515 0.10175645048814505 0.05625 0.05
cl4ye76bf0003356p49hbaah8 0 0.36640625 0.26458333333333334 0.0328125 0.0375
cl4yewemo0017356pivxsjhs3 0 0.8859375 0.3452083333333333 0.034375 0.04375
cl4yf032i001f356p2yd4z0tg 0 0.10364583333333333 0.8010416666666667 0.03124999999999999 0.041666666666666664
cl4yf25i6001j356pmma7nzu4 0 0.09765625 0.15034722222222224 0.0296875 0.039583333333333345
cl4yg2zg7001x356pgf8m41o4 0 0.378125 0.490625 0.03125 0.03958333333333333
cl4ygjuzj0029356p57q7d74p 0 0.96796875 0.48541666666666666 0.0265625 0.03333333333333333
cl4ygmqop002d356p9i4s1ird 0 0.915625 0.578125 0.028125 0.03125
cl4yh6rah0035356p8odrzu3l 0 0.21057916666666668 0.9914277777777778 0.03125 0.017144444444444438
cl4yhyfa2004p356p0rjgtmhv 0 0.7740885416666666 0.08802083333333334 0.037239583333333305 0.039236111111111104
cl4yi36dw004t356p0v7hg3xn 0 0.4453125 0.08541666666666667 0.03125 0.0375
cl53esppq000p356iyadfxr3a 1 0.54296875 0.6885416666666667 0.1265625 0.15208333333333332
cl53et4za000v356ipefq8v08 1 0.13828125 0.10729166666666666 0.0671875 0.06875
cl53etfxj0012356i1lamqr2b 1 0.36796875 0.27708333333333335 0.0859375 0.0875
cl53eu1pk0016356ibxtrzp44 1 0.628125 0.84375 0.059375 0.06666666666666667
