ckz3vyyc0000z3867codcgkg7 0 0.053826992753623196 0.6144776570048308 0.043750000000000004 0.05625
cl4xsg9sb00ac356p1oo54ag8 0 0.19567255434782607 0.9469746376811595 0.035937499999999976 0.04791666666666667
cl4xsgatd00ag356pn78v81ab 0 0.18419811320754717 0.8873820754716981 0.028125 0.04583333333333333
cl4xsgc7s00ak356pc8jz9vpq 0 0.2871394230769231 0.9099091880341881 0.034375 0.04375
cl4xsggag00as356pyqef10d2 0 0.6386663732394366 0.853125 0.03125 0.03958333333333333
cl4xsghzt00ax356pe5pvev6v 0 0.6268028846153846 0.8458333333333333 0.034375 0.041666666666666664
cl4xsgja900b1356p7ux71hb1 0 0.6839062499999999 0.849375 0.0328125 0.03958333333333333
cl4xsgm1x00b8356p7oxc7wov 0 0.8606385030864198 0.7508873456790124 0.03125 0.03333333333333333
cl4xsgniy00bc356pnz48aa9o 0 0.9022881669960474 0.6384675559947299 0.0421875 0.04791666666666667
cl4xsgom800bg356p4xh90n9s 0 0.7961458333333333 0.4556944444444444 0.03749999999999991 0.04583333333333333
cl4xsgwq300br356p0k1ppyfe 0 0.8084134615384615 0.3169871794871795 0.034375 0.03958333333333333
cl4xsgxxc00bv356ppuucw1yc 0 0.86603529676259 0.2161720623501199 0.0296875 0.0375
cl4xsgz3p00by356pqgusdo21 0 0.8190272177419354 0.24653897849462367 0.0296875 0.035416666666666666
cl4xsh02b00c1356p9z3mu9uq 0 0.740480939716312 0.3563460401891253 0.028125 0.03958333333333333
cl4xsh3tl00c9356pefbj324r 0 0.9554185779816514 0.1042335626911315 0.028125 0.04375
cl4xsh5ft00cd356p3lr3ww8r 0 0.8553831335616439 0.06458333333333334 0.0328125 0.04583333333333333
cl4xsh72k00ch356pvxbjzv03 0 0.8361876235177865 0.029520750988142292 0.0296875 0.05
cl4xsh8iz00cl356pbia1b62k 0 0.6621502976190476 0.11382936507936507 0.0390625 0.04791666666666665
cl4xshaem00cp356plbcizt9o 0 0.6418309563758389 0.17011325503355706 0.034375 0.04375
cl4xshc7l00ct356puxlvdquf 0 0.6086971907665506 0.290625 0.0328125 0.04791666666666667
cl4xshdxk00cx356p03y0ofnx 0 0.5855576441102757 0.45729166666666665 0.028125 0.03125
cl4xshfof00d1356pknnc851a 0 0.5541920731707317 0.4864583333333333 0.0375 0.03958333333333333
cl4xshh7400d5356p4kzpuyuj 0 0.4943181818181818 0.6544507575757575 0.034375 0.04791666666666667
cl4xshj5q00d9356pn55dcg1h 0 0.3966612948430493 0.5747150597907323 0.03281249999999995 0.03958333333333333
cl4xshlb400di356pkg8e46cx 0 0.3793117088607595 0.5536656118143459 0.028125 0.0375
cl4xshmd000dm356prdmuh8uy 0 0.3848958333333333 0.45798611111111115 0.031249999999999955 0.03958333333333333
cl4xshndy00dq356ppajrj7je 0 0.3632566437007874 0.4062335958005249 0.0359375 0.041666666666666664
cl4xshobb00du356pi1fe9qva 0 0.3309797847322721 0.428125 0.0359375 0.027083333333333334
cl4xshpc100dy356pjj2en3eq 0 0.33290663291354666 0.4427083333333333 0.0359375 0.03125
cl4xshq8c00e1356pwn4uctu7 0 0.23117647058823526 0.5112622549019608 0.0375 0.04791666666666661
cl4xshrdf00e5356pum4j8poj 0 0.1625 0.4413559941520468 0.0375 0.041542397660818686
cl4xshsnv00e9356pnsxn9t7n 0 0.13181985294117646 0.38056372549019607 0.03125 0.041666666666666664
cl4xshtmw00ed356phhi6kl03 0 0.12092725409836065 0.31354166666666666 0.0328125 0.04375
cl4xshvhj00el356pzxdhl1hc 0 0.0328125 0.3145833333333333 0.040625 0.041666666666666664
cl4xshx7400eq356pi2efzks5 0 0.024250127637848878 0.31045850351713183 0.028125 0.03958333333333333
cl4xsi0g900eu356px7zao6zm 0 0.35977299528301887 0.8046580188679245 0.0390625 0.04791666666666667
cl4xsi28o00ey356puc8ibxum 0 0.31400898972602737 0.3280536529680365 0.05 0.052083333333333336
cl4xsi35500f2356ppgbactcz 0 0.40042775665399244 0.34536200887198987 0.028125000000000046 0.035416666666666666
cl4xsi41500f6356pueiqwwl8 0 0.4838730203619909 0.30970965309200604 0.034375 0.031919306184012085
cl4xsi5iv00f9356pjlo8kmf9 0 0.5918607954545455 0.21540719696969696 0.040625 0.052083333333333336
cl4xsi6gv00fd356pjdg1bkrh 0 0.4125 0.034375 0.034375 0.04375
cl4xsiafn00fl356p1qsbcpq6 0 0.42393973214285713 0.028497023809523812 0.0296875 0.035416666666666666
cl4xsiboy00fo356p0drg408u 0 0.4073924731182796 0.16153673835125446 0.03125000000000004 0.041666666666666664
cl4xsicyp00ft356p7wxw1bu0 0 0.414340472846442 0.2011899188514357 0.042187500000000044 0.035416666666666666
cl4xsie7n00fx356pm8pe3q0y 0 0.37572337962962965 0.209375 0.0390625 0.04791666666666667
cl4xsifph00g1356pzw193ip3 0 0.42536157024793386 0.24326790633608816 0.03125 0.04583333333333333
cl4xsigp300g5356p5wqj95t3 0 0.3961006637168142 0.296875 0.0265625 0.035416666666666666
cl4xsijar00g9356pe3t6bfab 0 0.8639414612676056 0.17588028169014083 0.03125 0.04375
cl4xsilct00gd356pbvyfyx3w 0 0.6342048267326732 0.653125 0.034375 0.03958333333333333
cl4xsiofb00gh356pv0fk2ton 0 0.5359375 0.5625 0.034375 0.05416666666666667
cl4xsiqzp00go356ps1k0imcg 0 0.58203125 0.6895833333333333 0.0296875 0.03333333333333333
cl4xsirz300gs356phx3arwpe 0 0.56953125 0.653125 0.0296875 0.035416666666666666
cl4xsiurh00gw356pp4j0zkz8 0 0.11820083682008369 0.10137944560669455 0.05625000000000001 0.05
cl4ye76bf0003356p49hbaah8 0 0.36640625 0.26458333333333334 0.0328125 0.0375
cl4yf25i6001j356pmma7nzu4 0 0.4142361111111111 0.771412037037037 0.029687499999999957 0.03958333333333333
cl4yfu8pv001p356phx9jihls 0 0.09331597222222222 0.7408564814814814 0.027604166666666673 0.04189814814814821
cl4yg2zg7001x356pgf8m41o4 0 0.35 0.0125 0.025 0.025
cl4yg6z0l0021356ptvqil6cr 0 0.9659598214285715 0.5441964285714286 0.027455357142857118 0.04077380952380955
cl4yh6rah0035356p8odrzu3l 0 0.20913750000000003 0.9904666666666666 0.03125000000000002 0.019066666666666638
cl53esppq000p356iyadfxr3a 1 0.54296875 0.6885416666666667 0.1265625 0.15208333333333332
cl53et4za000v356ipefq8v08 1 0.13828125 0.10729166666666666 0.0671875 0.06875
cl53etfxj0012356i1lamqr2b 1 0.36796875 0.27708333333333335 0.0859375 0.0875
cl53eu1pk0016356ibxtrzp44 1 0.628125 0.84375 0.059375 0.06666666666666667
