ckz3vyyc0000z3867codcgkg7 0 0.05452898550724637 0.6154136473429952 0.04375 0.05625
cl4xsg9sb00ac356p1oo54ag8 0 0.1953917572463768 0.9466938405797102 0.0359375 0.04791666666666667
cl4xsgatd00ag356pn78v81ab 0 0.18383254716981132 0.8871383647798742 0.028125 0.04583333333333333
cl4xsgc7s00ak356pc8jz9vpq 0 0.2858974358974359 0.9093571937321937 0.034375 0.04375
cl4xsggag00as356pyqef10d2 0 0.6383562740076825 0.853125 0.03125 0.03958333333333333
cl4xsghzt00ax356pe5pvev6v 0 0.6260863535502958 0.8458333333333333 0.034375 0.041666666666666664
cl4xsgja900b1356p7ux71hb1 0 0.69359375 0.8461458333333333 0.0328125 0.03958333333333333
cl4xsgm1x00b8356p7oxc7wov 0 0.8606983024691358 0.7511265432098765 0.03125 0.03333333333333333
cl4xsgniy00bc356pnz48aa9o 0 0.9020967144268776 0.6382122859025032 0.0421875 0.04791666666666667
cl4xsgom800bg356p4xh90n9s 0 0.771875 0.39869791666666665 0.0375 0.04583333333333333
cl4xsgwq300br356p0k1ppyfe 0 0.7979166666666666 0.3195601851851852 0.03437499999999991 0.03958333333333333
cl4xsgxxc00bv356ppuucw1yc 0 0.8656868255395682 0.2157074340527578 0.0296875 0.0375
cl4xsgz3p00by356pqgusdo21 0 0.8184022177419354 0.246122311827957 0.0296875 0.035416666666666666
cl4xsh02b00c1356p9z3mu9uq 0 0.7391068262411348 0.3572621158392435 0.028125 0.03958333333333333
cl4xsh3tl00c9356pefbj324r 0 0.955196387614679 0.10452981651376146 0.028125 0.04375
cl4xsh5ft00cd356p3lr3ww8r 0 0.8543878424657534 0.06458333333333334 0.0328125 0.04583333333333333
cl4xsh72k00ch356pvxbjzv03 0 0.8358047183794467 0.029776021080368906 0.0296875 0.05
cl4xsh8iz00cl356pbia1b62k 0 0.6616377914507772 0.11352007772020727 0.0390625 0.047916666666666684
cl4xshaem00cp356plbcizt9o 0 0.6410182466442953 0.16989653243847874 0.034375 0.04375
cl4xshc7l00ct356puxlvdquf 0 0.6097098214285714 0.290625 0.0328125 0.04791666666666667
cl4xshdxk00cx356p03y0ofnx 0 0.5853148496240601 0.45729166666666665 0.028125 0.03125
cl4xshfof00d1356pknnc851a 0 0.5538376524390244 0.4864583333333333 0.0375 0.03958333333333333
cl4xshh7400d5356p4kzpuyuj 0 0.49459339488636367 0.6540838068181818 0.034375 0.04791666666666667
cl4xshj5q00d9356pn55dcg1h 0 0.3962268778026906 0.5741358370702542 0.0328125 0.03958333333333333
cl4xshlb400di356pkg8e46cx 0 0.37869857594936707 0.5528481012658228 0.028125 0.0375
cl4xshmd000dm356prdmuh8uy 0 0.3852124183006536 0.4584082244008715 0.03125 0.03958333333333333
cl4xshndy00dq356ppajrj7je 0 0.36249384842519683 0.4057250656167979 0.0359375 0.041666666666666664
cl4xshobb00du356pi1fe9qva 0 0.3308395893632417 0.428125 0.0359375 0.027083333333333334
cl4xshpc100dy356pjj2en3eq 0 0.33280771358066713 0.4427083333333333 0.0359375 0.03125
cl4xshq8c00e1356pwn4uctu7 0 0.23098651960784317 0.5107557189542484 0.0375 0.047916666666666725
cl4xshrdf00e5356pum4j8poj 0 0.1625 0.4407894736842105 0.0375 0.04131578947368417
cl4xshsnv00e9356pnsxn9t7n 0 0.1272610294117647 0.37980392156862747 0.03125 0.041666666666666664
cl4xshtmw00ed356phhi6kl03 0 0.12072873975409837 0.31354166666666666 0.0328125 0.04375
cl4xshvhj00el356pzxdhl1hc 0 0.0328125 0.3145833333333333 0.040625 0.041666666666666664
cl4xshx7400eq356pi2efzks5 0 0.02421715452688904 0.3104145393691854 0.028125 0.03958333333333333
cl4xsi0g900eu356px7zao6zm 0 0.3599557783018868 0.8039268867924528 0.0390625 0.04791666666666667
cl4xsi28o00ey356puc8ibxum 0 0.3136772260273973 0.32761130136986305 0.05 0.052083333333333336
cl4xsi35500f2356ppgbactcz 0 0.4004737999049429 0.3454233998732573 0.028124999999999956 0.035416666666666666
cl4xsi41500f6356pueiqwwl8 0 0.48365384615384616 0.30985576923076924 0.034375 0.032211538461538444
cl4xsi5iv00f9356pjlo8kmf9 0 0.5914204545454546 0.21511363636363637 0.040625 0.052083333333333336
cl4xsi6gv00fd356pjdg1bkrh 0 0.4055803571428571 0.05610119047619048 0.034374999999999954 0.04375
cl4xsiafn00fl356p1qsbcpq6 0 0.42372349330357145 0.02878534226190476 0.0296875 0.035416666666666666
cl4xsiboy00fo356p0drg408u 0 0.4076528897849462 0.16084229390681004 0.031249999999999955 0.041666666666666664
cl4xsicyp00ft356p7wxw1bu0 0 0.4134334035580524 0.2007061485642946 0.0421875 0.035416666666666666
cl4xsie7n00fx356pm8pe3q0y 0 0.37321180555555555 0.209375 0.0390625 0.04791666666666667
cl4xsifph00g1356pzw193ip3 0 0.42496126033057846 0.24380165289256198 0.03125 0.0458333333333333
cl4xsigp300g5356p5wqj95t3 0 0.39565972222222223 0.29716435185185186 0.0265625 0.035416666666666666
cl4xsijar00g9356pe3t6bfab 0 0.862918133802817 0.17451584507042253 0.03125 0.04375
cl4xsilct00gd356pbvyfyx3w 0 0.6338451423267327 0.653125 0.034375 0.03958333333333333
cl4xsiofb00gh356pv0fk2ton 0 0.5359375 0.5625 0.034375 0.05416666666666667
cl4xsiqzp00go356ps1k0imcg 0 0.58203125 0.6895833333333333 0.0296875 0.03333333333333333
cl4xsirz300gs356phx3arwpe 0 0.56953125 0.653125 0.0296875 0.035416666666666666
cl4xsiurh00gw356pp4j0zkz8 0 0.11799816945606693 0.10131188981868898 0.05624999999999999 0.05
cl4ye76bf0003356p49hbaah8 0 0.36640625 0.26458333333333334 0.0328125 0.0375
cl4yf25i6001j356pmma7nzu4 0 0.46640625 0.8885416666666667 0.0296875 0.03958333333333333
cl4yfu8pv001p356phx9jihls 0 0.1340909090909091 0.7464015151515151 0.03125 0.0375
cl4yfvv49001t356piy5wgc7r 0 0.28359375 0.09270833333333334 0.028125 0.03958333333333333
cl4yg6z0l0021356ptvqil6cr 0 0.8755208333333334 0.5618055555555556 0.028125 0.041666666666666664
cl4ygprmq002h356ppl30ie7v 0 0.4810267857142857 0.9742559523809524 0.0375 0.03958333333333333
cl4yh6rah0035356p8odrzu3l 0 0.20887916666666667 0.9902944444444444 0.03125000000000002 0.01941111111111115
cl53esppq000p356iyadfxr3a 1 0.54296875 0.6885416666666667 0.1265625 0.15208333333333332
cl53et4za000v356ipefq8v08 1 0.13828125 0.10729166666666666 0.0671875 0.06875
cl53etfxj0012356i1lamqr2b 1 0.36796875 0.27708333333333335 0.0859375 0.0875
cl53eu1pk0016356ibxtrzp44 1 0.628125 0.84375 0.059375 0.06666666666666667
