ckz3vyyc0000z3867codcgkg7 0 0.05 0.6062241735537189 0.04375 0.05625
cl4xsg9sb00ac356p1oo54ag8 0 0.19234827898550724 0.9436503623188405 0.0359375 0.04791666666666667
cl4xsgatd00ag356pn78v81ab 0 0.18088437500000001 0.8844416666666667 0.028125 0.04583333333333333
cl4xsgc7s00ak356pc8jz9vpq 0 0.27298109965635736 0.9057166380297823 0.036737542955326455 0.04375
cl4xsggag00as356pyqef10d2 0 0.6349951984635084 0.853125 0.03125 0.03958333333333333
cl4xsghzt00ax356pe5pvev6v 0 0.6029751712328767 0.8433718607305937 0.034375 0.041666666666666664
cl4xsgja900b1356p7ux71hb1 0 0.6814924568965517 0.8211566091954022 0.0328125 0.03958333333333333
cl4xsgm1x00b8356p7oxc7wov 0 0.8609375 0.7545302400738689 0.03125 0.03333333333333333
cl4xsgniy00bc356pnz48aa9o 0 0.89765625 0.6378802910052911 0.0421875 0.04791666666666667
cl4xsgom800bg356p4xh90n9s 0 0.7663352272727273 0.44280303030303025 0.0375 0.04583333333333333
cl4xsgwq300br356p0k1ppyfe 0 0.6751616379310346 0.32927442528735634 0.034375 0.03958333333333333
cl4xsgxxc00bv356ppuucw1yc 0 0.8590366633858268 0.21875 0.0296875 0.0375
cl4xsgz3p00by356pqgusdo21 0 0.79296875 0.22912901606425704 0.0296875 0.035416666666666666
cl4xsh02b00c1356p9z3mu9uq 0 0.7257757867132868 0.3562572843822844 0.028125 0.03958333333333333
cl4xsh3tl00c9356pefbj324r 0 0.9531652113970589 0.10317861519607843 0.028125 0.04375
cl4xsh5ft00cd356p3lr3ww8r 0 0.8514951508620691 0.0625 0.0328125 0.04583333333333333
cl4xsh72k00ch356pvxbjzv03 0 0.8247422680412371 0.03125 0.0296875 0.05
cl4xsh8iz00cl356pbia1b62k 0 0.653125 0.1125 0.0390625 0.04791666666666667
cl4xshaem00cp356plbcizt9o 0 0.6380933544303797 0.16706223628691982 0.034375 0.04375
cl4xshc7l00ct356puxlvdquf 0 0.6154221754807693 0.2880008012820513 0.0328125 0.04791666666666667
cl4xshdxk00cx356p03y0ofnx 0 0.5812207943925234 0.45308605919003114 0.028125 0.03125
cl4xshfof00d1356pknnc851a 0 0.550450487012987 0.48497564935064935 0.0375 0.03958333333333333
cl4xshh7400d5356p4kzpuyuj 0 0.4818607954545454 0.670909090909091 0.034375 0.04791666666666667
cl4xshj5q00d9356pn55dcg1h 0 0.3883672591743119 0.5739296636085627 0.0328125 0.03958333333333333
cl4xshlb400di356pkg8e46cx 0 0.37115384615384617 0.55 0.028125 0.0375
cl4xshmd000dm356prdmuh8uy 0 0.3824797453703704 0.45498649691358023 0.03125 0.03958333333333333
cl4xshndy00dq356ppajrj7je 0 0.3541796875 0.39123697916666667 0.0359375 0.041666666666666664
cl4xshobb00du356pi1fe9qva 0 0.3332294365284974 0.428125 0.0359375 0.027083333333333334
cl4xshpc100dy356pjj2en3eq 0 0.33173555565010215 0.4427083333333333 0.0359375 0.03125
cl4xshq8c00e1356pwn4uctu7 0 0.22795758928571427 0.5038318452380952 0.0375 0.04791666666666667
cl4xshrdf00e5356pum4j8poj 0 0.16077486059479554 0.437991790582404 0.0375 0.03958333333333333
cl4xshsnv00e9356pnsxn9t7n 0 0.10756048387096775 0.3715821812596006 0.031250000000000014 0.041666666666666664
cl4xshtmw00ed356phhi6kl03 0 0.11953125 0.31618351063829786 0.0328125 0.04375
cl4xshvhj00el356pzxdhl1hc 0 0.0328125 0.3145833333333333 0.040625 0.041666666666666664
cl4xshx7400eq356pi2efzks5 0 0.02385976855003404 0.3099380247333787 0.028125 0.03958333333333333
cl4xsi0g900eu356px7zao6zm 0 0.3686100746268657 0.7981032338308458 0.0390625 0.04791666666666667
cl4xsi28o00ey356puc8ibxum 0 0.309245261732852 0.32395833333333335 0.05 0.052083333333333336
cl4xsi35500f2356ppgbactcz 0 0.40097284933460076 0.346088799112801 0.028125 0.035416666666666666
cl4xsi41500f6356pueiqwwl8 0 0.46960227272727273 0.3104166666666667 0.034375 0.03724747474747474
cl4xsi5iv00f9356pjlo8kmf9 0 0.5861752717391304 0.21354166666666666 0.040625 0.052083333333333336
cl4xsi6gv00fd356pjdg1bkrh 0 0.3743963068181818 0.0069602272727272724 0.02208806818181821 0.013920454545454545
cl4xsiafn00fl356p1qsbcpq6 0 0.42132630813953487 0.03375484496124031 0.0296875 0.035416666666666666
cl4xsiboy00fo356p0drg408u 0 0.409375 0.1625 0.03125 0.041666666666666664
cl4xsicyp00ft356p7wxw1bu0 0 0.39890854779411766 0.19837622549019607 0.0421875 0.035416666666666666
cl4xsie7n00fx356pm8pe3q0y 0 0.36037946428571427 0.2063988095238095 0.0390625 0.04791666666666667
cl4xsifph00g1356pzw193ip3 0 0.4221943430656935 0.24583333333333332 0.03125 0.04583333333333333
cl4xsigp300g5356p5wqj95t3 0 0.3920843160377358 0.30131682389937103 0.026562499999999954 0.035416666666666666
cl4xsijar00g9356pe3t6bfab 0 0.8621642561983471 0.17931301652892565 0.03125 0.04375
cl4xsilct00gd356pbvyfyx3w 0 0.630494557057057 0.6546702952952953 0.034375 0.03958333333333333
cl4xsiofb00gh356pv0fk2ton 0 0.5359375 0.5625 0.034375 0.05416666666666667
cl4xsiqzp00go356ps1k0imcg 0 0.58203125 0.6895833333333333 0.0296875 0.03333333333333333
cl4xsirz300gs356phx3arwpe 0 0.56953125 0.653125 0.0296875 0.035416666666666666
cl4xsiurh00gw356pp4j0zkz8 0 0.11580151673640167 0.10057967224546722 0.05624999999999999 0.05
cl4ye76bf0003356p49hbaah8 0 0.36640625 0.26458333333333334 0.0328125 0.0375
cl4yfvv49001t356piy5wgc7r 0 0.4944711538461538 0.8994391025641025 0.028125 0.03958333333333333
cl4yg6z0l0021356ptvqil6cr 0 0.4345703125 0.4588541666666667 0.0296875 0.0375
cl4ygprmq002h356ppl30ie7v 0 0.91015625 0.8026041666666667 0.03125 0.04375
cl4yguioh002l356p3ufzdg9z 0 0.607421875 0.1265625 0.0328125 0.041666666666666664
cl4yh0mcw002t356plaxl5npv 0 0.3515625 0.9125 0.040625 0.0375
cl4yh6rah0035356p8odrzu3l 0 0.2046875 0.9895833333333334 0.03125 0.020833333333333332
cl4yhicek003x356phjxy15za 0 0.9717841569767443 0.43645833333333334 0.0265625 0.04375
cl4yhlk4l0045356p7uku3kf7 0 0.6793817934782609 0.06449275362318839 0.0296875 0.042210144927536226
cl4yhpuyn004d356pdnyh291k 0 0.14140625 0.5971726190476191 0.0359375 0.04375
cl4yhuijk004l356prmyfv66t 0 0.184375 0.171875 0.034375 0.041666666666666664
cl53esppq000p356iyadfxr3a 1 0.54296875 0.6885416666666667 0.1265625 0.15208333333333332
cl53et4za000v356ipefq8v08 1 0.13828125 0.10729166666666666 0.0671875 0.06875
cl53etfxj0012356i1lamqr2b 1 0.36796875 0.27708333333333335 0.0859375 0.0875
cl53eu1pk0016356ibxtrzp44 1 0.628125 0.84375 0.059375 0.06666666666666667
