ckz3vyyc0000z3867codcgkg7 0 0.05821397569444444 0.6116030092592593 0.04375 0.05625
cl4xsg9sb00ac356p1oo54ag8 0 0.19656023550724638 0.9478623188405797 0.035937500000000025 0.04791666666666667
cl4xsgatd00ag356pn78v81ab 0 0.184375 0.8881549873737373 0.028125 0.04583333333333333
cl4xsgc7s00ak356pc8jz9vpq 0 0.29101935946462715 0.9115021510516252 0.034375 0.04375
cl4xsggag00as356pyqef10d2 0 0.6396466869398207 0.853125 0.03125 0.03958333333333333
cl4xsghzt00ax356pe5pvev6v 0 0.6290680473372781 0.8458333333333333 0.034375 0.041666666666666664
cl4xsgja900b1356p7ux71hb1 0 0.6657465277777778 0.8866435185185185 0.0328125 0.03958333333333333
cl4xsgm1x00b8356p7oxc7wov 0 0.8604494598765433 0.7501311728395061 0.03125 0.03333333333333333
cl4xsgniy00bc356pnz48aa9o 0 0.9025318770903009 0.6365628483835005 0.0421875 0.04791666666666667
cl4xsgom800bg356p4xh90n9s 0 0.7709558823529412 0.4219362745098039 0.0375 0.04583333333333333
cl4xsgwq300br356p0k1ppyfe 0 0.8238622572815533 0.3038733818770227 0.034375 0.03958333333333333
cl4xsgxxc00bv356ppuucw1yc 0 0.867136915467626 0.21764088729016787 0.0296875 0.0375
cl4xsgz3p00by356pqgusdo21 0 0.81953125 0.24814236111111113 0.0296875 0.035416666666666666
cl4xsh02b00c1356p9z3mu9uq 0 0.7448249113475177 0.35345005910165483 0.028125 0.03958333333333333
cl4xsh3tl00c9356pefbj324r 0 0.956120986238532 0.10329701834862386 0.028125 0.04375
cl4xsh5ft00cd356p3lr3ww8r 0 0.858529537671233 0.06458333333333334 0.0328125 0.04583333333333333
cl4xsh72k00ch356pvxbjzv03 0 0.8378722734899329 0.029935682326621922 0.0296875 0.05
cl4xsh8iz00cl356pbia1b62k 0 0.663608630952381 0.1148015873015873 0.0390625 0.04791666666666665
cl4xshaem00cp356plbcizt9o 0 0.6444001677852349 0.17079837807606263 0.034375 0.04375
cl4xshc7l00ct356puxlvdquf 0 0.6073192401960784 0.29100898692810456 0.0328125 0.04791666666666667
cl4xshdxk00cx356p03y0ofnx 0 0.5863251879699248 0.45729166666666665 0.028125 0.03125
cl4xshfof00d1356pknnc851a 0 0.5553125 0.4864583333333333 0.0375 0.03958333333333333
cl4xshh7400d5356p4kzpuyuj 0 0.4939616533864542 0.6554905378486056 0.034375 0.04791666666666667
cl4xshj5q00d9356pn55dcg1h 0 0.39827362804878047 0.5767276422764227 0.03281249999999995 0.038760162601626055
cl4xshlb400di356pkg8e46cx 0 0.38125 0.55625 0.028125 0.0375
cl4xshmd000dm356prdmuh8uy 0 0.38395294540229885 0.4567289272030651 0.03125 0.03958333333333333
cl4xshndy00dq356ppajrj7je 0 0.36150858918128653 0.40506822612085774 0.0359375 0.041666666666666664
cl4xshobb00du356pi1fe9qva 0 0.3314229829956584 0.428125 0.0359375 0.027083333333333334
cl4xshpc100dy356pjj2en3eq 0 0.33321934564329475 0.4427083333333333 0.0359375 0.03125
cl4xshq8c00e1356pwn4uctu7 0 0.23069242738589213 0.5099714730290457 0.0375 0.047916666666666725
cl4xshrdf00e5356pum4j8poj 0 0.16509615384615384 0.43907051282051285 0.0375 0.041666666666666664
cl4xshsnv00e9356pnsxn9t7n 0 0.14623161764705883 0.3829656862745098 0.03125 0.041666666666666664
cl4xshtmw00ed356phhi6kl03 0 0.12165068069306931 0.31502681518151815 0.0328125 0.04375
cl4xshvhj00el356pzxdhl1hc 0 0.0328125 0.3145833333333333 0.040625 0.041666666666666664
cl4xshx7400eq356pi2efzks5 0 0.024354365214431583 0.31059748695257544 0.028125 0.03958333333333333
cl4xsi0g900eu356px7zao6zm 0 0.35919516509433963 0.8069693396226415 0.0390625 0.04791666666666667
cl4xsi28o00ey356puc8ibxum 0 0.31668074324324325 0.328125 0.05 0.052083333333333336
cl4xsi35500f2356ppgbactcz 0 0.4002822005703422 0.3451679340937896 0.028125 0.035416666666666666
cl4xsi41500f6356pueiqwwl8 0 0.4833333333333333 0.31006944444444445 0.034375 0.03125
cl4xsi5iv00f9356pjlo8kmf9 0 0.5929419259656652 0.215625 0.040625 0.052083333333333336
cl4xsi6gv00fd356pjdg1bkrh 0 0.4143958333333333 0.034375 0.034374999999999954 0.04375
cl4xsiafn00fl356p1qsbcpq6 0 0.42549876412429377 0.027442325800376643 0.0296875 0.035416666666666666
cl4xsiboy00fo356p0drg408u 0 0.4065692204301075 0.1637320788530466 0.031249999999999955 0.041666666666666664
cl4xsicyp00ft356p7wxw1bu0 0 0.41720798220973787 0.20271925717852685 0.042187500000000044 0.035416666666666666
cl4xsie7n00fx356pm8pe3q0y 0 0.378359375 0.209375 0.0390625 0.04791666666666667
cl4xsifph00g1356pzw193ip3 0 0.4266255040322581 0.24175067204301076 0.03125 0.04583333333333333
cl4xsigp300g5356p5wqj95t3 0 0.3967782079646017 0.296875 0.0265625 0.035416666666666666
cl4xsijar00g9356pe3t6bfab 0 0.865625 0.18020833333333333 0.03125 0.04375
cl4xsilct00gd356pbvyfyx3w 0 0.6353418935643564 0.653125 0.034375 0.03958333333333333
cl4xsiofb00gh356pv0fk2ton 0 0.5359375 0.5625 0.034375 0.05416666666666667
cl4xsiqzp00go356ps1k0imcg 0 0.58203125 0.6895833333333333 0.0296875 0.03333333333333333
cl4xsirz300gs356phx3arwpe 0 0.56953125 0.653125 0.0296875 0.035416666666666666
cl4xsiurh00gw356pp4j0zkz8 0 0.11884152719665272 0.1015930090655509 0.05625000000000001 0.05
cl4ye76bf0003356p49hbaah8 0 0.36640625 0.26458333333333334 0.0328125 0.0375
cl4yewemo0017356pivxsjhs3 0 0.9505681818181818 0.4008522727272727 0.034375 0.04375
cl4yf032i001f356p2yd4z0tg 0 0.0203125 0.7977678571428571 0.03125 0.041666666666666664
cl4yf25i6001j356pmma7nzu4 0 0.19453125 0.4635416666666667 0.0296875 0.03958333333333333
cl4yg2zg7001x356pgf8m41o4 0 0.33958333333333335 0.303125 0.03125 0.03958333333333333
cl4ygjuzj0029356p57q7d74p 0 0.9921875 0.39708333333333334 0.015625 0.035416666666666666
cl4ygmqop002d356p9i4s1ird 0 0.948046875 0.8072916666666666 0.0296875 0.03958333333333333
cl4yh6rah0035356p8odrzu3l 0 0.20995416666666666 0.9910111111111112 0.03125 0.01797777777777772
cl4yhyfa2004p356p0rjgtmhv 0 0.9421875 0.13958333333333334 0.034375 0.0375
cl53esppq000p356iyadfxr3a 1 0.54296875 0.6885416666666667 0.1265625 0.15208333333333332
cl53et4za000v356ipefq8v08 1 0.13828125 0.10729166666666666 0.0671875 0.06875
cl53etfxj0012356i1lamqr2b 1 0.36796875 0.27708333333333335 0.0859375 0.0875
cl53eu1pk0016356ibxtrzp44 1 0.628125 0.84375 0.059375 0.06666666666666667
