ckz3vyyc0000z3867codcgkg7 0 0.062087673611111116 0.6101273148148147 0.043750000000000004 0.05625
cl4xsg9sb00ac356p1oo54ag8 0 0.1970221920289855 0.9483242753623189 0.0359375 0.04791666666666667
cl4xsgatd00ag356pn78v81ab 0 0.184375 0.8885574494949495 0.028125 0.04583333333333333
cl4xsgc7s00ak356pc8jz9vpq 0 0.2928477533460803 0.9117053059273422 0.034375 0.04375
cl4xsggag00as356pyqef10d2 0 0.6401568501920615 0.853125 0.03125 0.03958333333333333
cl4xsghzt00ax356pe5pvev6v 0 0.6302468565088757 0.8458333333333333 0.034375 0.041666666666666664
cl4xsgja900b1356p7ux71hb1 0 0.6743009868421053 0.9094846491228069 0.0328125 0.03958333333333333
cl4xsgm1x00b8356p7oxc7wov 0 0.8603510802469136 0.7497376543209877 0.03125 0.03333333333333333
cl4xsgniy00bc356pnz48aa9o 0 0.9057300376254181 0.6383396042363434 0.0421875 0.04791666666666667
cl4xsgom800bg356p4xh90n9s 0 0.775 0.5395833333333333 0.0375 0.04583333333333333
cl4xsgwq300br356p0k1ppyfe 0 0.8239508928571428 0.3017261904761905 0.034375 0.03958333333333333
cl4xsgxxc00bv356ppuucw1yc 0 0.8677102068345324 0.2184052757793765 0.0296875 0.0375
cl4xsgz3p00by356pqgusdo21 0 0.8196134868421053 0.24917763157894737 0.0296875 0.035416666666666666
cl4xsh02b00c1356p9z3mu9uq 0 0.7458512931034483 0.353125 0.028125 0.03958333333333333
cl4xsh3tl00c9356pefbj324r 0 0.9567580049261084 0.10346366995073893 0.028125 0.04375
cl4xsh5ft00cd356p3lr3ww8r 0 0.8597479585427136 0.0650963149078727 0.0328125 0.04583333333333333
cl4xsh72k00ch356pvxbjzv03 0 0.838941904362416 0.030648769574944074 0.0296875 0.05
cl4xsh8iz00cl356pbia1b62k 0 0.6643675595238095 0.11530753968253968 0.0390625 0.04791666666666667
cl4xshaem00cp356plbcizt9o 0 0.6457372063758389 0.17115492170022373 0.034375 0.04375
cl4xshc7l00ct356puxlvdquf 0 0.6076317401960785 0.29142565359477124 0.0328125 0.04791666666666667
cl4xshdxk00cx356p03y0ofnx 0 0.5867246240601504 0.45729166666666665 0.028125 0.03125
cl4xshfof00d1356pknnc851a 0 0.5558955792682927 0.4864583333333333 0.0375 0.03958333333333333
cl4xshh7400d5356p4kzpuyuj 0 0.49427913346613545 0.6559138446215139 0.034375 0.04791666666666667
cl4xshj5q00d9356pn55dcg1h 0 0.39943978658536583 0.5780233739837398 0.03281249999999995 0.03720528455284556
cl4xshlb400di356pkg8e46cx 0 0.38164254926108376 0.5552032019704433 0.028125 0.0375
cl4xshmd000dm356prdmuh8uy 0 0.3834949712643678 0.45611829501915707 0.03125 0.03958333333333333
cl4xshndy00dq356ppajrj7je 0 0.3605765716374269 0.4044468810916179 0.0359375 0.041666666666666664
cl4xshobb00du356pi1fe9qva 0 0.3316536269898697 0.428125 0.0359375 0.027083333333333334
cl4xshpc100dy356pjj2en3eq 0 0.33338208390061264 0.4427083333333333 0.0359375 0.03125
cl4xshq8c00e1356pwn4uctu7 0 0.23036177385892115 0.5090897302904565 0.0375 0.04791666666666667
cl4xshrdf00e5356pum4j8poj 0 0.16673076923076924 0.43743589743589745 0.0375 0.041666666666666664
cl4xshsnv00e9356pnsxn9t7n 0 0.15 0.3847222222222222 0.03125 0.041666666666666664
cl4xshtmw00ed356phhi6kl03 0 0.12204517326732674 0.316078795379538 0.0328125 0.04375
cl4xshvhj00el356pzxdhl1hc 0 0.0328125 0.3145833333333333 0.040625 0.041666666666666664
cl4xshx7400eq356pi2efzks5 0 0.02440861130020422 0.31066981506693897 0.028125 0.03958333333333333
cl4xsi0g900eu356px7zao6zm 0 0.3588944575471698 0.8081721698113208 0.0390625 0.04791666666666667
cl4xsi28o00ey356puc8ibxum 0 0.31811655405405403 0.328125 0.05 0.052083333333333336
cl4xsi35500f2356ppgbactcz 0 0.40020645199619775 0.3450669359949303 0.028125 0.035416666666666666
cl4xsi41500f6356pueiqwwl8 0 0.48136574074074073 0.31138117283950617 0.034375 0.03125
cl4xsi5iv00f9356pjlo8kmf9 0 0.5934549356223175 0.215625 0.040625 0.052083333333333336
cl4xsi6gv00fd356pjdg1bkrh 0 0.4154583333333333 0.034375 0.034374999999999954 0.04375
cl4xsiafn00fl356p1qsbcpq6 0 0.42662429378531075 0.02684204331450094 0.0296875 0.035416666666666666
cl4xsiboy00fo356p0drg408u 0 0.40632139718804916 0.16417874926772116 0.03110720562390159 0.04152387229056824
cl4xsicyp00ft356p7wxw1bu0 0 0.4196671195652174 0.19670893719806765 0.0421875 0.035416666666666666
cl4xsie7n00fx356pm8pe3q0y 0 0.3790234375 0.209375 0.0390625 0.04791666666666667
cl4xsifph00g1356pzw193ip3 0 0.4272681451612903 0.24260752688172044 0.03125 0.04583333333333333
cl4xsigp300g5356p5wqj95t3 0 0.3971308075221239 0.296875 0.026562499999999954 0.035416666666666666
cl4xsijar00g9356pe3t6bfab 0 0.865875 0.18240277777777777 0.03125 0.04375
cl4xsilct00gd356pbvyfyx3w 0 0.6359336324257426 0.653125 0.034375 0.03958333333333333
cl4xsiofb00gh356pv0fk2ton 0 0.5359375 0.5625 0.034375 0.05416666666666667
cl4xsiqzp00go356ps1k0imcg 0 0.58203125 0.6895833333333333 0.0296875 0.03333333333333333
cl4xsirz300gs356phx3arwpe 0 0.56953125 0.653125 0.0296875 0.035416666666666666
cl4xsiurh00gw356pp4j0zkz8 0 0.11917494769874477 0.10170414923291492 0.05625 0.05
cl4ye76bf0003356p49hbaah8 0 0.36640625 0.26458333333333334 0.0328125 0.0375
cl4yewemo0017356pivxsjhs3 0 0.90625 0.34270833333333334 0.034375 0.04375
cl4yf032i001f356p2yd4z0tg 0 0.083984375 0.8598958333333333 0.03125 0.041666666666666664
cl4yf25i6001j356pmma7nzu4 0 0.12919034090909093 0.25369318181818185 0.0296875 0.03958333333333333
cl4yg2zg7001x356pgf8m41o4 0 0.346875 0.428125 0.03125 0.03958333333333333
cl4ygjuzj0029356p57q7d74p 0 0.9932692307692307 0.45945512820512824 0.012980769230769162 0.029807692307692275
cl4ygmqop002d356p9i4s1ird 0 0.8916666666666666 0.596875 0.028125 0.03125
cl4yh6rah0035356p8odrzu3l 0 0.21037916666666664 0.9912944444444444 0.03124999999999998 0.017411111111111075
cl4yhyfa2004p356p0rjgtmhv 0 0.8167410714285713 0.12380952380952381 0.03437499999999991 0.0375
cl53esppq000p356iyadfxr3a 1 0.54296875 0.6885416666666667 0.1265625 0.15208333333333332
cl53et4za000v356ipefq8v08 1 0.13828125 0.10729166666666666 0.0671875 0.06875
cl53etfxj0012356i1lamqr2b 1 0.36796875 0.27708333333333335 0.0859375 0.0875
cl53eu1pk0016356ibxtrzp44 1 0.628125 0.84375 0.059375 0.06666666666666667
