ckz3wzlij001f3867sol86pit 0 0.05852864583333334 0.23611567982456141 0.033970668859649125 0.055710891812865496
cl4sb9k3h0005356fgh2i05tl 0 0.05638420245398773 0.3922418200408998 0.028125 0.03333333333333333
cl4sb9r0t000a356f3fr22n3k 0 0.4432291666666666 0.165625 0.046354166666666696 0.06319444444444447
cl4sba04d000i356feuxuanko 0 0.5659598214285715 0.22485119047619048 0.04352678571428577 0.05029761904761904
cl4sba4bd000l356fifxda70f 0 0.9255208333333332 0.4288194444444444 0.03819444444444446 0.045601851851851845
cl4sbacfa000t356f0n0vwnmu 0 0.9269665948275861 0.11145833333333334 0.0328125 0.04791666666666667
cl4sbag3j000x356fg0qnddvw 0 0.6610469504830918 0.32395833333333335 0.0296875 0.03958333333333333
cl4sbajh60011356f1nlii7qd 0 0.6581380208333333 0.42743055555555554 0.021875 0.03333333333333333
cl4sbaodz0015356fso1rbddu 0 0.5600943688118811 0.4596328382838284 0.028125 0.04375
cl4sbb4jr001g356foa7q96fb 0 0.19963169642857143 0.4048809523809524 0.035937499999999976 0.04375
cl4sbb9kr001k356foz9ala52 0 0.3390625 0.9145833333333333 0.04375 0.05625
cl4sbbe2n001o356fcwn1gqn6 0 0.428125 0.403125 0.0375 0.04375
cl4sbbks3001w356fxefedoh2 0 0.484375 0.4510416666666667 0.03125 0.04375
cl4sbbo2u0020356fd0fnkq87 0 0.6646103896103897 0.6728129509379509 0.0296875 0.0375
cl4sbbrv50024356ficz1v42t 0 0.7456803902116402 0.6504905202821869 0.0265625 0.03958333333333333
cl4sbk21q0027356fftapt7ed 0 0.7212433510638298 0.5052526595744681 0.034375 0.04791666666666667
cl4sbk8io002f356fwmcd3pjv 0 0.81171875 0.3912109375 0.0328125 0.041666666666666664
cl4sbkbh4002j356fm66s3m92 0 0.8525642254601227 0.4809560327198364 0.0296875 0.03333333333333333
cl4sbkem1002n356fxfddycqm 0 0.8560801630434783 0.4257246376811594 0.0367527173913043 0.05416666666666667
cl4sbkjoj002r356fdo9o05v6 0 0.61171875 0.09298167848699763 0.0265625 0.03333333333333333
cl4sbkmhx002v356flj7vcxfm 0 0.82421875 0.4375 0.0203125 0.029166666666666667
cl4sbkrjg002z356fw5lbw5td 0 0.90078125 0.9146335341365462 0.0328125 0.04583333333333333
cl4sbl2xf003b356f7apltw6o 0 0.9779753989361701 0.7889627659574467 0.0234375 0.041666666666666664
cl4sbl6n7003f356fph1n1pui 0 0.8203125 0.7273059586631486 0.028125 0.027083333333333334
cl4sbldor003n356fz6nw845g 0 0.8575994318181819 0.5696969696969697 0.0265625 0.0375
cl4sblih1003r356fmkaegwgz 0 0.6999177631578948 0.8510416666666667 0.03125 0.04791666666666667
cl4sblncn003v356fdfwxtd52 0 0.16189516129032258 0.565625 0.028125 0.03958333333333333
cl4sbnp6l0043356f929tcrw6 0 0.5464700087565675 0.4635416666666667 0.034375 0.052083333333333336
cl4sbnxv00047356f8wdlcgvj 0 0.3084693030973451 0.23983222713864308 0.03737555309734515 0.05625
cl4x5svmz0003356fdijlb1j7 0 0.4125 0.46041666666666664 0.040625 0.058333333333333334
cl4xr03vs0003356f81sckspm 0 0.72578125 0.27395833333333336 0.021875 0.027083333333333334
cl4xu8pb0000b356fd0prmlo0 0 0.012890625 0.6239583333333333 0.02109375 0.035416666666666666
cl4xuuxyo000n356f8derlp9a 0 0.757421875 0.634375 0.04296875 0.06041666666666667
cl4xvx69d000r356fyv9ewcu4 0 0.8953125 0.9723958333333333 0.0375 0.03958333333333333
cl4xzgx0l000z356fdbvx7scy 0 0.95859375 0.41458333333333336 0.0234375 0.041666666666666664
cl4y0u4f00013356f4rj5r02e 0 0.21000000000000002 0.89625 0.040625 0.05
cl4y18g4u0017356fzzyk4wss 0 0.14502840909090908 0.9371212121212121 0.04602272727272727 0.053409090909090885
cl4yjhzoy0007356fn1bc4uw6 0 0.09038461538461537 0.06931089743589743 0.046874999999999986 0.058493589743589744
cl4yjn0pu000b356frte1icdf 0 0.17734375 0.98046875 0.0453125 0.0390625
cl4ykemum000n356fyzopq0xp 0 0.061328125 0.4552083333333333 0.04375 0.07083333333333333
cl4z7h6ym000b3b6fjyo49iwn 0 0.7165625 0.18104166666666668 0.01875 0.027083333333333334
cl4z8adui000f3b6f9zi2ft3x 0 0.02109375 0.4816489361702128 0.0421875 0.06041666666666667
cl4z8hbub00033b6fmxmwacsm 0 0.3383339185393258 0.23326310861423222 0.0296875 0.0375
cl4z8hh2u00073b6f6317ib98 0 0.54375 0.37916666666666665 0.028125 0.041666666666666664
cl4z8hm9k000b3b6fuxp3lqdx 0 0.47109375 0.715625 0.0328125 0.06041666666666667
cl4z8hsbb000g3b6fvzerbblc 0 0.5342949272853186 0.4395833333333333 0.0375 0.05416666666666667
cl5nkakmt0003356f8n9jh92b 2 0.4765625 0.8625 0.021875 0.03333333333333333
