ckz3wzlij001f3867sol86pit 0 0.019693396226415093 0.2869300314465409 0.03384433962264151 0.056249999999999974
cl4sb9k3h0005356fgh2i05tl 0 0.05625 0.39095833333333335 0.028125 0.03333333333333333
cl4sba04d000i356feuxuanko 0 0.5394176136363636 0.27566287878787876 0.0421875 0.05625
cl4sbacfa000t356f0n0vwnmu 0 0.8948298168789808 0.11206873673036094 0.030065684713375694 0.04669585987261146
cl4sbag3j000x356fg0qnddvw 0 0.65859375 0.3427325581395349 0.0265625 0.03333333333333333
cl4sbajh60011356f1nlii7qd 0 0.6032044491525423 0.4409427966101695 0.0375 0.04375
cl4sbaodz0015356fso1rbddu 0 0.5426480876865671 0.46001632462686565 0.0359375 0.041666666666666664
cl4sbb4jr001g356foa7q96fb 0 0.19296875 0.40539434523809526 0.0359375 0.04375
cl4sbb9kr001k356foz9ala52 0 0.35282866379310346 0.9505747126436782 0.0390625 0.05416666666666667
cl4sbbks3001w356fxefedoh2 0 0.066015625 0.0203125 0.03828125 0.03854166666666667
cl4sbbo2u0020356fd0fnkq87 0 0.65859375 0.6675347222222222 0.0296875 0.0375
cl4sbbrv50024356ficz1v42t 0 0.7456478801627033 0.6504471735502712 0.0265625 0.03958333333333333
cl4sbk21q0027356fftapt7ed 0 0.6304395443925234 0.5128796728971963 0.0390625 0.047916666666666725
cl4sbk8io002f356fwmcd3pjv 0 0.7814516129032258 0.4306619623655914 0.0294858870967742 0.03215725806451613
cl4sbkbh4002j356fm66s3m92 0 0.8541779891304347 0.47744565217391305 0.0296875 0.03333333333333333
cl4sbkem1002n356fxfddycqm 0 0.8276377688172044 0.45898297491039425 0.040625 0.05416666666666667
cl4sbkjoj002r356fdo9o05v6 0 0.60416259765625 0.07291666666666667 0.0265625 0.025
cl4sbkmhx002v356flj7vcxfm 0 0.8359375 0.7625 0.034375 0.04583333333333333
cl4sbkrjg002z356fw5lbw5td 0 0.8528788527397261 0.9842465753424657 0.0328125 0.031506849315068544
cl4sbl2xf003b356f7apltw6o 0 0.9459099264705882 0.8345588235294117 0.0234375 0.041666666666666664
cl4sbl6n7003f356fph1n1pui 0 0.8203125 0.7260416666666667 0.028125 0.027083333333333334
cl4sbldor003n356fz6nw845g 0 0.82 0.59375 0.0265625 0.0375
cl4sblih1003r356fmkaegwgz 0 0.6657730263157895 0.8610526315789474 0.034605263157894764 0.05127192982456137
cl4sblncn003v356fdfwxtd52 0 0.12543808411214954 0.5722838785046729 0.028125 0.03958333333333333
cl4sbnp6l0043356f929tcrw6 0 0.54375 0.4635416666666667 0.034375 0.052083333333333336
cl4sbnxv00047356f8wdlcgvj 0 0.2719845210280374 0.29414914330218067 0.0359375 0.056249999999999974
cl4xuuxyo000n356f8derlp9a 0 0.37124999999999997 0.010208333333333335 0.02937500000000002 0.02041666666666667
cl4xvx69d000r356fyv9ewcu4 0 0.08828125 0.9489583333333333 0.0484375 0.05625
cl4y18g4u0017356fzzyk4wss 0 0.7197916666666666 0.8237847222222222 0.044791666666666695 0.051041666666666666
cl4yl5ed5000z356fm9nkxgfo 0 0.9721522177419354 0.20843413978494624 0.025 0.04375
cl4ylb4b40013356fpwidj9om 0 0.37685546875 0.830859375 0.0423828125 0.062239583333333334
cl4ylk3hu0017356fm2i4n7b1 0 0.265625 0.7720052083333333 0.04375 0.06171875
cl4ylwkya001b356fsb0smd1g 0 0.53515625 0.9447916666666667 0.0359375 0.03958333333333333
cl4ym22tv001f356f8g69lzlj 0 0.7825520833333334 0.6833333333333333 0.0536458333333333 0.0736111111111112
cl4ym9iww001j356fm9a6fais 0 0.1 0.5604166666666667 0.053125 0.058333333333333334
cl4ymgo9w001n356fkgsltgz1 0 0.23076636904761907 0.18169642857142856 0.0484375 0.04791666666666667
cl4yn37so001r356fvarvidkp 0 0.61015625 0.08255208333333333 0.03828125 0.04791666666666667
cl4yncaoh001v356fsles4wnf 0 0.43921875000000005 0.024791666666666667 0.0328125 0.03291666666666667
cl4ynjhpt001z356fqic0b1ce 0 0.5559375 0.0125 0.028749999999999963 0.025
cl4z7h6ym000b3b6fjyo49iwn 0 0.6764772727272728 0.2427840909090909 0.01875 0.027083333333333334
cl4z8adui000f3b6f9zi2ft3x 0 0.0108203125 0.50890625 0.021640625 0.04697916666666669
cl4z8hbub00033b6fmxmwacsm 0 0.28644301470588235 0.2856004901960784 0.0265625 0.03333333333333333
cl4z8hh2u00073b6f6317ib98 0 0.54375 0.37916666666666665 0.028125 0.041666666666666664
cl4z8hm9k000b3b6fuxp3lqdx 0 0.47109375 0.715625 0.0328125 0.06041666666666667
cl4z8hsbb000g3b6fvzerbblc 0 0.5319901315789474 0.4395833333333333 0.0375 0.05416666666666667
cl5nkakmt0003356f8n9jh92b 2 0.4765625 0.8625 0.021875 0.03333333333333333
