ckz3wzlij001f3867sol86pit 0 0.1025270061728395 0.21054526748971195 0.03124999999999999 0.05416666666666667
cl4sb9k3h0005356fgh2i05tl 0 0.06596186926605505 0.35980504587155965 0.0265625 0.029166666666666667
cl4sb9r0t000a356f3fr22n3k 0 0.403125 0.3076388888888889 0.0375 0.04861111111111113
cl4sb9vbv000e356fjk3h7yl0 0 0.6272017045454545 0.13390151515151513 0.0390625 0.045833333333333316
cl4sba04d000i356feuxuanko 0 0.58251953125 0.20546875 0.040625 0.04791666666666667
cl4sba4bd000l356fifxda70f 0 0.6424479166666666 0.10347222222222222 0.0338541666666667 0.0375
cl4sba9h6000p356fizta9ng7 0 0.91875 0.06979166666666667 0.03125 0.03125
cl4sbacfa000t356f0n0vwnmu 0 0.9467219716494846 0.10379080756013746 0.0328125 0.04791666666666667
cl4sbag3j000x356fg0qnddvw 0 0.66328125 0.32395833333333335 0.0296875 0.03958333333333333
cl4sbajh60011356f1nlii7qd 0 0.6679496951219512 0.378150406504065 0.021875 0.03333333333333333
cl4sbaodz0015356fso1rbddu 0 0.5758731617647059 0.43621323529411765 0.028125 0.04375
cl4sbaun20018356fdw4xbwhw 0 0.08828125 0.2598958333333333 0.04375 0.053125
cl4sbazoa001c356f4lz6t5lf 0 0.188671875 0.46197916666666666 0.03203125 0.03854166666666667
cl4sbb4jr001g356foa7q96fb 0 0.20261160714285714 0.41041666666666665 0.03263392857142859 0.0375
cl4sbb9kr001k356foz9ala52 0 0.32156250000000003 0.8672916666666667 0.04375 0.05625
cl4sbbe2n001o356fcwn1gqn6 0 0.2005859375 0.909375 0.033984375 0.0375
cl4sbbh2s001s356fijizhnbu 0 0.4747395833333334 0.9215277777777777 0.027604166666666697 0.03333333333333333
cl4sbbks3001w356fxefedoh2 0 0.63515625 0.7854166666666667 0.0453125 0.05416666666666667
cl4sbbo2u0020356fd0fnkq87 0 0.66484375 0.6768159075224293 0.0296875 0.0375
cl4sbbrv50024356ficz1v42t 0 0.74765625 0.6504960317460318 0.0265625 0.03958333333333333
cl4sbk21q0027356fftapt7ed 0 0.7309536637931034 0.4660201149425287 0.0265625 0.0375
cl4sbk6i6002b356fpuhbse8f 0 0.8001116071428571 0.47574404761904765 0.0390625 0.052083333333333336
cl4sbk8io002f356fwmcd3pjv 0 0.8452620967741936 0.35698924731182796 0.028125 0.0375
cl4sbkbh4002j356fm66s3m92 0 0.8523735119047618 0.4811706349206349 0.0296875 0.03333333333333333
cl4sbkem1002n356fxfddycqm 0 0.861545138888889 0.42129629629629634 0.0359375 0.05416666666666667
cl4sbkjoj002r356fdo9o05v6 0 0.6179853723404255 0.09443705673758866 0.0265625 0.03333333333333333
cl4sbkmhx002v356flj7vcxfm 0 0.80986328125 0.21158854166666666 0.0244140625 0.03463541666666667
cl4sbkrjg002z356fw5lbw5td 0 0.909059175531915 0.867508865248227 0.0328125 0.04583333333333333
cl4sbkvid0033356f9np159q3 0 0.9919327445652174 0.9843976449275362 0.016134510869565234 0.03120471014492748
cl4sbl2xf003b356f7apltw6o 0 0.9855078125000001 0.77453125 0.0234375 0.041666666666666664
cl4sbl6n7003f356fph1n1pui 0 0.8216748450413224 0.7320247933884297 0.028125 0.027083333333333334
cl4sbla0v003j356fq7o6brxl 0 0.8069602272727273 0.6892992424242425 0.030965909090909082 0.04375
cl4sbldor003n356fz6nw845g 0 0.876620802238806 0.5519278606965174 0.0265625 0.0375
cl4sblih1003r356fmkaegwgz 0 0.7055376838235294 0.8457414215686274 0.03125 0.04791666666666667
cl4sblncn003v356fdfwxtd52 0 0.18050595238095238 0.5635416666666667 0.028125 0.03958333333333333
cl4sbm49z003z356fg19quzbr 0 0.6375 0.6541666666666667 0.0421875 0.058333333333333334
cl4sbnp6l0043356f929tcrw6 0 0.5513262195121952 0.465625 0.034375 0.052083333333333336
cl4sbnxv00047356f8wdlcgvj 0 0.31924793956043956 0.2091346153846154 0.028125 0.041666666666666664
cl4z7h6ym000b3b6fjyo49iwn 0 0.74328125 0.1475 0.01875 0.027083333333333334
cl4z8adui000f3b6f9zi2ft3x 0 0.025875946969696972 0.4401199494949495 0.0453125 0.060164141414141406
cl4z8hbub00033b6fmxmwacsm 0 0.35253314393939394 0.19974747474747473 0.0296875 0.0375
cl4z8hh2u00073b6f6317ib98 0 0.54375 0.37916666666666665 0.028125 0.041666666666666664
cl4z8hm9k000b3b6fuxp3lqdx 0 0.47109375 0.715625 0.0328125 0.06041666666666667
cl4z8hsbb000g3b6fvzerbblc 0 0.5358368680747922 0.4395833333333333 0.0375 0.05416666666666667
cl5nkakmt0003356f8n9jh92b 2 0.4765625 0.8625 0.021875 0.03333333333333333
