ckz3wzlij001f3867sol86pit 0 0.08138020833333334 0.22193287037037035 0.03125 0.05416666666666667
cl4sb9k3h0005356fgh2i05tl 0 0.061399872448979584 0.3769132653061224 0.027327806122448978 0.03120748299319729
cl4sb9r0t000a356f3fr22n3k 0 0.41171875 0.26875 0.034375 0.05625
cl4sb9vbv000e356fjk3h7yl0 0 0.86640625 0.22916666666666666 0.0421875 0.04583333333333333
cl4sba04d000i356feuxuanko 0 0.5734375 0.21973958333333332 0.040625 0.048020833333333325
cl4sba4bd000l356fifxda70f 0 0.7166666666666666 0.2309027777777778 0.023958333333333304 0.03402777777777777
cl4sba9h6000p356fizta9ng7 0 0.97890625 0.034375 0.0296875 0.03125
cl4sbacfa000t356f0n0vwnmu 0 0.9384079391891891 0.10762950450450451 0.0328125 0.04791666666666667
cl4sbag3j000x356fg0qnddvw 0 0.66328125 0.32395833333333335 0.0296875 0.03958333333333333
cl4sbajh60011356f1nlii7qd 0 0.6613451086956521 0.3925271739130435 0.02105978260869561 0.03125
cl4sbaodz0015356fso1rbddu 0 0.5717122395833333 0.44709201388888886 0.028125 0.04375
cl4sbaun20018356fdw4xbwhw 0 0.2359375 0.14895833333333333 0.04151785714285712 0.053273809523809536
cl4sbazoa001c356f4lz6t5lf 0 0.153125 0.76375 0.028750000000000008 0.0375
cl4sbb4jr001g356foa7q96fb 0 0.2015625 0.4101814516129032 0.034375 0.03958333333333333
cl4sbb9kr001k356foz9ala52 0 0.3330528846153846 0.8603365384615385 0.04375 0.05625
cl4sbbe2n001o356fcwn1gqn6 0 0.30052083333333335 0.7440972222222222 0.0375 0.038194444444444406
cl4sbbh2s001s356fijizhnbu 0 0.4673828125 0.9575520833333333 0.040625 0.05416666666666667
cl4sbbks3001w356fxefedoh2 0 0.6103515625 0.6796875 0.030859375 0.040625
cl4sbbo2u0020356fd0fnkq87 0 0.66484375 0.675521911663216 0.0296875 0.0375
cl4sbbrv50024356ficz1v42t 0 0.7476067341549296 0.6530589788732395 0.0265625 0.03958333333333333
cl4sbk21q0027356fftapt7ed 0 0.7241071428571428 0.4784970238095238 0.026674107142857117 0.04375
cl4sbk6i6002b356fpuhbse8f 0 0.730078125 0.7208333333333333 0.03619791666666661 0.041666666666666664
cl4sbk8io002f356fwmcd3pjv 0 0.8394196428571428 0.37083333333333335 0.028125 0.0375
cl4sbkbh4002j356fm66s3m92 0 0.85390625 0.4781593406593406 0.0296875 0.03333333333333333
cl4sbkem1002n356fxfddycqm 0 0.860097287735849 0.4250786163522013 0.0359375 0.05416666666666667
cl4sbkjoj002r356fdo9o05v6 0 0.61171875 0.09586748633879781 0.0265625 0.03333333333333333
cl4sbkmhx002v356flj7vcxfm 0 0.8227678571428572 0.28913690476190473 0.025 0.032440476190476214
cl4sbkrjg002z356fw5lbw5td 0 0.8993571993670886 0.8799050632911392 0.0328125 0.04583333333333333
cl4sbkvid0033356f9np159q3 0 0.98515625 0.9954861111111112 0.0171875 0.009027777777777739
cl4sbl2xf003b356f7apltw6o 0 0.9813531839622641 0.7821540880503144 0.0234375 0.041666666666666664
cl4sbl6n7003f356fph1n1pui 0 0.8207063533057852 0.7307334710743801 0.028125 0.027083333333333334
cl4sbldor003n356fz6nw845g 0 0.8678155637254902 0.5594771241830065 0.0265625 0.0375
cl4sblih1003r356fmkaegwgz 0 0.6962823275862069 0.8492696360153257 0.03125 0.04791666666666667
cl4sblncn003v356fdfwxtd52 0 0.17260680379746834 0.563910864978903 0.028125 0.03958333333333333
cl4sbm49z003z356fg19quzbr 0 0.7029349662162162 0.32077702702702704 0.0421875 0.058333333333333334
cl4sbnp6l0043356f929tcrw6 0 0.5501829268292683 0.465625 0.034375 0.052083333333333336
cl4sbnxv00047356f8wdlcgvj 0 0.3148240546218487 0.22347689075630253 0.028125 0.041666666666666664
cl4x5svmz0003356fdijlb1j7 0 0.101171875 0.496875 0.02265625 0.03333333333333333
cl4xr03vs0003356f81sckspm 0 0.8057291666666666 0.7802083333333333 0.018749999999999913 0.022916666666666665
cl4xu8pb0000b356fd0prmlo0 0 0.049062499999999995 0.15541666666666665 0.021875 0.029166666666666667
cl4xuplh0000f356fynap0yt1 0 0.9848958333333334 0.018055555555555554 0.021875 0.02638888888888889
cl4yjcgg20003356f49v03xsc 0 0.8785714285714287 0.9907738095238094 0.0375 0.0184523809523809
cl4z7h6ym000b3b6fjyo49iwn 0 0.7276315789473684 0.16595394736842106 0.01875 0.027083333333333334
cl4z8adui000f3b6f9zi2ft3x 0 0.023748978758169937 0.45719635076252724 0.044842728758169935 0.06041666666666667
cl4z8hbub00033b6fmxmwacsm 0 0.34281506147540985 0.21164617486338796 0.0296875 0.0375
cl4z8hh2u00073b6f6317ib98 0 0.54375 0.37916666666666665 0.028125 0.041666666666666664
cl4z8hm9k000b3b6fuxp3lqdx 0 0.47109375 0.715625 0.0328125 0.06041666666666667
cl4z8hsbb000g3b6fvzerbblc 0 0.5353499394044321 0.4395833333333333 0.0375 0.05416666666666667
cl5nkakmt0003356f8n9jh92b 2 0.4765625 0.8625 0.021875 0.03333333333333333
