ckz3wzlij001f3867sol86pit 0 0.020738636363636365 0.2851325757575758 0.034375 0.05625000000000003
cl4sb9k3h0005356fgh2i05tl 0 0.05625 0.39087500000000003 0.028125 0.03333333333333333
cl4sba04d000i356feuxuanko 0 0.5425426136363637 0.2746212121212121 0.0421875 0.05625
cl4sbacfa000t356f0n0vwnmu 0 0.8962529856687897 0.11192277070063694 0.030722531847133715 0.04698779193205945
cl4sbag3j000x356fg0qnddvw 0 0.65859375 0.3416666666666667 0.0265625 0.03333333333333333
cl4sbajh60011356f1nlii7qd 0 0.6037870762711864 0.4432733050847458 0.0375 0.04375
cl4sbaodz0015356fso1rbddu 0 0.5427763526119402 0.4597597947761194 0.0359375 0.041666666666666664
cl4sbb4jr001g356foa7q96fb 0 0.19311079545454546 0.4050189393939394 0.0359375 0.04375
cl4sbb9kr001k356foz9ala52 0 0.3499289772727273 0.9420454545454545 0.0390625 0.05416666666666667
cl4sbbks3001w356fxefedoh2 0 0.0875 0.019791666666666666 0.0375 0.03958333333333333
cl4sbbo2u0020356fd0fnkq87 0 0.65859375 0.667671130952381 0.0296875 0.0375
cl4sbbrv50024356ficz1v42t 0 0.7456048576345432 0.6503898101793909 0.0265625 0.03958333333333333
cl4sbk21q0027356fftapt7ed 0 0.6346159462616823 0.5158781152647975 0.0390625 0.047916666666666725
cl4sbk8io002f356fwmcd3pjv 0 0.7825604838709678 0.4302923387096775 0.028377016129032297 0.0314180107526882
cl4sbkbh4002j356fm66s3m92 0 0.85390625 0.47868589743589746 0.0296875 0.03333333333333333
cl4sbkem1002n356fxfddycqm 0 0.8283770161290323 0.457997311827957 0.040625 0.05416666666666667
cl4sbkjoj002r356fdo9o05v6 0 0.60443115234375 0.07291666666666667 0.0265625 0.025
cl4sbkmhx002v356flj7vcxfm 0 0.83837890625 0.7680989583333333 0.0341796875 0.045572916666666664
cl4sbkrjg002z356fw5lbw5td 0 0.8544130067567568 0.9828265765765766 0.0328125 0.0343468468468469
cl4sbl2xf003b356f7apltw6o 0 0.9472579656862745 0.8332107843137255 0.0234375 0.041666666666666664
cl4sbl6n7003f356fph1n1pui 0 0.8203125 0.7260416666666667 0.028125 0.027083333333333334
cl4sbldor003n356fz6nw845g 0 0.8203336148648649 0.5916103603603603 0.0265625 0.0375
cl4sblih1003r356fmkaegwgz 0 0.6697532894736842 0.860328947368421 0.03315789473684214 0.04982456140350872
cl4sblncn003v356fdfwxtd52 0 0.1272484756097561 0.5715701219512196 0.028125 0.03958333333333333
cl4sbnp6l0043356f929tcrw6 0 0.54375 0.4635416666666667 0.034375 0.052083333333333336
cl4sbnxv00047356f8wdlcgvj 0 0.27391209112149534 0.2920073987538941 0.0359375 0.05625000000000003
cl4xuuxyo000n356f8derlp9a 0 0.36765625 0.017708333333333333 0.028437500000000025 0.03375000000000001
cl4xvx69d000r356fyv9ewcu4 0 0.09244791666666667 0.9065972222222222 0.04843750000000001 0.05902777777777774
cl4y18g4u0017356fzzyk4wss 0 0.703125 0.8222916666666666 0.046875 0.05625
cl4yl5ed5000z356fm9nkxgfo 0 0.9736895161290322 0.20684363799283154 0.025 0.04375
cl4ylb4b40013356fpwidj9om 0 0.37421875 0.8729166666666667 0.0453125 0.0625
cl4ylk3hu0017356fm2i4n7b1 0 0.27578125 0.7815972222222223 0.0453125 0.06458333333333334
cl4ylwkya001b356fsb0smd1g 0 0.5195746527777778 0.9579861111111111 0.032638888888888926 0.03958333333333333
cl4ym22tv001f356f8g69lzlj 0 0.7624289772727273 0.7242424242424242 0.0515625 0.07916666666666666
cl4ym9iww001j356fm9a6fais 0 0.06076388888888888 0.5509259259259259 0.053125 0.058333333333333334
cl4ymgo9w001n356fkgsltgz1 0 0.21423399390243905 0.1689278455284553 0.04843750000000002 0.04791666666666667
cl4yn37so001r356fvarvidkp 0 0.605859375 0.083984375 0.042578125 0.04791666666666667
cl4yncaoh001v356fsles4wnf 0 0.461328125 0.013802083333333333 0.0296875 0.0265625
cl4z7h6ym000b3b6fjyo49iwn 0 0.6784110915492958 0.24085974178403757 0.01875 0.027083333333333334
cl4z8adui000f3b6f9zi2ft3x 0 0.011679687499999999 0.51234375 0.023359374999999998 0.05385416666666672
cl4z8hbub00033b6fmxmwacsm 0 0.28846507352941175 0.28425245098039215 0.0265625 0.03333333333333333
cl4z8hh2u00073b6f6317ib98 0 0.54375 0.37916666666666665 0.028125 0.041666666666666664
cl4z8hm9k000b3b6fuxp3lqdx 0 0.47109375 0.715625 0.0328125 0.06041666666666667
cl4z8hsbb000g3b6fvzerbblc 0 0.5320615477839336 0.4395833333333333 0.0375 0.05416666666666667
cl5nkakmt0003356f8n9jh92b 2 0.4765625 0.8625 0.021875 0.03333333333333333
