ckz3wzlij001f3867sol86pit 0 0.0921875 0.21927083333333333 0.03125 0.05416666666666667
cl4sb9k3h0005356fgh2i05tl 0 0.06507310779816514 0.3669151376146789 0.0265625 0.029166666666666667
cl4sb9r0t000a356f3fr22n3k 0 0.4048295454545455 0.28986742424242423 0.03693181818181821 0.05094696969696973
cl4sb9vbv000e356fjk3h7yl0 0 0.732421875 0.15625 0.04140625 0.05
cl4sba04d000i356feuxuanko 0 0.5767857142857143 0.2150297619047619 0.040625 0.04791666666666667
cl4sba4bd000l356fifxda70f 0 0.67265625 0.17369791666666667 0.03203125 0.0421875
cl4sba9h6000p356fizta9ng7 0 0.9332465277777778 0.017592592592592594 0.0234375 0.027314814814814813
cl4sbacfa000t356f0n0vwnmu 0 0.9417284149484535 0.10512242268041237 0.0328125 0.04791666666666667
cl4sbag3j000x356fg0qnddvw 0 0.66328125 0.32395833333333335 0.0296875 0.03958333333333333
cl4sbajh60011356f1nlii7qd 0 0.6643857758620689 0.3847701149425287 0.021875 0.03333333333333333
cl4sbaodz0015356fso1rbddu 0 0.5741636029411764 0.4407720588235294 0.028125 0.04375
cl4sbaun20018356fdw4xbwhw 0 0.16136363636363638 0.23939393939393938 0.04375 0.058333333333333334
cl4sbazoa001c356f4lz6t5lf 0 0.184765625 0.5880208333333333 0.03125 0.041666666666666664
cl4sbb4jr001g356foa7q96fb 0 0.2015625 0.40892565359477123 0.034375 0.03958333333333333
cl4sbb9kr001k356foz9ala52 0 0.3255859375 0.86328125 0.04375 0.05625
cl4sbbe2n001o356fcwn1gqn6 0 0.2606770833333333 0.8302083333333333 0.03802083333333335 0.04930555555555548
cl4sbbh2s001s356fijizhnbu 0 0.4671875 0.934375 0.034375 0.05
cl4sbbks3001w356fxefedoh2 0 0.64765625 0.7356250000000001 0.0265625 0.03708333333333336
cl4sbbo2u0020356fd0fnkq87 0 0.66484375 0.676281055900621 0.0296875 0.0375
cl4sbbrv50024356ficz1v42t 0 0.74765625 0.653125 0.0265625 0.03958333333333333
cl4sbk21q0027356fftapt7ed 0 0.7275069962686567 0.47199937810945275 0.0265625 0.038899253731343286
cl4sbk6i6002b356fpuhbse8f 0 0.7833333333333334 0.5836805555555554 0.03750000000000009 0.049305555555555595
cl4sbk8io002f356fwmcd3pjv 0 0.844894366197183 0.36056338028169016 0.028125 0.0375
cl4sbkbh4002j356fm66s3m92 0 0.853296130952381 0.47871031746031745 0.0296875 0.03333333333333333
cl4sbkem1002n356fxfddycqm 0 0.8609471450617283 0.4228909465020576 0.0359375 0.05416666666666667
cl4sbkjoj002r356fdo9o05v6 0 0.6148936170212765 0.09581117021276596 0.0265625 0.03333333333333333
cl4sbkmhx002v356flj7vcxfm 0 0.8098958333333334 0.24652777777777776 0.025000000000000088 0.03333333333333333
cl4sbkrjg002z356fw5lbw5td 0 0.905967420212766 0.8757535460992908 0.0328125 0.04583333333333333
cl4sbkvid0033356f9np159q3 0 0.9921875 0.9887358757062148 0.015625 0.022528248587570587
cl4sbl2xf003b356f7apltw6o 0 0.9834128289473684 0.7784868421052631 0.0234375 0.041666666666666664
cl4sbl6n7003f356fph1n1pui 0 0.821274535123967 0.7314910468319559 0.028125 0.027083333333333334
cl4sbla0v003j356fq7o6brxl 0 0.80390625 0.8260416666666667 0.0328125 0.04375
cl4sbldor003n356fz6nw845g 0 0.8736049107142858 0.5561011904761906 0.0265625 0.0375
cl4sblih1003r356fmkaegwgz 0 0.7030073924731183 0.846875 0.03125 0.04791666666666667
cl4sblncn003v356fdfwxtd52 0 0.17589285714285713 0.5635416666666667 0.028125 0.03958333333333333
cl4sbm49z003z356fg19quzbr 0 0.6876562500000001 0.5245833333333334 0.0421875 0.058333333333333334
cl4sbnp6l0043356f929tcrw6 0 0.5508536585365854 0.465625 0.034375 0.052083333333333336
cl4sbnxv00047356f8wdlcgvj 0 0.3171349789915966 0.21885504201680675 0.028125 0.041666666666666664
cl4x5svmz0003356fdijlb1j7 0 0.045 0.6045833333333334 0.034374999999999996 0.0375
cl4xr03vs0003356f81sckspm 0 0.9216145833333333 0.8166666666666667 0.0203125 0.025
cl4xu445e0007356fnnxr83u6 0 0.986328125 0.9286458333333333 0.02265625 0.03229166666666667
cl4xu8pb0000b356fd0prmlo0 0 0.017708333333333333 0.026041666666666668 0.01875 0.02430555555555555
cl4z7h6ym000b3b6fjyo49iwn 0 0.7380756578947368 0.15652412280701755 0.01875 0.027083333333333334
cl4z8adui000f3b6f9zi2ft3x 0 0.026521381578947366 0.446984649122807 0.0453125 0.06041666666666667
cl4z8hbub00033b6fmxmwacsm 0 0.3475804004854369 0.2058050161812298 0.0296875 0.0375
cl4z8hh2u00073b6f6317ib98 0 0.54375 0.37916666666666665 0.028125 0.041666666666666664
cl4z8hm9k000b3b6fuxp3lqdx 0 0.47109375 0.715625 0.0328125 0.06041666666666667
cl4z8hsbb000g3b6fvzerbblc 0 0.5356356042243767 0.4395833333333333 0.0375 0.05416666666666667
cl5nkakmt0003356f8n9jh92b 2 0.4765625 0.8625 0.021875 0.03333333333333333
