ckz3wzlij001f3867sol86pit 0 0.050530946601941754 0.24315331715210356 0.034375 0.05625
cl4sb9k3h0005356fgh2i05tl 0 0.05625 0.3905939054726368 0.028125 0.03333333333333333
cl4sb9r0t000a356f3fr22n3k 0 0.4966796875 0.0890625 0.043359375 0.057291666666666664
cl4sba04d000i356feuxuanko 0 0.5611911525974026 0.233008658008658 0.0453125 0.05627705627705627
cl4sbacfa000t356f0n0vwnmu 0 0.91953125 0.1113514957264957 0.0328125 0.04791666666666665
cl4sbag3j000x356fg0qnddvw 0 0.66015625 0.32760416666666664 0.0265625 0.03333333333333333
cl4sbajh60011356f1nlii7qd 0 0.6525135869565217 0.43831521739130436 0.021875 0.03333333333333333
cl4sbaodz0015356fso1rbddu 0 0.5587890625 0.4479166666666667 0.032421875 0.03125
cl4sbb4jr001g356foa7q96fb 0 0.19765625 0.403125 0.0359375 0.04375
cl4sbb9kr001k356foz9ala52 0 0.306103515625 0.908984375 0.04375 0.05625
cl4sbbe2n001o356fcwn1gqn6 0 0.646875 0.13619791666666667 0.03125 0.04114583333333333
cl4sbbks3001w356fxefedoh2 0 0.36703125000000003 0.24645833333333333 0.0265625 0.032083333333333346
cl4sbbo2u0020356fd0fnkq87 0 0.662408685064935 0.6718344155844156 0.0296875 0.0375
cl4sbbrv50024356ficz1v42t 0 0.7446837844180225 0.6491617125573634 0.0265625 0.03958333333333333
cl4sbk21q0027356fftapt7ed 0 0.7111708603896104 0.5246888528138528 0.03699269480519476 0.04791666666666667
cl4sbk8io002f356fwmcd3pjv 0 0.8010881696428571 0.38999255952380957 0.0390625 0.04583333333333333
cl4sbkbh4002j356fm66s3m92 0 0.8547115384615385 0.47815705128205127 0.0296875 0.03333333333333333
cl4sbkem1002n356fxfddycqm 0 0.8453125 0.43693181818181814 0.040625 0.05416666666666667
cl4sbkjoj002r356fdo9o05v6 0 0.6104940878378378 0.07663288288288288 0.0265625 0.025
cl4sbkmhx002v356flj7vcxfm 0 0.8280468750000001 0.5271875 0.025156250000000036 0.03145833333333338
cl4sbkrjg002z356fw5lbw5td 0 0.8902874228395061 0.9288837448559671 0.0328125 0.04583333333333333
cl4sbl2xf003b356f7apltw6o 0 0.9752047936893204 0.7890372168284789 0.0234375 0.041666666666666664
cl4sbl6n7003f356fph1n1pui 0 0.8203125 0.7260416666666667 0.028125 0.027083333333333334
cl4sbldor003n356fz6nw845g 0 0.8447574013157896 0.5762883771929824 0.0265625 0.0375
cl4sblih1003r356fmkaegwgz 0 0.7010690789473684 0.853125 0.03125 0.04791666666666667
cl4sblncn003v356fdfwxtd52 0 0.15481681034482758 0.565625 0.028125 0.03958333333333333
cl4sbnp6l0043356f929tcrw6 0 0.5452823992994746 0.4635416666666667 0.034375 0.052083333333333336
cl4sbnxv00047356f8wdlcgvj 0 0.30023652522935784 0.24760129969418956 0.0359375 0.056249999999999974
cl4x5svmz0003356fdijlb1j7 0 0.5940104166666667 0.49756944444444445 0.0234375 0.027083333333333334
cl4xuuxyo000n356f8derlp9a 0 0.59609375 0.378125 0.04322916666666661 0.05763888888888893
cl4xvx69d000r356fyv9ewcu4 0 0.60703125 0.81875 0.0421875 0.04583333333333333
cl4xvz0yd000v356fqpmftpn7 0 0.96015625 0.7752083333333334 0.03843749999999986 0.05375000000000003
cl4xzgx0l000z356fdbvx7scy 0 0.9421875 0.6963541666666667 0.028125 0.035416666666666666
cl4y18g4u0017356fzzyk4wss 0 0.2881076388888889 0.6964120370370371 0.0484375 0.05995370370370369
cl4yjvzjp000f356fza9vdddz 0 0.8708984375 0.45260416666666664 0.0234375 0.03125
cl4ykemum000n356fyzopq0xp 0 0.19661458333333334 0.06296296296296296 0.04687500000000002 0.07083333333333333
cl4z7h6ym000b3b6fjyo49iwn 0 0.7146059782608696 0.1961503623188406 0.01875 0.027083333333333334
cl4z8adui000f3b6f9zi2ft3x 0 0.01865717821782178 0.49179042904290426 0.03731435643564356 0.06641914191419142
cl4z8hbub00033b6fmxmwacsm 0 0.3286044034090909 0.24560842803030303 0.02844460227272725 0.032930871212121224
cl4z8hh2u00073b6f6317ib98 0 0.54375 0.37916666666666665 0.028125 0.041666666666666664
cl4z8hm9k000b3b6fuxp3lqdx 0 0.47109375 0.715625 0.0328125 0.06041666666666667
cl4z8hsbb000g3b6fvzerbblc 0 0.5335905038088643 0.4395833333333333 0.0375 0.05416666666666667
cl5nkakmt0003356f8n9jh92b 2 0.4765625 0.8625 0.021875 0.03333333333333333
