ckz3wzlij001f3867sol86pit 0 0.03442887931034483 0.2618175287356322 0.034375 0.05625000000000003
cl4sb9k3h0005356fgh2i05tl 0 0.05625 0.39000378787878787 0.028125 0.03333333333333333
cl4sb9r0t000a356f3fr22n3k 0 0.52275390625 0.036328125 0.040625 0.05625
cl4sba04d000i356feuxuanko 0 0.54765625 0.26368055555555553 0.0421875 0.05625
cl4sbacfa000t356f0n0vwnmu 0 0.9045488911290323 0.1090893817204301 0.0328125 0.04791666666666667
cl4sbag3j000x356fg0qnddvw 0 0.66015625 0.3335597826086956 0.0265625 0.03333333333333333
cl4sbajh60011356f1nlii7qd 0 0.6262228260869566 0.4588315217391304 0.0375 0.04375
cl4sbaodz0015356fso1rbddu 0 0.5441173041044777 0.45707789179104474 0.0359375 0.041666666666666664
cl4sbb4jr001g356foa7q96fb 0 0.19572482638888888 0.403125 0.0359375 0.04375
cl4sbb9kr001k356foz9ala52 0 0.31032072368421054 0.8908442982456141 0.0453125 0.06041666666666667
cl4sbbks3001w356fxefedoh2 0 0.22046875 0.08729166666666667 0.02531249999999998 0.037916666666666675
cl4sbbo2u0020356fd0fnkq87 0 0.6597604166666666 0.6703055555555556 0.0296875 0.0375
cl4sbbrv50024356ficz1v42t 0 0.7451550766583229 0.6497901022110972 0.0265625 0.03958333333333333
cl4sbk21q0027356fftapt7ed 0 0.6745442708333333 0.5426649305555556 0.0390625 0.047916666666666725
cl4sbk8io002f356fwmcd3pjv 0 0.792578125 0.4083333333333333 0.03125 0.03333333333333333
cl4sbkbh4002j356fm66s3m92 0 0.85390625 0.47715277777777776 0.0296875 0.029305555555555547
cl4sbkem1002n356fxfddycqm 0 0.8416421979865772 0.44937080536912755 0.040625 0.05416666666666667
cl4sbkjoj002r356fdo9o05v6 0 0.6076869419642856 0.07291666666666667 0.0265625 0.025
cl4sbkmhx002v356flj7vcxfm 0 0.8375 0.671875 0.034375 0.04583333333333333
cl4sbkrjg002z356fw5lbw5td 0 0.8661317567567568 0.963063063063063 0.0328125 0.04583333333333333
cl4sbl2xf003b356f7apltw6o 0 0.9587139423076924 0.8142628205128205 0.0234375 0.041666666666666664
cl4sbl6n7003f356fph1n1pui 0 0.8203125 0.7260416666666667 0.028125 0.027083333333333334
cl4sbldor003n356fz6nw845g 0 0.8352764423076924 0.5791666666666667 0.0265625 0.0375
cl4sblih1003r356fmkaegwgz 0 0.6807738095238095 0.8574503968253969 0.03125 0.04791666666666667
cl4sblncn003v356fdfwxtd52 0 0.13787849378881986 0.567190734989648 0.028125 0.03958333333333333
cl4sbnp6l0043356f929tcrw6 0 0.5439634413309983 0.4635416666666667 0.034375 0.052083333333333336
cl4sbnxv00047356f8wdlcgvj 0 0.28455810546875 0.27154947916666666 0.0359375 0.05625
cl4x5svmz0003356fdijlb1j7 0 0.79609375 0.4201388888888889 0.021875 0.027083333333333334
cl4xuuxyo000n356f8derlp9a 0 0.4653645833333334 0.1642361111111111 0.034895833333333307 0.04375
cl4xvx69d000r356fyv9ewcu4 0 0.29609375 0.6197916666666666 0.0453125 0.052083333333333336
cl4xzgx0l000z356fdbvx7scy 0 0.8552083333333333 0.9572916666666667 0.025 0.035416666666666666
cl4y18g4u0017356fzzyk4wss 0 0.4967633928571429 0.674702380952381 0.043080357142857115 0.04702380952380961
cl4yjvzjp000f356fza9vdddz 0 0.8296875 0.7864583333333334 0.028125 0.03958333333333333
cl4yl5ed5000z356fm9nkxgfo 0 0.9859765625 0.19260416666666666 0.021875 0.04375
cl4ylk3hu0017356fm2i4n7b1 0 0.31437499999999996 0.973125 0.046875 0.05375000000000003
cl4ymgo9w001n356fkgsltgz1 0 0.02087823275862069 0.025897988505747125 0.03561422413793104 0.043606321839080454
cl4yn37so001r356fvarvidkp 0 0.527734375 0.007291666666666667 0.03359375 0.014583333333333334
cl4z7h6ym000b3b6fjyo49iwn 0 0.6951171875 0.22005208333333334 0.01875 0.027083333333333334
cl4z8adui000f3b6f9zi2ft3x 0 0.014147586633663367 0.5024339933993399 0.028295173267326734 0.05763201320132012
cl4z8hbub00033b6fmxmwacsm 0 0.3105293843283582 0.26825248756218906 0.0265625 0.03333333333333333
cl4z8hh2u00073b6f6317ib98 0 0.54375 0.37916666666666665 0.028125 0.041666666666666664
cl4z8hm9k000b3b6fuxp3lqdx 0 0.47109375 0.715625 0.0328125 0.06041666666666667
cl4z8hsbb000g3b6fvzerbblc 0 0.5328081717451523 0.4395833333333333 0.0375 0.05416666666666667
cl5nkakmt0003356f8n9jh92b 2 0.4765625 0.8625 0.021875 0.03333333333333333
