ckz3wzlij001f3867sol86pit 0 0.0564453125 0.2374314692982456 0.03418996710526316 0.05600328947368422
cl4sb9k3h0005356fgh2i05tl 0 0.055463957055214716 0.39305981595092027 0.028124999999999994 0.03333333333333333
cl4sb9r0t000a356f3fr22n3k 0 0.4595128676470589 0.1645220588235294 0.04678308823529411 0.058455882352941184
cl4sba04d000i356feuxuanko 0 0.5652449324324325 0.2260135135135135 0.04451013513513517 0.052027027027027016
cl4sba4bd000l356fifxda70f 0 0.95234375 0.45 0.034895833333333216 0.04722222222222226
cl4sbacfa000t356f0n0vwnmu 0 0.9258171695402299 0.11145833333333334 0.0328125 0.04791666666666667
cl4sbag3j000x356fg0qnddvw 0 0.6605638586956522 0.32395833333333335 0.0296875 0.03958333333333333
cl4sbajh60011356f1nlii7qd 0 0.6578125 0.4315814393939394 0.021875 0.03333333333333333
cl4sbaodz0015356fso1rbddu 0 0.558856745049505 0.4606229372937294 0.028125 0.04375
cl4sbb4jr001g356foa7q96fb 0 0.19856026785714284 0.4039285714285714 0.0359375 0.04375
cl4sbb9kr001k356foz9ala52 0 0.3334201388888889 0.9185185185185186 0.04253472222222223 0.054629629629629646
cl4sbbe2n001o356fcwn1gqn6 0 0.45218749999999996 0.3610416666666667 0.026250000000000016 0.0379166666666667
cl4sbbks3001w356fxefedoh2 0 0.47109375 0.4083333333333333 0.0421875 0.058333333333333334
cl4sbbo2u0020356fd0fnkq87 0 0.6642857142857144 0.6726686507936509 0.0296875 0.0375
cl4sbbrv50024356ficz1v42t 0 0.7454158399470899 0.65013778659612 0.0265625 0.03958333333333333
cl4sbk21q0027356fftapt7ed 0 0.7200407608695653 0.511820652173913 0.034375 0.04791666666666667
cl4sbk8io002f356fwmcd3pjv 0 0.8103271484375 0.3968424479166667 0.028173828125 0.03795572916666667
cl4sbkbh4002j356fm66s3m92 0 0.8524544783464567 0.4809547244094488 0.0296875 0.03333333333333333
cl4sbkem1002n356fxfddycqm 0 0.8548120471014492 0.4266908212560387 0.03783967391304355 0.05416666666666667
cl4sbkjoj002r356fdo9o05v6 0 0.61171875 0.09250886524822695 0.0265625 0.03333333333333333
cl4sbkmhx002v356flj7vcxfm 0 0.83328125 0.45083333333333336 0.0203125 0.029166666666666667
cl4sbkrjg002z356fw5lbw5td 0 0.90078125 0.9154367469879519 0.0328125 0.04583333333333333
cl4sbl2xf003b356f7apltw6o 0 0.9776207890070922 0.7887263593380615 0.0234375 0.041666666666666664
cl4sbl6n7003f356fph1n1pui 0 0.8203125 0.7269541556728232 0.028125 0.027083333333333334
cl4sbldor003n356fz6nw845g 0 0.85595703125 0.572265625 0.0265625 0.0375
cl4sblih1003r356fmkaegwgz 0 0.6978125000000001 0.8510416666666667 0.03125 0.04791666666666667
cl4sblncn003v356fdfwxtd52 0 0.15974462365591396 0.565625 0.028125 0.03958333333333333
cl4sbnp6l0043356f929tcrw6 0 0.546294877408056 0.4635416666666667 0.034375 0.052083333333333336
cl4sbnxv00047356f8wdlcgvj 0 0.3075843473451328 0.24160213864306784 0.036490597345132735 0.05625
cl4x5svmz0003356fdijlb1j7 0 0.4396484375 0.46901041666666665 0.045703125 0.05572916666666667
cl4xr03vs0003356f81sckspm 0 0.71640625 0.2171875 0.01875 0.025
cl4xuuxyo000n356f8derlp9a 0 0.7356770833333334 0.5868055555555556 0.043229166666666693 0.058333333333333334
cl4xvx69d000r356fyv9ewcu4 0 0.8625 0.915625 0.04375 0.05625
cl4xzgx0l000z356fdbvx7scy 0 0.9642857142857142 0.459375 0.028125 0.03898809523809525
cl4y0u4f00013356f4rj5r02e 0 0.16458333333333333 0.9069444444444444 0.040625 0.05
cl4y18g4u0017356fzzyk4wss 0 0.15412946428571428 0.8885416666666667 0.04620535714285714 0.05625
cl4yjhzoy0007356fn1bc4uw6 0 0.03979166666666667 0.09368055555555556 0.046875 0.060416666666666674
cl4yjn0pu000b356frte1icdf 0 0.14713541666666669 0.9590277777777778 0.0421875 0.05486111111111107
cl4yjvzjp000f356fza9vdddz 0 0.98859375 0.27749999999999997 0.022812500000000034 0.03916666666666666
cl4ykemum000n356fyzopq0xp 0 0.08861607142857143 0.39791666666666664 0.04598214285714286 0.07083333333333333
cl4z7h6ym000b3b6fjyo49iwn 0 0.7143229166666667 0.18229166666666666 0.01875 0.027083333333333334
cl4z8adui000f3b6f9zi2ft3x 0 0.021002435064935064 0.4824134199134199 0.04200487012987013 0.06066017316017316
cl4z8hbub00033b6fmxmwacsm 0 0.3372103230337079 0.23476123595505619 0.0296875 0.0375
cl4z8hh2u00073b6f6317ib98 0 0.54375 0.37916666666666665 0.028125 0.041666666666666664
cl4z8hm9k000b3b6fuxp3lqdx 0 0.47109375 0.715625 0.0328125 0.06041666666666667
cl4z8hsbb000g3b6fvzerbblc 0 0.5341910491689751 0.4395833333333333 0.0375 0.05416666666666667
cl5nkakmt0003356f8n9jh92b 2 0.4765625 0.8625 0.021875 0.03333333333333333
