ckz3wzlij001f3867sol86pit 0 0.01299342105263158 0.2940241228070175 0.02598684210526316 0.056249999999999974
cl4sb9k3h0005356fgh2i05tl 0 0.05625 0.3916022727272727 0.028125 0.03333333333333333
cl4sba04d000i356feuxuanko 0 0.5272378177966102 0.2781603107344633 0.0421875 0.05625
cl4sbacfa000t356f0n0vwnmu 0 0.8887499999999999 0.11083333333333334 0.028125 0.041666666666666664
cl4sbag3j000x356fg0qnddvw 0 0.6573784722222222 0.34375 0.0265625 0.03333333333333333
cl4sbajh60011356f1nlii7qd 0 0.5855902777777777 0.4017361111111111 0.0375 0.04375
cl4sbaodz0015356fso1rbddu 0 0.5416569496268656 0.4619986007462687 0.0359375 0.041666666666666664
cl4sbb4jr001g356foa7q96fb 0 0.19401041666666666 0.40729166666666666 0.035937499999999976 0.04375
cl4sbbo2u0020356fd0fnkq87 0 0.6591264204545454 0.6673768939393939 0.0296875 0.0375
cl4sbbrv50024356ficz1v42t 0 0.7459803269712141 0.6508904359616188 0.0265625 0.03958333333333333
cl4sbk21q0027356fftapt7ed 0 0.5965473790322581 0.474260752688172 0.0390625 0.047311827956989266
cl4sbk8io002f356fwmcd3pjv 0 0.7775892857142856 0.4395833333333333 0.03125 0.03333333333333333
cl4sbkbh4002j356fm66s3m92 0 0.85546875 0.48125 0.0296875 0.03333333333333333
cl4sbkem1002n356fxfddycqm 0 0.8231009615384615 0.4696474358974359 0.040625 0.05416666666666667
cl4sbkjoj002r356fdo9o05v6 0 0.60078125 0.075 0.0265625 0.025
cl4sbkmhx002v356flj7vcxfm 0 0.8330729166666668 0.8541666666666666 0.021354166666666608 0.027777777777777856
cl4sbl2xf003b356f7apltw6o 0 0.9372961956521738 0.8467617753623189 0.0234375 0.041666666666666664
cl4sbl6n7003f356fph1n1pui 0 0.8203125 0.7260416666666667 0.028125 0.027083333333333334
cl4sbldor003n356fz6nw845g 0 0.81328125 0.61328125 0.0265625 0.0375
cl4sblih1003r356fmkaegwgz 0 0.653125 0.8583333333333333 0.0375 0.05416666666666667
cl4sblncn003v356fdfwxtd52 0 0.1085205078125 0.578125 0.028125 0.03958333333333333
cl4sbnp6l0043356f929tcrw6 0 0.54375 0.4635416666666667 0.034375 0.052083333333333336
cl4sbnxv00047356f8wdlcgvj 0 0.25915625000000003 0.30979166666666663 0.0359375 0.05625
cl4y18g4u0017356fzzyk4wss 0 0.884375 0.9614583333333333 0.0375 0.04375
cl4yl5ed5000z356fm9nkxgfo 0 0.9640625 0.21707175925925926 0.025 0.04375
cl4ylb4b40013356fpwidj9om 0 0.39599609375 0.5260416666666666 0.0466796875 0.0625
cl4ylk3hu0017356fm2i4n7b1 0 0.113671875 0.703125 0.04453125 0.058333333333333334
cl4ylwkya001b356fsb0smd1g 0 0.6420312499999999 0.8147916666666667 0.0359375 0.03958333333333333
cl4ym22tv001f356f8g69lzlj 0 0.88046875 0.34791666666666665 0.0484375 0.06666666666666667
cl4ym9iww001j356fm9a6fais 0 0.31640625 0.39791666666666664 0.0421875 0.05
cl4ymgo9w001n356fkgsltgz1 0 0.3703125 0.32256944444444446 0.04375 0.04791666666666667
cl4yn37so001r356fvarvidkp 0 0.6617897727272728 0.1347537878787879 0.046875 0.056250000000000015
cl4yncaoh001v356fsles4wnf 0 0.3372767857142857 0.14434523809523808 0.025 0.04107142857142856
cl4ynkuw10023356fct2gneak 0 0.978515625 0.18854166666666666 0.03046875 0.034375
cl4z7h6ym000b3b6fjyo49iwn 0 0.6625 0.26023284313725487 0.01875 0.027083333333333334
cl4z8adui000f3b6f9zi2ft3x 0 0.0078125 0.510915798611111 0.015625 0.0406684027777778
cl4z8hbub00033b6fmxmwacsm 0 0.27578125 0.29583333333333334 0.0265625 0.03333333333333333
cl4z8hh2u00073b6f6317ib98 0 0.54375 0.37916666666666665 0.028125 0.041666666666666664
cl4z8hm9k000b3b6fuxp3lqdx 0 0.47109375 0.715625 0.0328125 0.06041666666666667
cl4z8hsbb000g3b6fvzerbblc 0 0.5314382790858725 0.4395833333333333 0.0375 0.05416666666666667
cl5nkakmt0003356f8n9jh92b 2 0.4765625 0.8625 0.021875 0.03333333333333333
cl5nkcpqw0007356f73nxjnf2 0 0.7609375 0.8895833333333333 0.040625 0.0625
cl5nlv2jt000k356fr4ghyucl 0 0.12144097222222223 0.13229166666666667 0.0359375 0.04699074074074073
