ckz3wzlij001f3867sol86pit 0 0.02116477272727273 0.2838068181818182 0.034375 0.056249999999999974
cl4sb9k3h0005356fgh2i05tl 0 0.05625 0.3908371212121212 0.028125 0.03333333333333333
cl4sba04d000i356feuxuanko 0 0.5439630681818182 0.2741477272727273 0.0421875 0.05625
cl4sbacfa000t356f0n0vwnmu 0 0.8968998805732484 0.11185642250530785 0.031021098726114714 0.04712048832271762
cl4sbag3j000x356fg0qnddvw 0 0.65859375 0.34118217054263567 0.0265625 0.03333333333333333
cl4sbajh60011356f1nlii7qd 0 0.604051906779661 0.4443326271186441 0.0375 0.04375
cl4sbaodz0015356fso1rbddu 0 0.5428346548507463 0.4596431902985075 0.0359375 0.041666666666666664
cl4sbb4jr001g356foa7q96fb 0 0.19322916666666665 0.4048611111111111 0.035937499999999976 0.04375
cl4sbb9kr001k356foz9ala52 0 0.34713541666666664 0.935763888888889 0.0390625 0.05416666666666667
cl4sbbks3001w356fxefedoh2 0 0.08880208333333332 0.02847222222222222 0.03802083333333334 0.04861111111111111
cl4sbbo2u0020356fd0fnkq87 0 0.65859375 0.6677331349206349 0.0296875 0.0375
cl4sbbrv50024356ficz1v42t 0 0.7455853019399249 0.6503637359198998 0.0265625 0.03958333333333333
cl4sbk21q0027356fftapt7ed 0 0.6365143107476635 0.5172410436137072 0.0390625 0.04791666666666667
cl4sbk8io002f356fwmcd3pjv 0 0.7828125 0.42923177083333336 0.0291015625 0.031901041666666664
cl4sbkbh4002j356fm66s3m92 0 0.85390625 0.4785326086956522 0.0296875 0.03333333333333333
cl4sbkem1002n356fxfddycqm 0 0.8287130376344086 0.45754928315412186 0.040625 0.05416666666666667
cl4sbkjoj002r356fdo9o05v6 0 0.60455322265625 0.07291666666666667 0.0265625 0.025
cl4sbkmhx002v356flj7vcxfm 0 0.8441761363636363 0.7534090909090909 0.034375 0.03901515151515156
cl4sbkrjg002z356fw5lbw5td 0 0.8552576013513514 0.9819819819819819 0.0328125 0.03603603603603602
cl4sbl2xf003b356f7apltw6o 0 0.9478707107843137 0.8325980392156862 0.0234375 0.041666666666666664
cl4sbl6n7003f356fph1n1pui 0 0.8203125 0.7260416666666667 0.028125 0.027083333333333334
cl4sbldor003n356fz6nw845g 0 0.8207559121621621 0.5904842342342342 0.0265625 0.0375
cl4sblih1003r356fmkaegwgz 0 0.6715625 0.86 0.032500000000000015 0.04916666666666671
cl4sblncn003v356fdfwxtd52 0 0.12770579268292684 0.5713668699186992 0.028125 0.03958333333333333
cl4sbnp6l0043356f929tcrw6 0 0.54375 0.4635416666666667 0.034375 0.052083333333333336
cl4sbnxv00047356f8wdlcgvj 0 0.2747882593457944 0.29103387850467294 0.0359375 0.05625000000000003
cl4xuuxyo000n356f8derlp9a 0 0.3822544642857143 0.02321428571428571 0.0265625 0.03214285714285715
cl4xvx69d000r356fyv9ewcu4 0 0.09241071428571428 0.8818452380952382 0.047767857142857154 0.058928571428571414
cl4y18g4u0017356fzzyk4wss 0 0.6953125 0.8176041666666667 0.046875 0.05625
cl4yl5ed5000z356fm9nkxgfo 0 0.9741935483870968 0.2059475806451613 0.025 0.04375
cl4ylb4b40013356fpwidj9om 0 0.38359375 0.8895833333333333 0.0421875 0.0625
cl4ylk3hu0017356fm2i4n7b1 0 0.29386160714285714 0.7855654761904761 0.0457589285714286 0.06458333333333334
cl4ylwkya001b356fsb0smd1g 0 0.5121961805555555 0.9649305555555556 0.03090277777777777 0.03958333333333333
cl4ym22tv001f356f8g69lzlj 0 0.7578125 0.7395833333333334 0.0515625 0.07916666666666666
cl4ym9iww001j356fm9a6fais 0 0.04652777777777778 0.5555555555555556 0.053125 0.05833333333333339
cl4ymgo9w001n356fkgsltgz1 0 0.20661204268292682 0.16333841463414636 0.04843749999999998 0.04791666666666667
cl4yn37so001r356fvarvidkp 0 0.600390625 0.0875 0.04296875 0.05
cl4yncaoh001v356fsles4wnf 0 0.4728125 0.021666666666666664 0.028750000000000053 0.0375
cl4z7h6ym000b3b6fjyo49iwn 0 0.6792913732394366 0.2399794600938967 0.01875 0.027083333333333334
cl4z8adui000f3b6f9zi2ft3x 0 0.011931818181818182 0.5119318181818182 0.023863636363636365 0.054166666666666724
cl4z8hbub00033b6fmxmwacsm 0 0.28938419117647063 0.28363970588235293 0.0265625 0.03333333333333333
cl4z8hh2u00073b6f6317ib98 0 0.54375 0.37916666666666665 0.028125 0.041666666666666664
cl4z8hm9k000b3b6fuxp3lqdx 0 0.47109375 0.715625 0.0328125 0.06041666666666667
cl4z8hsbb000g3b6fvzerbblc 0 0.5320940096952909 0.4395833333333333 0.0375 0.05416666666666667
cl5nkakmt0003356f8n9jh92b 2 0.4765625 0.8625 0.021875 0.03333333333333333
