ckz3wzlij001f3867sol86pit 0 0.0125 0.29270833333333335 0.025 0.05625
cl4sb9k3h0005356fgh2i05tl 0 0.05625 0.3915113636363637 0.028125 0.03333333333333333
cl4sba04d000i356feuxuanko 0 0.5283328555045872 0.27768539755351684 0.0421875 0.05625
cl4sbacfa000t356f0n0vwnmu 0 0.8878125000000001 0.11208333333333333 0.028125 0.041666666666666664
cl4sbag3j000x356fg0qnddvw 0 0.6577327806122449 0.34375 0.0265625 0.03333333333333333
cl4sbajh60011356f1nlii7qd 0 0.5859375 0.406625 0.0375 0.04375
cl4sbaodz0015356fso1rbddu 0 0.541796875 0.46171875 0.0359375 0.041666666666666664
cl4sbb4jr001g356foa7q96fb 0 0.19364276960784316 0.40729166666666666 0.0359375 0.04375
cl4sbb9kr001k356foz9ala52 0 0.3578125 0.990234375 0.0375 0.01953125
cl4sbbks3001w356fxefedoh2 0 0.00703125 0.09409722222222223 0.0140625 0.03819444444444445
cl4sbbo2u0020356fd0fnkq87 0 0.6587002840909091 0.6668087121212121 0.0296875 0.0375
cl4sbbrv50024356ficz1v42t 0 0.7459333933041302 0.6508278577388402 0.0265625 0.03958333333333333
cl4sbk21q0027356fftapt7ed 0 0.6001764112903226 0.4766801075268817 0.0390625 0.04247311827956987
cl4sbk8io002f356fwmcd3pjv 0 0.778125 0.43920454545454546 0.03125 0.03333333333333333
cl4sbkbh4002j356fm66s3m92 0 0.85546875 0.48125 0.0296875 0.03333333333333333
cl4sbkem1002n356fxfddycqm 0 0.8243861607142857 0.46811755952380957 0.040625 0.05416666666666667
cl4sbkjoj002r356fdo9o05v6 0 0.60078125 0.075 0.0265625 0.025
cl4sbkmhx002v356flj7vcxfm 0 0.83375 0.8391666666666667 0.025 0.03833333333333329
cl4sbkrjg002z356fw5lbw5td 0 0.8432154605263158 0.9925438596491228 0.030180921052631503 0.014912280701754337
cl4sbl2xf003b356f7apltw6o 0 0.9381114130434783 0.8451313405797102 0.0234375 0.041666666666666664
cl4sbl6n7003f356fph1n1pui 0 0.8203125 0.7260416666666667 0.028125 0.027083333333333334
cl4sbldor003n356fz6nw845g 0 0.8120863970588236 0.6088235294117648 0.0265625 0.0375
cl4sblih1003r356fmkaegwgz 0 0.6532151442307692 0.8584134615384615 0.0375 0.05416666666666667
cl4sblncn003v356fdfwxtd52 0 0.1088134765625 0.578125 0.028125 0.03958333333333333
cl4sbnp6l0043356f929tcrw6 0 0.54375 0.4635416666666667 0.034375 0.052083333333333336
cl4sbnxv00047356f8wdlcgvj 0 0.25965625000000003 0.30645833333333333 0.0359375 0.05625
cl4y18g4u0017356fzzyk4wss 0 0.865625 0.931712962962963 0.027777777777777856 0.041666666666666664
cl4yl5ed5000z356fm9nkxgfo 0 0.9640625 0.21568287037037034 0.025 0.04375
cl4ylb4b40013356fpwidj9om 0 0.3966145833333333 0.575 0.04531249999999996 0.0625
cl4ylk3hu0017356fm2i4n7b1 0 0.13973214285714286 0.7130952380952381 0.04955357142857144 0.058333333333333334
cl4ylwkya001b356fsb0smd1g 0 0.626171875 0.8255208333333334 0.0359375 0.03958333333333333
cl4ym22tv001f356f8g69lzlj 0 0.8638020833333334 0.39791666666666664 0.0484375 0.06666666666666667
cl4ym9iww001j356fm9a6fais 0 0.29140625 0.43854166666666666 0.0453125 0.06041666666666667
cl4ymgo9w001n356fkgsltgz1 0 0.35184659090909093 0.29820075757575754 0.04375 0.04791666666666667
cl4yn37so001r356fvarvidkp 0 0.6484375 0.14166666666666666 0.046875 0.04583333333333333
cl4yncaoh001v356fsles4wnf 0 0.3417279411764706 0.10943627450980392 0.026470588235294114 0.035294117647058816
cl4ynkuw10023356fct2gneak 0 0.9803125000000001 0.163125 0.027500000000000035 0.04458333333333334
cl4z7h6ym000b3b6fjyo49iwn 0 0.6635775862068966 0.2579382183908046 0.01875 0.027083333333333362
cl4z8adui000f3b6f9zi2ft3x 0 0.0078125 0.5103962418300654 0.015625 0.041707516339869306
cl4z8hbub00033b6fmxmwacsm 0 0.2766335227272727 0.29469696969696973 0.0265625 0.03333333333333333
cl4z8hh2u00073b6f6317ib98 0 0.54375 0.37916666666666665 0.028125 0.041666666666666664
cl4z8hm9k000b3b6fuxp3lqdx 0 0.47109375 0.715625 0.0328125 0.06041666666666667
cl4z8hsbb000g3b6fvzerbblc 0 0.5315161876731301 0.4395833333333333 0.0375 0.05416666666666667
cl5nkakmt0003356f8n9jh92b 2 0.4765625 0.8625 0.021875 0.03333333333333333
cl5nkcpqw0007356f73nxjnf2 0 0.7540625000000001 0.9389583333333333 0.040625 0.052083333333333336
cl5nlv2jt000k356fr4ghyucl 0 0.0925 0.12729166666666666 0.04 0.055416666666666684
