ckz3wzlij001f3867sol86pit 0 0.08458614864864863 0.21875 0.03124999999999999 0.05416666666666667
cl4sb9k3h0005356fgh2i05tl 0 0.06364795918367347 0.3715844671201814 0.026828231292517 0.029875283446711975
cl4sb9r0t000a356f3fr22n3k 0 0.41875 0.28770833333333334 0.03562499999999993 0.05458333333333331
cl4sb9vbv000e356fjk3h7yl0 0 0.7962713068181818 0.18636363636363637 0.043252840909091005 0.04791666666666667
cl4sba04d000i356feuxuanko 0 0.5747434701492538 0.2174440298507463 0.040625 0.04912935323383083
cl4sba4bd000l356fifxda70f 0 0.6893229166666666 0.20451388888888886 0.030729166666666696 0.0326388888888889
cl4sba9h6000p356fizta9ng7 0 0.9565104166666666 0.02777777777777778 0.0234375 0.027777777777777776
cl4sbacfa000t356f0n0vwnmu 0 0.9399238782051282 0.1061965811965812 0.0328125 0.04791666666666667
cl4sbag3j000x356fg0qnddvw 0 0.66328125 0.32395833333333335 0.0296875 0.03958333333333333
cl4sbajh60011356f1nlii7qd 0 0.6626953125 0.38723958333333336 0.020963541666666606 0.032118055555555594
cl4sbaodz0015356fso1rbddu 0 0.5730330882352941 0.44378676470588235 0.028125 0.04375
cl4sbaun20018356fdw4xbwhw 0 0.1921875 0.203125 0.04375 0.06041666666666667
cl4sbazoa001c356f4lz6t5lf 0 0.16808035714285713 0.6623511904761905 0.02991071428571428 0.04375
cl4sbb4jr001g356foa7q96fb 0 0.2015625 0.41123431899641577 0.034375 0.03958333333333333
cl4sbb9kr001k356foz9ala52 0 0.3282894736842105 0.8524122807017543 0.04375 0.05625
cl4sbbe2n001o356fcwn1gqn6 0 0.29614583333333333 0.7783333333333334 0.0375 0.0375
cl4sbbh2s001s356fijizhnbu 0 0.4703125 0.9493634259259259 0.0375 0.051273148148148096
cl4sbbks3001w356fxefedoh2 0 0.6543749999999999 0.7079166666666665 0.03875000000000002 0.05249999999999998
cl4sbbo2u0020356fd0fnkq87 0 0.66484375 0.6759273636991028 0.0296875 0.0375
cl4sbbrv50024356ficz1v42t 0 0.74765625 0.653125 0.0265625 0.03958333333333333
cl4sbk21q0027356fftapt7ed 0 0.723682369402985 0.4751865671641791 0.0265625 0.04272388059701496
cl4sbk6i6002b356fpuhbse8f 0 0.7615767045454546 0.6462121212121211 0.0359375 0.046212121212121225
cl4sbk8io002f356fwmcd3pjv 0 0.8439920774647888 0.3653755868544601 0.028125 0.0375
cl4sbkbh4002j356fm66s3m92 0 0.85390625 0.47708333333333336 0.0296875 0.03333333333333333
cl4sbkem1002n356fxfddycqm 0 0.8605516975308642 0.42394547325102877 0.0359375 0.05416666666666667
cl4sbkjoj002r356fdo9o05v6 0 0.6133731617647059 0.09583333333333334 0.0265625 0.03333333333333333
cl4sbkmhx002v356flj7vcxfm 0 0.8140625 0.26979166666666665 0.025 0.03125
cl4sbkrjg002z356fw5lbw5td 0 0.9027398767605634 0.8779929577464789 0.0328125 0.04583333333333333
cl4sbkvid0033356f9np159q3 0 0.9872098214285714 0.9913392857142858 0.0171875 0.01732142857142852
cl4sbl2xf003b356f7apltw6o 0 0.9820641447368421 0.7811842105263158 0.0234375 0.041666666666666664
cl4sbl6n7003f356fph1n1pui 0 0.8210098140495867 0.731138085399449 0.028125 0.027083333333333334
cl4sbla0v003j356fq7o6brxl 0 0.7906709558823529 0.9177083333333333 0.0328125 0.04375
cl4sbldor003n356fz6nw845g 0 0.8705208333333333 0.5583333333333333 0.0265625 0.0375
cl4sblih1003r356fmkaegwgz 0 0.7002520161290323 0.846875 0.03125 0.04791666666666667
cl4sblncn003v356fdfwxtd52 0 0.17426915322580644 0.5635416666666667 0.028125 0.03958333333333333
cl4sbm49z003z356fg19quzbr 0 0.7111979166666667 0.42986111111111114 0.0421875 0.058333333333333334
cl4sbnp6l0043356f929tcrw6 0 0.5505411585365854 0.465625 0.034375 0.052083333333333336
cl4sbnxv00047356f8wdlcgvj 0 0.31605829831932775 0.22100840336134456 0.028125 0.041666666666666664
cl4x5svmz0003356fdijlb1j7 0 0.08307291666666666 0.5559027777777777 0.03802083333333332 0.0465277777777778
cl4xr03vs0003356f81sckspm 0 0.8638020833333334 0.8163194444444444 0.0203125 0.025
cl4xu445e0007356fnnxr83u6 0 0.9345703125 0.9598958333333333 0.025390625 0.034375
cl4xu8pb0000b356fd0prmlo0 0 0.038125 0.07916666666666666 0.021875 0.025
cl4z7h6ym000b3b6fjyo49iwn 0 0.7336693548387097 0.16139112903225808 0.01875 0.027083333333333334
cl4z8adui000f3b6f9zi2ft3x 0 0.02427357456140351 0.45297880116959066 0.0453125 0.06041666666666667
cl4z8hbub00033b6fmxmwacsm 0 0.345092536407767 0.20829288025889967 0.0296875 0.0375
cl4z8hh2u00073b6f6317ib98 0 0.54375 0.37916666666666665 0.028125 0.041666666666666664
cl4z8hm9k000b3b6fuxp3lqdx 0 0.47109375 0.715625 0.0328125 0.06041666666666667
cl4z8hsbb000g3b6fvzerbblc 0 0.5355025103878116 0.4395833333333333 0.0375 0.05416666666666667
cl5nkakmt0003356f8n9jh92b 2 0.4765625 0.8625 0.021875 0.03333333333333333
