ckz3wzlij001f3867sol86pit 0 0.049620752427184465 0.24477144012944982 0.034375 0.056249999999999974
cl4sb9k3h0005356fgh2i05tl 0 0.05625 0.3904384328358209 0.028125 0.03333333333333333
cl4sb9r0t000a356f3fr22n3k 0 0.49802083333333336 0.08 0.040625 0.05
cl4sba04d000i356feuxuanko 0 0.5607853084415584 0.23436147186147185 0.0453125 0.057900432900432924
cl4sbacfa000t356f0n0vwnmu 0 0.9179901541095891 0.11043093607305936 0.0328125 0.04791666666666667
cl4sbag3j000x356fg0qnddvw 0 0.66015625 0.32810019841269844 0.0265625 0.03333333333333333
cl4sbajh60011356f1nlii7qd 0 0.6520606884057971 0.4389190821256038 0.021875 0.03333333333333333
cl4sbaodz0015356fso1rbddu 0 0.5532118055555555 0.4574074074074074 0.0359375 0.041666666666666664
cl4sbb4jr001g356foa7q96fb 0 0.19765625 0.403125 0.0359375 0.04375
cl4sbb9kr001k356foz9ala52 0 0.3104758522727272 0.9069602272727273 0.04495738636363637 0.05785984848484856
cl4sbbe2n001o356fcwn1gqn6 0 0.67890625 0.12366071428571429 0.028794642857142883 0.039583333333333345
cl4sbbks3001w356fxefedoh2 0 0.34421875 0.24583333333333332 0.03781250000000003 0.04083333333333332
cl4sbbo2u0020356fd0fnkq87 0 0.6622057629870131 0.6717442279942281 0.0296875 0.0375
cl4sbbrv50024356ficz1v42t 0 0.7447228958072591 0.6492138610763455 0.0265625 0.03958333333333333
cl4sbk21q0027356fftapt7ed 0 0.7095474837662337 0.526853354978355 0.037804383116883056 0.04791666666666661
cl4sbk8io002f356fwmcd3pjv 0 0.8016462053571429 0.39073660714285713 0.0390625 0.04583333333333333
cl4sbkbh4002j356fm66s3m92 0 0.8549519230769231 0.47847756410256415 0.0296875 0.03333333333333333
cl4sbkem1002n356fxfddycqm 0 0.8453125 0.43882575757575754 0.040625 0.05416666666666667
cl4sbkjoj002r356fdo9o05v6 0 0.6113386824324325 0.07550675675675675 0.0265625 0.025
cl4sbkmhx002v356flj7vcxfm 0 0.834765625 0.5369791666666667 0.034765625 0.042708333333333334
cl4sbkrjg002z356fw5lbw5td 0 0.8895158179012345 0.9329989711934156 0.0328125 0.04583333333333333
cl4sbl2xf003b356f7apltw6o 0 0.9745979975728156 0.7906553398058253 0.0234375 0.041666666666666664
cl4sbl6n7003f356fph1n1pui 0 0.8203125 0.7260416666666667 0.028125 0.027083333333333334
cl4sbldor003n356fz6nw845g 0 0.8435238486842105 0.5768366228070175 0.0265625 0.0375
cl4sblih1003r356fmkaegwgz 0 0.7001632462686567 0.8535914179104477 0.03125 0.04791666666666667
cl4sblncn003v356fdfwxtd52 0 0.15387731481481481 0.565625 0.028125 0.03958333333333333
cl4sbnp6l0043356f929tcrw6 0 0.545172942206655 0.4635416666666667 0.034375 0.052083333333333336
cl4sbnxv00047356f8wdlcgvj 0 0.29966313073394496 0.24836582568807336 0.0359375 0.056249999999999974
cl4x5svmz0003356fdijlb1j7 0 0.61953125 0.49270833333333336 0.0234375 0.027083333333333334
cl4xuuxyo000n356f8derlp9a 0 0.5810546875 0.36223958333333334 0.036328125 0.0421875
cl4xvx69d000r356fyv9ewcu4 0 0.583984375 0.7893229166666667 0.0421875 0.049479166666666664
cl4xvz0yd000v356fqpmftpn7 0 0.98359375 0.7479166666666667 0.0328125 0.058333333333333334
cl4xzgx0l000z356fdbvx7scy 0 0.94453125 0.7260416666666667 0.028125 0.0375
cl4y18g4u0017356fzzyk4wss 0 0.3018229166666667 0.710763888888889 0.04947916666666665 0.06458333333333334
cl4yjvzjp000f356fza9vdddz 0 0.85375 0.46270833333333333 0.0234375 0.03125
cl4ykemum000n356fyzopq0xp 0 0.201953125 0.027430555555555555 0.046875 0.05486111111111111
cl4ykxhdc000v356fuf0cfrlv 0 0.83046875 0.013020833333333334 0.0421875 0.026041666666666668
cl4z7h6ym000b3b6fjyo49iwn 0 0.7132472826086956 0.19796195652173912 0.01875 0.027083333333333334
cl4z8adui000f3b6f9zi2ft3x 0 0.018193069306930692 0.4924092409240924 0.036386138613861384 0.0651815181518152
cl4z8hbub00033b6fmxmwacsm 0 0.3275390625 0.247265625 0.027734375 0.031510416666666666
cl4z8hh2u00073b6f6317ib98 0 0.54375 0.37916666666666665 0.028125 0.041666666666666664
cl4z8hm9k000b3b6fuxp3lqdx 0 0.47109375 0.715625 0.0328125 0.06041666666666667
cl4z8hsbb000g3b6fvzerbblc 0 0.5335255799861496 0.4395833333333333 0.0375 0.05416666666666667
cl5nkakmt0003356f8n9jh92b 2 0.4765625 0.8625 0.021875 0.03333333333333333
