ckz3wzlij001f3867sol86pit 0 0.0560546875 0.2376781798245614 0.0342310855263158 0.056058114035087696
cl4sb9k3h0005356fgh2i05tl 0 0.055291411042944785 0.3932131901840491 0.028125 0.03333333333333333
cl4sb9r0t000a356f3fr22n3k 0 0.46116727941176466 0.16378676470588235 0.04568014705882355 0.059926470588235296
cl4sba04d000i356feuxuanko 0 0.5651182432432432 0.22635135135135134 0.04476351351351351 0.05270270270270269
cl4sba4bd000l356fifxda70f 0 0.9546875 0.4544270833333333 0.03203125 0.041666666666666664
cl4sbacfa000t356f0n0vwnmu 0 0.9254807692307692 0.11145833333333334 0.0328125 0.04791666666666667
cl4sbag3j000x356fg0qnddvw 0 0.6604732789855072 0.32395833333333335 0.0296875 0.03958333333333333
cl4sbajh60011356f1nlii7qd 0 0.6578125 0.4324337121212121 0.021875 0.03333333333333333
cl4sbaodz0015356fso1rbddu 0 0.5586246905940594 0.46080858085808585 0.028125 0.04375
cl4sbb4jr001g356foa7q96fb 0 0.19835937499999998 0.40375 0.035937499999999976 0.04375
cl4sbb9kr001k356foz9ala52 0 0.3328125 0.9192708333333334 0.040625 0.053125
cl4sbbe2n001o356fcwn1gqn6 0 0.446484375 0.35 0.03046875 0.03958333333333333
cl4sbbks3001w356fxefedoh2 0 0.4623046875 0.4083333333333333 0.041015625 0.05520833333333333
cl4sbbo2u0020356fd0fnkq87 0 0.6642248376623376 0.6726415945165946 0.0296875 0.0375
cl4sbbrv50024356ficz1v42t 0 0.7453662367724868 0.6500716490299824 0.0265625 0.03958333333333333
cl4sbk21q0027356fftapt7ed 0 0.7196331521739131 0.5123641304347826 0.034375 0.04791666666666661
cl4sbk8io002f356fwmcd3pjv 0 0.8098876953125 0.3978190104166667 0.026708984375 0.036783854166666664
cl4sbkbh4002j356fm66s3m92 0 0.8525282972440944 0.48075787401574804 0.0296875 0.03333333333333333
cl4sbkem1002n356fxfddycqm 0 0.8545742753623188 0.42687198067632853 0.03804347826086971 0.05416666666666667
cl4sbkjoj002r356fdo9o05v6 0 0.61171875 0.09242021276595745 0.0265625 0.03333333333333333
cl4sbkmhx002v356flj7vcxfm 0 0.8333333333333334 0.4508680555555556 0.0203125 0.030902777777777796
cl4sbkrjg002z356fw5lbw5td 0 0.90078125 0.9155873493975903 0.0328125 0.04583333333333333
cl4sbl2xf003b356f7apltw6o 0 0.9775542996453901 0.7886820330969267 0.0234375 0.041666666666666664
cl4sbl6n7003f356fph1n1pui 0 0.8203125 0.7268881926121372 0.028125 0.027083333333333334
cl4sbldor003n356fz6nw845g 0 0.8556640625 0.57265625 0.0265625 0.0375
cl4sblih1003r356fmkaegwgz 0 0.6974177631578947 0.8510416666666667 0.03125 0.04791666666666667
cl4sblncn003v356fdfwxtd52 0 0.15934139784946239 0.565625 0.028125 0.03958333333333333
cl4sbnp6l0043356f929tcrw6 0 0.5462620402802101 0.4635416666666667 0.034375 0.052083333333333336
cl4sbnxv00047356f8wdlcgvj 0 0.30741841814159293 0.24193399705014748 0.03632466814159292 0.05625
cl4x5svmz0003356fdijlb1j7 0 0.4484375 0.4627604166666667 0.04453125 0.05260416666666667
cl4xr03vs0003356f81sckspm 0 0.7089285714285715 0.20982142857142855 0.01875 0.025
cl4xuuxyo000n356f8derlp9a 0 0.72578125 0.575 0.0296875 0.041666666666666664
cl4xvx69d000r356fyv9ewcu4 0 0.846875 0.9270833333333334 0.0453125 0.052083333333333336
cl4xzgx0l000z356fdbvx7scy 0 0.9689732142857143 0.4653273809523809 0.028125 0.03720238095238096
cl4y0u4f00013356f4rj5r02e 0 0.15520833333333334 0.9052083333333333 0.040625 0.05
cl4y18g4u0017356fzzyk4wss 0 0.15703125 0.8775000000000001 0.0453125 0.05583333333333336
cl4yjhzoy0007356fn1bc4uw6 0 0.02979166666666666 0.09284722222222223 0.04687499999999999 0.060416666666666674
cl4yjn0pu000b356frte1icdf 0 0.14778645833333334 0.9421875 0.043489583333333325 0.05243055555555547
cl4yjvzjp000f356fza9vdddz 0 0.9869791666666666 0.2883101851851852 0.025 0.039120370370370354
cl4ykemum000n356fyzopq0xp 0 0.08880208333333332 0.3854166666666667 0.04374999999999999 0.07083333333333333
cl4z7h6ym000b3b6fjyo49iwn 0 0.7142361111111111 0.18206018518518519 0.01875 0.027083333333333334
cl4z8adui000f3b6f9zi2ft3x 0 0.020819805194805193 0.4826569264069264 0.041639610389610386 0.061147186147186144
cl4z8hbub00033b6fmxmwacsm 0 0.3369996488764045 0.23504213483146066 0.0296875 0.0375
cl4z8hh2u00073b6f6317ib98 0 0.54375 0.37916666666666665 0.028125 0.041666666666666664
cl4z8hm9k000b3b6fuxp3lqdx 0 0.47109375 0.715625 0.0328125 0.06041666666666667
cl4z8hsbb000g3b6fvzerbblc 0 0.5341715720221607 0.4395833333333333 0.0375 0.05416666666666667
cl5nkakmt0003356f8n9jh92b 2 0.4765625 0.8625 0.021875 0.03333333333333333
