ckz3wzlij001f3867sol86pit 0 0.09453125 0.21966145833333334 0.03125 0.05416666666666667
cl4sb9k3h0005356fgh2i05tl 0 0.0651161123853211 0.3665711009174312 0.0265625 0.029166666666666667
cl4sb9r0t000a356f3fr22n3k 0 0.4037642045454545 0.28929924242424243 0.03650568181818179 0.053219696969696945
cl4sb9vbv000e356fjk3h7yl0 0 0.7278286637931035 0.1600574712643678 0.04369612068965516 0.0538793103448276
cl4sba04d000i356feuxuanko 0 0.5771205357142857 0.21413690476190478 0.040625 0.04791666666666667
cl4sba4bd000l356fifxda70f 0 0.675 0.16041666666666668 0.034375 0.0375
cl4sba9h6000p356fizta9ng7 0 0.9311631944444445 0.016898148148148148 0.0234375 0.028703703703703707
cl4sbacfa000t356f0n0vwnmu 0 0.9419700386597938 0.10505798969072164 0.0328125 0.04791666666666667
cl4sbag3j000x356fg0qnddvw 0 0.66328125 0.32395833333333335 0.0296875 0.03958333333333333
cl4sbajh60011356f1nlii7qd 0 0.6645474137931034 0.3844468390804598 0.021875 0.03333333333333333
cl4sbaodz0015356fso1rbddu 0 0.5742463235294117 0.4405514705882353 0.028125 0.04375
cl4sbaun20018356fdw4xbwhw 0 0.15582386363636364 0.23768939393939395 0.04375 0.058333333333333334
cl4sbazoa001c356f4lz6t5lf 0 0.1765625 0.5833333333333334 0.03125 0.041666666666666664
cl4sbb4jr001g356foa7q96fb 0 0.2015625 0.40868055555555555 0.034375 0.03958333333333333
cl4sbb9kr001k356foz9ala52 0 0.325439453125 0.8654296875 0.04375 0.05625
cl4sbbe2n001o356fcwn1gqn6 0 0.26171875 0.8364583333333333 0.0421875 0.052083333333333336
cl4sbbh2s001s356fijizhnbu 0 0.46953125 0.93046875 0.034375 0.05
cl4sbbks3001w356fxefedoh2 0 0.646875 0.7390625 0.0265625 0.034375
cl4sbbo2u0020356fd0fnkq87 0 0.66484375 0.6763069358178054 0.0296875 0.0375
cl4sbbrv50024356ficz1v42t 0 0.74765625 0.653125 0.0265625 0.03958333333333333
cl4sbk21q0027356fftapt7ed 0 0.7277868470149254 0.47176616915422886 0.0265625 0.03861940298507468
cl4sbk6i6002b356fpuhbse8f 0 0.7878255208333333 0.5784722222222222 0.036328125000000086 0.04722222222222226
cl4sbk8io002f356fwmcd3pjv 0 0.8449603873239436 0.3602112676056338 0.028125 0.0375
cl4sbkbh4002j356fm66s3m92 0 0.853251488095238 0.4788293650793651 0.0296875 0.03333333333333333
cl4sbkem1002n356fxfddycqm 0 0.8609760802469136 0.42281378600823044 0.0359375 0.05416666666666667
cl4sbkjoj002r356fdo9o05v6 0 0.6150432180851064 0.09574468085106383 0.0265625 0.03333333333333333
cl4sbkmhx002v356flj7vcxfm 0 0.8071875000000001 0.24708333333333332 0.025 0.03333333333333333
cl4sbkrjg002z356fw5lbw5td 0 0.9061170212765957 0.875354609929078 0.0328125 0.04583333333333333
cl4sbkvid0033356f9np159q3 0 0.9921875 0.988524011299435 0.015625 0.02295197740112999
cl4sbl2xf003b356f7apltw6o 0 0.9835115131578946 0.7782894736842105 0.0234375 0.041666666666666664
cl4sbl6n7003f356fph1n1pui 0 0.8212939049586776 0.7315168732782369 0.028125 0.027083333333333334
cl4sbla0v003j356fq7o6brxl 0 0.80078125 0.8213541666666667 0.0328125 0.04375
cl4sbldor003n356fz6nw845g 0 0.8738560267857143 0.5558779761904762 0.0265625 0.0375
cl4sblih1003r356fmkaegwgz 0 0.7032090053763441 0.846875 0.03125 0.04791666666666667
cl4sblncn003v356fdfwxtd52 0 0.1761160714285714 0.5635416666666667 0.028125 0.03958333333333333
cl4sbm49z003z356fg19quzbr 0 0.68578125 0.5316666666666666 0.0421875 0.058333333333333334
cl4sbnp6l0043356f929tcrw6 0 0.5508765243902439 0.465625 0.034375 0.052083333333333336
cl4sbnxv00047356f8wdlcgvj 0 0.31722184065934067 0.2185897435897436 0.028125 0.041666666666666664
cl4x5svmz0003356fdijlb1j7 0 0.0421875 0.5916666666666667 0.034375 0.0375
cl4xr03vs0003356f81sckspm 0 0.92421875 0.8215277777777777 0.0203125 0.025
cl4xu445e0007356fnnxr83u6 0 0.98837890625 0.9251302083333334 0.0220703125 0.031510416666666666
cl4xu8pb0000b356fd0prmlo0 0 0.01171875 0.029166666666666667 0.0171875 0.025
cl4z7h6ym000b3b6fjyo49iwn 0 0.7383223684210527 0.15619517543859648 0.01875 0.027083333333333334
cl4z8adui000f3b6f9zi2ft3x 0 0.026685855263157893 0.4465460526315789 0.0453125 0.06041666666666667
cl4z8hbub00033b6fmxmwacsm 0 0.3477624393203883 0.2056229773462783 0.0296875 0.0375
cl4z8hh2u00073b6f6317ib98 0 0.54375 0.37916666666666665 0.028125 0.041666666666666664
cl4z8hm9k000b3b6fuxp3lqdx 0 0.47109375 0.715625 0.0328125 0.06041666666666667
cl4z8hsbb000g3b6fvzerbblc 0 0.5356453427977839 0.4395833333333333 0.0375 0.05416666666666667
cl5nkakmt0003356f8n9jh92b 2 0.4765625 0.8625 0.021875 0.03333333333333333
