ckz3wzlij001f3867sol86pit 0 0.10289351851851851 0.20663580246913582 0.03124999999999999 0.05416666666666667
cl4sb9k3h0005356fgh2i05tl 0 0.06623423165137615 0.3576261467889908 0.0265625 0.029166666666666667
cl4sb9r0t000a356f3fr22n3k 0 0.39765625 0.309375 0.0390625 0.05625
cl4sb9vbv000e356fjk3h7yl0 0 0.5947048611111111 0.12546296296296297 0.0390625 0.04583333333333335
cl4sba04d000i356feuxuanko 0 0.579736328125 0.20794270833333334 0.040625 0.04791666666666667
cl4sba4bd000l356fifxda70f 0 0.63125 0.08229166666666667 0.028125 0.03958333333333333
cl4sba9h6000p356fizta9ng7 0 0.90078125 0.0625 0.0265625 0.025
cl4sbacfa000t356f0n0vwnmu 0 0.9482522551546392 0.10338273195876288 0.0328125 0.04791666666666667
cl4sbag3j000x356fg0qnddvw 0 0.66328125 0.32395833333333335 0.0296875 0.03958333333333333
cl4sbajh60011356f1nlii7qd 0 0.6693978658536586 0.37621951219512195 0.021875 0.03333333333333333
cl4sbaodz0015356fso1rbddu 0 0.5763970588235294 0.43481617647058823 0.028125 0.04375
cl4sbaun20018356fdw4xbwhw 0 0.0646205357142857 0.2694940476190476 0.042187499999999996 0.052083333333333336
cl4sbazoa001c356f4lz6t5lf 0 0.17734375 0.421875 0.0265625 0.035416666666666666
cl4sbb4jr001g356foa7q96fb 0 0.20388392857142854 0.41041666666666665 0.031785714285714264 0.0375
cl4sbb9kr001k356foz9ala52 0 0.3209821428571428 0.871875 0.04375 0.05625
cl4sbbe2n001o356fcwn1gqn6 0 0.1875 0.9411458333333333 0.0375 0.04479166666666667
cl4sbbh2s001s356fijizhnbu 0 0.481640625 0.9059895833333333 0.025 0.03333333333333333
cl4sbbks3001w356fxefedoh2 0 0.65390625 0.7902777777777779 0.03385416666666661 0.04722222222222226
cl4sbbo2u0020356fd0fnkq87 0 0.66484375 0.6769798136645963 0.0296875 0.0375
cl4sbbrv50024356ficz1v42t 0 0.74765625 0.6495535714285714 0.0265625 0.03958333333333333
cl4sbk21q0027356fftapt7ed 0 0.7319773706896552 0.4646551724137931 0.0265625 0.0375
cl4sbk6i6002b356fpuhbse8f 0 0.78828125 0.4413194444444445 0.0390625 0.052083333333333336
cl4sbk8io002f356fwmcd3pjv 0 0.8481350806451612 0.35443548387096774 0.028125 0.0375
cl4sbkbh4002j356fm66s3m92 0 0.85234375 0.4788074712643678 0.0296875 0.03333333333333333
cl4sbkem1002n356fxfddycqm 0 0.86171875 0.4206730769230769 0.0359375 0.05416666666666667
cl4sbkjoj002r356fdo9o05v6 0 0.6189328457446808 0.0940159574468085 0.0265625 0.03333333333333333
cl4sbkmhx002v356flj7vcxfm 0 0.8146875 0.20395833333333335 0.025 0.035416666666666666
cl4sbkrjg002z356fw5lbw5td 0 0.9100066489361701 0.8649822695035461 0.0328125 0.04583333333333333
cl4sbkvid0033356f9np159q3 0 0.9916100543478261 0.9831068840579711 0.01677989130434785 0.033786231884057945
cl4sbl2xf003b356f7apltw6o 0 0.9862500000000001 0.7735416666666667 0.0234375 0.041666666666666664
cl4sbl6n7003f356fph1n1pui 0 0.821797520661157 0.7321883608815427 0.028125 0.027083333333333334
cl4sbla0v003j356fq7o6brxl 0 0.7980902777777779 0.640625 0.03125000000000009 0.04375
cl4sbldor003n356fz6nw845g 0 0.8770638992537313 0.5507462686567164 0.0265625 0.03749999999999994
cl4sblih1003r356fmkaegwgz 0 0.7059742647058823 0.8451593137254902 0.03125 0.04791666666666667
cl4sblncn003v356fdfwxtd52 0 0.18191964285714285 0.5635416666666667 0.028125 0.03958333333333333
cl4sbm49z003z356fg19quzbr 0 0.6158854166666667 0.6909722222222222 0.0421875 0.058333333333333334
cl4sbnp6l0043356f929tcrw6 0 0.5514710365853659 0.465625 0.034375 0.052083333333333336
cl4sbnxv00047356f8wdlcgvj 0 0.3199004120879121 0.20608974358974358 0.028125 0.041666666666666664
cl4z7h6ym000b3b6fjyo49iwn 0 0.7328125 0.1404647435897436 0.01875 0.027083333333333334
cl4z8adui000f3b6f9zi2ft3x 0 0.02677556818181818 0.4353219696969697 0.0453125 0.0577651515151515
cl4z8hbub00033b6fmxmwacsm 0 0.3543323863636364 0.19734848484848486 0.0296875 0.0375
cl4z8hh2u00073b6f6317ib98 0 0.54375 0.37916666666666665 0.028125 0.041666666666666664
cl4z8hm9k000b3b6fuxp3lqdx 0 0.47109375 0.715625 0.0328125 0.06041666666666667
cl4z8hsbb000g3b6fvzerbblc 0 0.5358985457063712 0.4395833333333333 0.0375 0.05416666666666667
cl5nkakmt0003356f8n9jh92b 2 0.4765625 0.8625 0.021875 0.03333333333333333
