ckz3wzlij001f3867sol86pit 0 0.07748842592592593 0.22916666666666666 0.031365740740740736 0.05416666666666667
cl4sb9k3h0005356fgh2i05tl 0 0.05787671232876712 0.38558789954337896 0.028125 0.03333333333333333
cl4sb9r0t000a356f3fr22n3k 0 0.4171875 0.2503472222222222 0.03541666666666665 0.056249999999999974
cl4sb9vbv000e356fjk3h7yl0 0 0.9888020833333332 0.25416666666666665 0.019270833333333393 0.04583333333333333
cl4sba04d000i356feuxuanko 0 0.5730902777777778 0.22083333333333333 0.040625 0.05
cl4sba4bd000l356fifxda70f 0 0.76015625 0.290625 0.0359375 0.04125000000000002
cl4sbacfa000t356f0n0vwnmu 0 0.9391051136363636 0.11195075757575758 0.0328125 0.04791666666666667
cl4sbag3j000x356fg0qnddvw 0 0.66328125 0.32395833333333335 0.0296875 0.03958333333333333
cl4sbajh60011356f1nlii7qd 0 0.6588169642857142 0.4034722222222223 0.02046130952380958 0.02936507936507938
cl4sbaodz0015356fso1rbddu 0 0.5703125 0.44895833333333335 0.028125 0.04375
cl4sbaun20018356fdw4xbwhw 0 0.293359375 0.0359375 0.03125 0.04895833333333333
cl4sbazoa001c356f4lz6t5lf 0 0.09453125 0.903125 0.0265625 0.035416666666666666
cl4sbb4jr001g356foa7q96fb 0 0.2015625 0.40759943181818176 0.034375 0.04029356060606061
cl4sbb9kr001k356foz9ala52 0 0.34565972222222224 0.8646990740740741 0.04375 0.05625
cl4sbbe2n001o356fcwn1gqn6 0 0.33671875 0.6364583333333333 0.0234375 0.03125
cl4sbbh2s001s356fijizhnbu 0 0.4779633620689655 0.9669181034482759 0.04676724137931041 0.05811781609195409
cl4sbbks3001w356fxefedoh2 0 0.551171875 0.6274305555555555 0.03151041666666661 0.038194444444444406
cl4sbbo2u0020356fd0fnkq87 0 0.66484375 0.6748231538992407 0.0296875 0.0375
cl4sbbrv50024356ficz1v42t 0 0.7471610915492958 0.6524647887323944 0.0265625 0.03958333333333333
cl4sbk21q0027356fftapt7ed 0 0.72109375 0.48854166666666665 0.0296875 0.04375
cl4sbk6i6002b356fpuhbse8f 0 0.67880859375 0.8452473958333333 0.0359375 0.05455729166666667
cl4sbk8io002f356fwmcd3pjv 0 0.8375 0.3746639784946237 0.028125 0.0375
cl4sbkbh4002j356fm66s3m92 0 0.85390625 0.47990785256410257 0.0296875 0.03185096153846156
cl4sbkem1002n356fxfddycqm 0 0.8593012971698114 0.4261399371069182 0.0359375 0.05416666666666667
cl4sbkjoj002r356fdo9o05v6 0 0.61171875 0.09725068306010928 0.0265625 0.03333333333333333
cl4sbkmhx002v356flj7vcxfm 0 0.8408203125 0.315625 0.0265625 0.03333333333333333
cl4sbkrjg002z356fw5lbw5td 0 0.90078125 0.8881465517241379 0.0328125 0.04583333333333333
cl4sbl2xf003b356f7apltw6o 0 0.9802874654696133 0.7840584714548803 0.0234375 0.041666666666666664
cl4sbl6n7003f356fph1n1pui 0 0.8203125 0.7299884564643799 0.028125 0.027083333333333334
cl4sbldor003n356fz6nw845g 0 0.86484375 0.5636424731182796 0.0265625 0.0375
cl4sblih1003r356fmkaegwgz 0 0.691796875 0.8557291666666667 0.03125 0.04791666666666667
cl4sblncn003v356fdfwxtd52 0 0.16851635514018692 0.565625 0.028125 0.03958333333333333
cl4sbm49z003z356fg19quzbr 0 0.68828125 0.14791666666666667 0.0421875 0.058333333333333334
cl4sbnp6l0043356f929tcrw6 0 0.5479625 0.4635416666666667 0.034375 0.052083333333333336
cl4sbnxv00047356f8wdlcgvj 0 0.31148313492063495 0.22843915343915341 0.028125 0.041666666666666664
cl4x5svmz0003356fdijlb1j7 0 0.175 0.440625 0.0453125 0.05416666666666667
cl4xr03vs0003356f81sckspm 0 0.7571428571428571 0.6800595238095238 0.01875 0.025
cl4xu8pb0000b356fd0prmlo0 0 0.0828125 0.28020833333333334 0.021875 0.03125
cl4xuuxyo000n356f8derlp9a 0 0.9756250000000002 0.9047916666666667 0.030625000000000034 0.042916666666666714
cl4z7h6ym000b3b6fjyo49iwn 0 0.720108695652174 0.17395833333333333 0.01875 0.027083333333333334
cl4z8adui000f3b6f9zi2ft3x 0 0.022921772875816992 0.46436546840958604 0.04401552287581699 0.06041666666666667
cl4z8hbub00033b6fmxmwacsm 0 0.3417776639344262 0.21994535519125682 0.0296875 0.0375
cl4z8hh2u00073b6f6317ib98 0 0.54375 0.37916666666666665 0.028125 0.041666666666666664
cl4z8hm9k000b3b6fuxp3lqdx 0 0.47109375 0.715625 0.0328125 0.06041666666666667
cl4z8hsbb000g3b6fvzerbblc 0 0.5350869979224376 0.4395833333333333 0.0375 0.05416666666666667
cl5nkakmt0003356f8n9jh92b 2 0.4765625 0.8625 0.021875 0.03333333333333333
