ckz3wzlij001f3867sol86pit 0 0.051441140776699035 0.2415351941747573 0.034375 0.05625
cl4sb9k3h0005356fgh2i05tl 0 0.05625 0.3907493781094527 0.028125 0.03333333333333333
cl4sb9r0t000a356f3fr22n3k 0 0.4984375 0.10104166666666667 0.0453125 0.06041666666666667
cl4sba04d000i356feuxuanko 0 0.5615969967532467 0.23165584415584417 0.0453125 0.05465367965367965
cl4sbacfa000t356f0n0vwnmu 0 0.91953125 0.11028311965811964 0.0328125 0.04791666666666665
cl4sbag3j000x356fg0qnddvw 0 0.66015625 0.3271081349206349 0.0265625 0.03333333333333333
cl4sbajh60011356f1nlii7qd 0 0.6529664855072463 0.43771135265700484 0.021875 0.03333333333333333
cl4sbaodz0015356fso1rbddu 0 0.5624289772727273 0.4755681818181818 0.028267045454545413 0.04356060606060606
cl4sbb4jr001g356foa7q96fb 0 0.19765625 0.403125 0.0359375 0.04375
cl4sbb9kr001k356foz9ala52 0 0.305126953125 0.9063802083333333 0.04375 0.05625
cl4sbbe2n001o356fcwn1gqn6 0 0.6214285714285714 0.15372023809523808 0.032589285714285765 0.05089285714285715
cl4sbbks3001w356fxefedoh2 0 0.37807291666666665 0.2477777777777778 0.02572916666666667 0.03333333333333333
cl4sbbo2u0020356fd0fnkq87 0 0.6626116071428572 0.6719246031746031 0.0296875 0.0375
cl4sbbrv50024356ficz1v42t 0 0.7446446730287859 0.6491095640383813 0.0265625 0.03958333333333333
cl4sbk21q0027356fftapt7ed 0 0.712794237012987 0.5225243506493507 0.03618100649350646 0.047916666666666725
cl4sbk8io002f356fwmcd3pjv 0 0.80140625 0.38958333333333334 0.0390625 0.04583333333333333
cl4sbkbh4002j356fm66s3m92 0 0.8544711538461538 0.47783653846153845 0.0296875 0.03333333333333333
cl4sbkem1002n356fxfddycqm 0 0.845599856321839 0.4351293103448276 0.040625 0.05416666666666667
cl4sbkjoj002r356fdo9o05v6 0 0.6103125 0.07854166666666668 0.0265625 0.02583333333333333
cl4sbkmhx002v356flj7vcxfm 0 0.821875 0.5189583333333334 0.02250000000000014 0.03541666666666673
cl4sbkrjg002z356fw5lbw5td 0 0.8910590277777779 0.9247685185185186 0.0328125 0.04583333333333333
cl4sbl2xf003b356f7apltw6o 0 0.9757923315602837 0.7875073877068558 0.0234375 0.041666666666666664
cl4sbl6n7003f356fph1n1pui 0 0.8203125 0.7260416666666667 0.028125 0.027083333333333334
cl4sbldor003n356fz6nw845g 0 0.8459909539473685 0.5757401315789473 0.0265625 0.0375
cl4sblih1003r356fmkaegwgz 0 0.6990953947368421 0.853125 0.03125 0.04791666666666667
cl4sblncn003v356fdfwxtd52 0 0.1550323275862069 0.565625 0.028125 0.03958333333333333
cl4sbnp6l0043356f929tcrw6 0 0.5453918563922941 0.4635416666666667 0.034375 0.052083333333333336
cl4sbnxv00047356f8wdlcgvj 0 0.30082405821917807 0.24684646118721462 0.0359375 0.05625
cl4x5svmz0003356fdijlb1j7 0 0.58203125 0.465625 0.0234375 0.027083333333333334
cl4xuuxyo000n356f8derlp9a 0 0.6159598214285714 0.38273809523809527 0.0390625 0.05
cl4xvx69d000r356fyv9ewcu4 0 0.6271205357142857 0.8519345238095238 0.04174107142857144 0.04375
cl4xvz0yd000v356fqpmftpn7 0 0.94140625 0.8020833333333334 0.04499999999999993 0.05625
cl4xzgx0l000z356fdbvx7scy 0 0.9381696428571429 0.671577380952381 0.028125 0.035416666666666666
cl4y18g4u0017356fzzyk4wss 0 0.26808035714285716 0.7019345238095238 0.046875 0.05625
cl4yjvzjp000f356fza9vdddz 0 0.8737723214285713 0.4328869047619047 0.0234375 0.03125
cl4ykemum000n356fyzopq0xp 0 0.18571428571428572 0.10029761904761904 0.046875 0.07083333333333332
cl4z7h6ym000b3b6fjyo49iwn 0 0.7159375 0.19354166666666667 0.01875 0.027083333333333334
cl4z8adui000f3b6f9zi2ft3x 0 0.01875 0.4907320872274143 0.0375 0.06666666666666667
cl4z8hbub00033b6fmxmwacsm 0 0.32966974431818186 0.24395123106060607 0.029154829545454543 0.03435132575757575
cl4z8hh2u00073b6f6317ib98 0 0.54375 0.37916666666666665 0.028125 0.041666666666666664
cl4z8hm9k000b3b6fuxp3lqdx 0 0.47109375 0.715625 0.0328125 0.06041666666666667
cl4z8hsbb000g3b6fvzerbblc 0 0.5336554276315789 0.4395833333333333 0.0375 0.05416666666666667
cl5nkakmt0003356f8n9jh92b 2 0.4765625 0.8625 0.021875 0.03333333333333333
