ckz3wzlij001f3867sol86pit 0 0.013240131578947368 0.29468201754385964 0.026480263157894736 0.05625
cl4sb9k3h0005356fgh2i05tl 0 0.05625 0.3916477272727273 0.028125 0.03333333333333333
cl4sba04d000i356feuxuanko 0 0.5259666313559321 0.27858403954802263 0.0421875 0.05625
cl4sbacfa000t356f0n0vwnmu 0 0.8888020833333334 0.11059027777777779 0.028125 0.041666666666666664
cl4sbag3j000x356fg0qnddvw 0 0.6594618055555556 0.34375 0.0265625 0.03333333333333333
cl4sbajh60011356f1nlii7qd 0 0.5851736111111111 0.4000694444444444 0.0375 0.04375
cl4sbaodz0015356fso1rbddu 0 0.5415869869402985 0.462138526119403 0.0359375 0.041666666666666664
cl4sbb4jr001g356foa7q96fb 0 0.19419424019607842 0.40729166666666666 0.0359375 0.04375
cl4sbbo2u0020356fd0fnkq87 0 0.6593394886363637 0.6676609848484849 0.0296875 0.0375
cl4sbbrv50024356ficz1v42t 0 0.7460037938047559 0.6509217250730079 0.0265625 0.03958333333333333
cl4sbk21q0027356fftapt7ed 0 0.5949687499999999 0.4709583333333333 0.0390625 0.04791666666666667
cl4sbk8io002f356fwmcd3pjv 0 0.7770535714285713 0.4395833333333333 0.03125 0.03333333333333333
cl4sbkbh4002j356fm66s3m92 0 0.85546875 0.48125 0.0296875 0.03333333333333333
cl4sbkem1002n356fxfddycqm 0 0.8225240384615384 0.47118589743589745 0.040625 0.05416666666666667
cl4sbkjoj002r356fdo9o05v6 0 0.60078125 0.075 0.0265625 0.025
cl4sbkmhx002v356flj7vcxfm 0 0.8170312500000001 0.8572916666666667 0.024062499999999966 0.02791666666666662
cl4sbl2xf003b356f7apltw6o 0 0.9368885869565217 0.8475769927536232 0.0234375 0.041666666666666664
cl4sbl6n7003f356fph1n1pui 0 0.8203125 0.7260416666666667 0.028125 0.027083333333333334
cl4sbldor003n356fz6nw845g 0 0.8129166666666666 0.6150694444444444 0.0265625 0.0375
cl4sblih1003r356fmkaegwgz 0 0.653125 0.8583333333333333 0.0375 0.05416666666666667
cl4sblncn003v356fdfwxtd52 0 0.1083740234375 0.578125 0.028125 0.03958333333333333
cl4sbnp6l0043356f929tcrw6 0 0.54375 0.4635416666666667 0.034375 0.052083333333333336
cl4sbnxv00047356f8wdlcgvj 0 0.25890625 0.31145833333333334 0.0359375 0.05625
cl4y18g4u0017356fzzyk4wss 0 0.9001953125 0.9532552083333333 0.03671875 0.045572916666666664
cl4yl5ed5000z356fm9nkxgfo 0 0.9640625 0.2177662037037037 0.025 0.04375
cl4ylb4b40013356fpwidj9om 0 0.39339488636363634 0.5083333333333333 0.04531249999999996 0.0625
cl4ylk3hu0017356fm2i4n7b1 0 0.09644097222222223 0.7222222222222222 0.04947916666666667 0.058333333333333334
cl4ylwkya001b356fsb0smd1g 0 0.6533854166666667 0.8135416666666667 0.0359375 0.03958333333333333
cl4ym22tv001f356f8g69lzlj 0 0.8885044642857143 0.3205357142857143 0.0484375 0.06666666666666667
cl4ym9iww001j356fm9a6fais 0 0.31953125 0.37157738095238096 0.0453125 0.06041666666666667
cl4ymgo9w001n356fkgsltgz1 0 0.3796875 0.33645833333333336 0.04375 0.04791666666666667
cl4yn37so001r356fvarvidkp 0 0.6631696428571429 0.12901785714285716 0.046875 0.05625
cl4yncaoh001v356fsles4wnf 0 0.332421875 0.16276041666666666 0.025 0.0359375
cl4ynkuw10023356fct2gneak 0 0.961328125 0.20208333333333334 0.02421875 0.03125
cl4z7h6ym000b3b6fjyo49iwn 0 0.6625 0.2609681372549019 0.01875 0.027083333333333303
cl4z8adui000f3b6f9zi2ft3x 0 0.0078125 0.5111762152777778 0.015625 0.04014756944444446
cl4z8hbub00033b6fmxmwacsm 0 0.27578125 0.29583333333333334 0.0265625 0.03333333333333333
cl4z8hh2u00073b6f6317ib98 0 0.54375 0.37916666666666665 0.028125 0.041666666666666664
cl4z8hm9k000b3b6fuxp3lqdx 0 0.47109375 0.715625 0.0328125 0.06041666666666667
cl4z8hsbb000g3b6fvzerbblc 0 0.5313993247922438 0.4395833333333333 0.0375 0.05416666666666667
cl5nkakmt0003356f8n9jh92b 2 0.4765625 0.8625 0.021875 0.03333333333333333
cl5nkcpqw0007356f73nxjnf2 0 0.77890625 0.8822916666666667 0.0390625 0.04791666666666667
cl5nlv2jt000k356fr4ghyucl 0 0.13151041666666669 0.12395833333333334 0.0359375 0.04236111111111111
