ckz3wzlij001f3867sol86pit 0 0.02380681818181818 0.2755871212121212 0.034375 0.05625
cl4sb9k3h0005356fgh2i05tl 0 0.05625 0.39060227272727277 0.028125 0.03333333333333333
cl4sb9r0t000a356f3fr22n3k 0 0.5455528846153845 0.01578525641025641 0.040625 0.03157051282051282
cl4sba04d000i356feuxuanko 0 0.54453125 0.2705545774647887 0.0421875 0.05625
cl4sbacfa000t356f0n0vwnmu 0 0.9008249562937063 0.1114291958041958 0.0328125 0.04791666666666667
cl4sbag3j000x356fg0qnddvw 0 0.659046875 0.33897916666666666 0.0265625 0.03333333333333333
cl4sbajh60011356f1nlii7qd 0 0.6103422619047618 0.45441468253968254 0.0375 0.04375
cl4sbaodz0015356fso1rbddu 0 0.5431961287313433 0.45892024253731345 0.0359375 0.041666666666666664
cl4sbb4jr001g356foa7q96fb 0 0.19396306818181816 0.4038825757575758 0.035937499999999976 0.04375
cl4sbb9kr001k356foz9ala52 0 0.32454044117647063 0.9223039215686274 0.0375 0.05416666666666667
cl4sbbks3001w356fxefedoh2 0 0.1126953125 0.09921875 0.026171875 0.0359375
cl4sbbo2u0020356fd0fnkq87 0 0.65859375 0.6681175595238095 0.0296875 0.0375
cl4sbbrv50024356ficz1v42t 0 0.7454640566332916 0.6502020755110555 0.0265625 0.03958333333333333
cl4sbk21q0027356fftapt7ed 0 0.6471072635135136 0.5250281531531531 0.0390625 0.04791666666666661
cl4sbk8io002f356fwmcd3pjv 0 0.7820652173913044 0.41983695652173914 0.03125 0.03333333333333333
cl4sbkbh4002j356fm66s3m92 0 0.8527225378787879 0.4791666666666667 0.0296875 0.03333333333333333
cl4sbkem1002n356fxfddycqm 0 0.833527260638298 0.45478723404255317 0.040625 0.05416666666666667
cl4sbkjoj002r356fdo9o05v6 0 0.60531005859375 0.07291666666666667 0.0265625 0.025
cl4sbkmhx002v356flj7vcxfm 0 0.83421875 0.7256250000000001 0.0296875 0.03208333333333328
cl4sbkrjg002z356fw5lbw5td 0 0.86015625 0.9768345771144279 0.0328125 0.04583333333333333
cl4sbl2xf003b356f7apltw6o 0 0.950954861111111 0.8289351851851853 0.0234375 0.041666666666666664
cl4sbl6n7003f356fph1n1pui 0 0.8203125 0.7260416666666667 0.028125 0.027083333333333334
cl4sbldor003n356fz6nw845g 0 0.82265625 0.5872184684684684 0.0265625 0.0375
cl4sblih1003r356fmkaegwgz 0 0.675 0.859375 0.03125 0.04791666666666667
cl4sblncn003v356fdfwxtd52 0 0.13054115853658538 0.5701067073170731 0.028125 0.03958333333333333
cl4sbnp6l0043356f929tcrw6 0 0.54375 0.4635416666666667 0.034375 0.052083333333333336
cl4sbnxv00047356f8wdlcgvj 0 0.27935697115384617 0.2849559294871795 0.0359375 0.05625
cl4x5svmz0003356fdijlb1j7 0 0.95859375 0.45979166666666665 0.0203125 0.027083333333333334
cl4xuuxyo000n356f8derlp9a 0 0.409375 0.04791666666666667 0.03125 0.041666666666666664
cl4xvx69d000r356fyv9ewcu4 0 0.10286458333333333 0.75625 0.039062499999999986 0.047222222222222145
cl4y18g4u0017356fzzyk4wss 0 0.6415178571428571 0.7927083333333333 0.046875 0.05625
cl4yl5ed5000z356fm9nkxgfo 0 0.9773185483870968 0.20039202508960574 0.025 0.04375
cl4ylb4b40013356fpwidj9om 0 0.40625 0.9864583333333333 0.0375 0.027083333333333334
cl4ylk3hu0017356fm2i4n7b1 0 0.3271033653846154 0.8415064102564103 0.0390625 0.058333333333333334
cl4ym22tv001f356f8g69lzlj 0 0.720703125 0.8583333333333333 0.0515625 0.07916666666666666
cl4ymgo9w001n356fkgsltgz1 0 0.1575284090909091 0.12234848484848485 0.04488636363636365 0.04507575757575758
cl4yn37so001r356fvarvidkp 0 0.5736778846153846 0.0811698717948718 0.0390625 0.04791666666666667
cl4z7h6ym000b3b6fjyo49iwn 0 0.6838088768115942 0.23512983091787437 0.01875 0.027083333333333334
cl4z8adui000f3b6f9zi2ft3x 0 0.01328125 0.5087673611111111 0.0265625 0.054166666666666606
cl4z8hbub00033b6fmxmwacsm 0 0.2946579391891892 0.2801238738738739 0.0265625 0.03333333333333333
cl4z8hh2u00073b6f6317ib98 0 0.54375 0.37916666666666665 0.028125 0.041666666666666664
cl4z8hm9k000b3b6fuxp3lqdx 0 0.47109375 0.715625 0.0328125 0.06041666666666667
cl4z8hsbb000g3b6fvzerbblc 0 0.5322952735457064 0.4395833333333333 0.0375 0.05416666666666667
cl5nkakmt0003356f8n9jh92b 2 0.4765625 0.8625 0.021875 0.03333333333333333
