ckz3wzlij001f3867sol86pit 0 0.013096217105263158 0.2942982456140351 0.026192434210526316 0.05625000000000003
cl4sb9k3h0005356fgh2i05tl 0 0.05625 0.3916212121212121 0.028125 0.03333333333333333
cl4sba04d000i356feuxuanko 0 0.526708156779661 0.2783368644067796 0.0421875 0.056249999999999974
cl4sbacfa000t356f0n0vwnmu 0 0.8889453125 0.11057291666666667 0.028125 0.041666666666666664
cl4sbag3j000x356fg0qnddvw 0 0.6582465277777778 0.34375 0.0265625 0.03333333333333333
cl4sbajh60011356f1nlii7qd 0 0.5854166666666667 0.4010416666666667 0.0375 0.04375
cl4sbaodz0015356fso1rbddu 0 0.5416277985074627 0.4620569029850746 0.0359375 0.041666666666666664
cl4sbb4jr001g356foa7q96fb 0 0.19408700980392157 0.40729166666666666 0.0359375 0.04375
cl4sbbo2u0020356fd0fnkq87 0 0.6592151988636363 0.6674952651515151 0.0296875 0.0375
cl4sbbrv50024356ficz1v42t 0 0.7459901048185231 0.6509034730913642 0.0265625 0.03958333333333333
cl4sbk21q0027356fftapt7ed 0 0.59584375 0.47329166666666667 0.0390625 0.04791666666666667
cl4sbk8io002f356fwmcd3pjv 0 0.7773660714285715 0.4395833333333333 0.03125 0.03333333333333333
cl4sbkbh4002j356fm66s3m92 0 0.85546875 0.48125 0.0296875 0.03333333333333333
cl4sbkem1002n356fxfddycqm 0 0.822860576923077 0.47028846153846154 0.040625 0.05416666666666667
cl4sbkjoj002r356fdo9o05v6 0 0.60078125 0.075 0.0265625 0.025
cl4sbkmhx002v356flj7vcxfm 0 0.8294270833333333 0.8586805555555556 0.023958333333333394 0.027083333333333334
cl4sbl2xf003b356f7apltw6o 0 0.9371263586956522 0.8471014492753624 0.0234375 0.041666666666666664
cl4sbl6n7003f356fph1n1pui 0 0.8203125 0.7260416666666667 0.028125 0.027083333333333334
cl4sbldor003n356fz6nw845g 0 0.81328125 0.6145833333333334 0.0265625 0.0375
cl4sblih1003r356fmkaegwgz 0 0.653125 0.8583333333333333 0.0375 0.05416666666666667
cl4sblncn003v356fdfwxtd52 0 0.10845947265625 0.578125 0.028125 0.03958333333333333
cl4sbnp6l0043356f929tcrw6 0 0.54375 0.4635416666666667 0.034375 0.052083333333333336
cl4sbnxv00047356f8wdlcgvj 0 0.2590520833333333 0.31048611111111113 0.0359375 0.05625
cl4y18g4u0017356fzzyk4wss 0 0.8908854166666668 0.9579861111111112 0.03836805555555554 0.04606481481481488
cl4yl5ed5000z356fm9nkxgfo 0 0.9640625 0.2173611111111111 0.025 0.04375
cl4ylb4b40013356fpwidj9om 0 0.3916015625 0.5208333333333334 0.045703125 0.0625
cl4ylk3hu0017356fm2i4n7b1 0 0.10434027777777777 0.7027777777777777 0.04583333333333332 0.058333333333333334
cl4ylwkya001b356fsb0smd1g 0 0.6456380208333333 0.8190104166666666 0.0359375 0.03958333333333333
cl4ym22tv001f356f8g69lzlj 0 0.8813616071428572 0.337202380952381 0.0484375 0.06666666666666667
cl4ym9iww001j356fm9a6fais 0 0.314453125 0.3829427083333333 0.044140625 0.05651041666666667
cl4ymgo9w001n356fkgsltgz1 0 0.37421875 0.3283564814814815 0.04375 0.04791666666666667
cl4yn37so001r356fvarvidkp 0 0.6632102272727273 0.13191287878787877 0.046875 0.05624999999999999
cl4yncaoh001v356fsles4wnf 0 0.33616071428571426 0.14732142857142858 0.025 0.038095238095238106
cl4ynkuw10023356fct2gneak 0 0.97265625 0.19895833333333332 0.0265625 0.035416666666666666
cl4z7h6ym000b3b6fjyo49iwn 0 0.6625 0.26053921568627453 0.01875 0.027083333333333334
cl4z8adui000f3b6f9zi2ft3x 0 0.0078125 0.5110243055555556 0.015625 0.04045138888888887
cl4z8hbub00033b6fmxmwacsm 0 0.27578125 0.29583333333333334 0.0265625 0.03333333333333333
cl4z8hh2u00073b6f6317ib98 0 0.54375 0.37916666666666665 0.028125 0.041666666666666664
cl4z8hm9k000b3b6fuxp3lqdx 0 0.47109375 0.715625 0.0328125 0.06041666666666667
cl4z8hsbb000g3b6fvzerbblc 0 0.5314220481301939 0.4395833333333333 0.0375 0.05416666666666667
cl5nkakmt0003356f8n9jh92b 2 0.4765625 0.8625 0.021875 0.03333333333333333
cl5nkcpqw0007356f73nxjnf2 0 0.762890625 0.88359375 0.03828125 0.04635416666666667
cl5nlv2jt000k356fr4ghyucl 0 0.12578125 0.12708333333333333 0.0359375 0.04583333333333333
