ckz3wzlij001f3867sol86pit 0 0.032075471698113214 0.2643278301886792 0.034375 0.056249999999999974
cl4sb9k3h0005356fgh2i05tl 0 0.05625 0.3901325757575757 0.028125 0.03333333333333333
cl4sb9r0t000a356f3fr22n3k 0 0.5235937500000001 0.028125 0.040625 0.05625
cl4sba04d000i356feuxuanko 0 0.54765625 0.26901041666666664 0.0421875 0.05625
cl4sbacfa000t356f0n0vwnmu 0 0.9035347465034965 0.109622668997669 0.0328125 0.04791666666666667
cl4sbag3j000x356fg0qnddvw 0 0.66015625 0.3350996376811594 0.0265625 0.03333333333333333
cl4sbajh60011356f1nlii7qd 0 0.6230902777777778 0.459375 0.0375 0.04375
cl4sbaodz0015356fso1rbddu 0 0.5439190764925372 0.4574743470149254 0.0359375 0.041666666666666664
cl4sbb4jr001g356foa7q96fb 0 0.19535590277777776 0.403125 0.0359375 0.04375
cl4sbb9kr001k356foz9ala52 0 0.3161658653846154 0.8909455128205128 0.0453125 0.06041666666666667
cl4sbbks3001w356fxefedoh2 0 0.21785714285714283 0.05714285714285714 0.046428571428571416 0.05476190476190476
cl4sbbo2u0020356fd0fnkq87 0 0.6590520833333333 0.6693611111111112 0.0296875 0.0375
cl4sbbrv50024356ficz1v42t 0 0.7452215660200251 0.6498787546933668 0.0265625 0.03958333333333333
cl4sbk21q0027356fftapt7ed 0 0.668309659090909 0.5390719696969697 0.0390625 0.04791666666666667
cl4sbk8io002f356fwmcd3pjv 0 0.7879464285714286 0.412797619047619 0.03125000000000009 0.03333333333333333
cl4sbkbh4002j356fm66s3m92 0 0.85390625 0.4779398148148148 0.0296875 0.030879629629629632
cl4sbkem1002n356fxfddycqm 0 0.8412856543624161 0.45032158836689035 0.040625 0.05416666666666667
cl4sbkjoj002r356fdo9o05v6 0 0.6072126116071429 0.07291666666666667 0.0265625 0.025
cl4sbkmhx002v356flj7vcxfm 0 0.8440104166666667 0.678125 0.0296875 0.040972222222222146
cl4sbkrjg002z356fw5lbw5td 0 0.8629595588235294 0.9654411764705882 0.0328125 0.04583333333333333
cl4sbl2xf003b356f7apltw6o 0 0.9573517628205128 0.8178952991452991 0.0234375 0.041666666666666664
cl4sbl6n7003f356fph1n1pui 0 0.8203125 0.7260416666666667 0.028125 0.027083333333333334
cl4sbldor003n356fz6nw845g 0 0.83046875 0.5765625 0.0265625 0.0375
cl4sblih1003r356fmkaegwgz 0 0.67875 0.8581249999999999 0.03125 0.04791666666666667
cl4sblncn003v356fdfwxtd52 0 0.13622864906832297 0.5676306935817805 0.028125 0.03958333333333333
cl4sbnp6l0043356f929tcrw6 0 0.5437773642732049 0.4635416666666667 0.034375 0.052083333333333336
cl4sbnxv00047356f8wdlcgvj 0 0.28331298828125 0.2737630208333333 0.0359375 0.05625
cl4x5svmz0003356fdijlb1j7 0 0.8359375 0.4239583333333333 0.01875 0.027083333333333334
cl4xuuxyo000n356f8derlp9a 0 0.4677083333333334 0.13472222222222222 0.035416666666666693 0.0486111111111111
cl4xvx69d000r356fyv9ewcu4 0 0.25234375 0.6329166666666667 0.0453125 0.05416666666666667
cl4xzgx0l000z356fdbvx7scy 0 0.82646484375 0.9833333333333333 0.0318359375 0.03333333333333333
cl4y18g4u0017356fzzyk4wss 0 0.5302083333333333 0.7128472222222223 0.046875 0.05625
cl4yjvzjp000f356fza9vdddz 0 0.840625 0.8385416666666666 0.028125 0.0375
cl4yl5ed5000z356fm9nkxgfo 0 0.9845052083333332 0.19270833333333334 0.02473958333333339 0.04375
cl4ylk3hu0017356fm2i4n7b1 0 0.323828125 0.95 0.04765625 0.06041666666666667
cl4ymgo9w001n356fkgsltgz1 0 0.04802083333333333 0.03951388888888889 0.0453125 0.049444444444444444
cl4yn37so001r356fvarvidkp 0 0.5342391304347827 0.023867753623188402 0.034375 0.04501811594202899
cl4z7h6ym000b3b6fjyo49iwn 0 0.69253125 0.22295833333333331 0.01875 0.027083333333333334
cl4z8adui000f3b6f9zi2ft3x 0 0.013621596534653465 0.5034859735973598 0.02724319306930693 0.05552805280528054
cl4z8hbub00033b6fmxmwacsm 0 0.30815065298507466 0.2714241293532338 0.0265625 0.033333333333333305
cl4z8hh2u00073b6f6317ib98 0 0.54375 0.37916666666666665 0.028125 0.041666666666666664
cl4z8hm9k000b3b6fuxp3lqdx 0 0.47109375 0.715625 0.0328125 0.06041666666666667
cl4z8hsbb000g3b6fvzerbblc 0 0.5326978012465374 0.4395833333333333 0.0375 0.05416666666666667
cl5nkakmt0003356f8n9jh92b 2 0.4765625 0.8625 0.021875 0.03333333333333333
