ckz3wzlij001f3867sol86pit 0 0.024446022727272726 0.2735984848484848 0.034375 0.056249999999999974
cl4sb9k3h0005356fgh2i05tl 0 0.05625 0.3905454545454546 0.028125 0.03333333333333333
cl4sb9r0t000a356f3fr22n3k 0 0.5482572115384615 0.017588141025641026 0.040625 0.03517628205128205
cl4sba04d000i356feuxuanko 0 0.5446875 0.26979166666666665 0.0421875 0.05625
cl4sbacfa000t356f0n0vwnmu 0 0.9011527534965035 0.11121066433566433 0.0328125 0.04791666666666667
cl4sbag3j000x356fg0qnddvw 0 0.65928125 0.33866666666666667 0.0265625 0.03333333333333333
cl4sbajh60011356f1nlii7qd 0 0.6121366279069768 0.4557412790697674 0.0375 0.04375
cl4sbaodz0015356fso1rbddu 0 0.5432835820895522 0.45874533582089555 0.0359375 0.041666666666666664
cl4sbb4jr001g356foa7q96fb 0 0.194140625 0.4036458333333333 0.0359375 0.04375
cl4sbb9kr001k356foz9ala52 0 0.3240985576923077 0.9178685897435898 0.03786057692307691 0.05432692307692311
cl4sbbks3001w356fxefedoh2 0 0.1171875 0.0734375 0.025 0.034375
cl4sbbo2u0020356fd0fnkq87 0 0.65859375 0.6682105654761905 0.0296875 0.0375
cl4sbbrv50024356ficz1v42t 0 0.7454347230913643 0.650162964121819 0.0265625 0.03958333333333333
cl4sbk21q0027356fftapt7ed 0 0.6493243243243243 0.5267173423423424 0.0390625 0.04791666666666667
cl4sbk8io002f356fwmcd3pjv 0 0.7811266447368421 0.4180921052631579 0.03125 0.03333333333333333
cl4sbkbh4002j356fm66s3m92 0 0.8534327651515152 0.4791666666666667 0.0296875 0.03333333333333333
cl4sbkem1002n356fxfddycqm 0 0.8352726063829786 0.4541223404255319 0.040625 0.05416666666666667
cl4sbkjoj002r356fdo9o05v6 0 0.605500637755102 0.07291666666666667 0.0265625 0.025
cl4sbkmhx002v356flj7vcxfm 0 0.8336328125 0.7169270833333333 0.030859375 0.03885416666666662
cl4sbkrjg002z356fw5lbw5td 0 0.86015625 0.9759017412935324 0.0328125 0.04583333333333333
cl4sbl2xf003b356f7apltw6o 0 0.9516059027777779 0.8280671296296297 0.0234375 0.041666666666666664
cl4sbl6n7003f356fph1n1pui 0 0.8203125 0.7260416666666667 0.028125 0.027083333333333334
cl4sbldor003n356fz6nw845g 0 0.82265625 0.5846846846846847 0.0265625 0.0375
cl4sblih1003r356fmkaegwgz 0 0.675 0.859375 0.03125 0.04791666666666667
cl4sblncn003v356fdfwxtd52 0 0.13122713414634146 0.5698018292682927 0.028125 0.03958333333333333
cl4sbnp6l0043356f929tcrw6 0 0.54375 0.4635416666666667 0.034375 0.052083333333333336
cl4sbnxv00047356f8wdlcgvj 0 0.2798076923076923 0.28345352564102566 0.0359375 0.05625000000000003
cl4x5svmz0003356fdijlb1j7 0 0.9341145833333334 0.48854166666666665 0.0203125 0.027083333333333334
cl4xuuxyo000n356f8derlp9a 0 0.401953125 0.06614583333333333 0.02578125 0.034375
cl4xvx69d000r356fyv9ewcu4 0 0.1171875 0.7427083333333333 0.04609375 0.05625
cl4y18g4u0017356fzzyk4wss 0 0.6287109375 0.78671875 0.046875 0.05625
cl4yjvzjp000f356fza9vdddz 0 0.914423076923077 0.9884615384615384 0.025 0.023076923076923113
cl4yl5ed5000z356fm9nkxgfo 0 0.9780745967741936 0.19904793906810037 0.025 0.04375
cl4ylk3hu0017356fm2i4n7b1 0 0.338671875 0.8524305555555555 0.04296875 0.06180555555555559
cl4ym22tv001f356f8g69lzlj 0 0.7171164772727273 0.890435606060606 0.04815340909090908 0.071780303030303
cl4ymgo9w001n356fkgsltgz1 0 0.1441903409090909 0.1084280303030303 0.04088068181818181 0.042234848484848486
cl4yn37so001r356fvarvidkp 0 0.569170673076923 0.07876602564102564 0.0390625 0.04791666666666667
cl4z7h6ym000b3b6fjyo49iwn 0 0.6844882246376811 0.23422403381642512 0.01875 0.027083333333333334
cl4z8adui000f3b6f9zi2ft3x 0 0.01328125 0.5100694444444444 0.0265625 0.054166666666666606
cl4z8hbub00033b6fmxmwacsm 0 0.2959248310810811 0.2792792792792793 0.0265625 0.03333333333333336
cl4z8hh2u00073b6f6317ib98 0 0.54375 0.37916666666666665 0.028125 0.041666666666666664
cl4z8hm9k000b3b6fuxp3lqdx 0 0.47109375 0.715625 0.0328125 0.06041666666666667
cl4z8hsbb000g3b6fvzerbblc 0 0.5323439664127424 0.4395833333333333 0.0375 0.05416666666666667
cl5nkakmt0003356f8n9jh92b 2 0.4765625 0.8625 0.021875 0.03333333333333333
