ckz3wzlij001f3867sol86pit 0 0.05540364583333333 0.23808936403508774 0.03429961622807017 0.05614948830409358
cl4sb9k3h0005356fgh2i05tl 0 0.055003834355828216 0.39346881390593047 0.028125 0.03333333333333333
cl4sb9r0t000a356f3fr22n3k 0 0.46171875 0.1570601851851852 0.04253472222222214 0.062268518518518515
cl4sba04d000i356feuxuanko 0 0.5649070945945945 0.22691441441441443 0.045185810810810786 0.05382882882882883
cl4sba4bd000l356fifxda70f 0 0.96328125 0.46041666666666664 0.0296875 0.03333333333333333
cl4sbacfa000t356f0n0vwnmu 0 0.9248798076923077 0.11145833333333334 0.0328125 0.04791666666666667
cl4sbag3j000x356fg0qnddvw 0 0.6603223128019324 0.32395833333333335 0.0296875 0.03958333333333333
cl4sbajh60011356f1nlii7qd 0 0.6578125 0.43385416666666665 0.021875 0.03333333333333333
cl4sbaodz0015356fso1rbddu 0 0.5582379331683168 0.4611179867986799 0.028125 0.04375
cl4sbb4jr001g356foa7q96fb 0 0.1980245535714286 0.40345238095238095 0.035937500000000025 0.04375
cl4sbb9kr001k356foz9ala52 0 0.33010110294117645 0.9212622549019609 0.04071691176470584 0.05355392156862741
cl4sbbe2n001o356fcwn1gqn6 0 0.46484375 0.3409722222222222 0.03489583333333339 0.03958333333333333
cl4sbbks3001w356fxefedoh2 0 0.45859375 0.39895833333333336 0.0390625 0.04791666666666667
cl4sbbo2u0020356fd0fnkq87 0 0.6641233766233766 0.6725965007215007 0.0296875 0.0375
cl4sbbrv50024356ficz1v42t 0 0.7452835648148148 0.6499614197530864 0.0265625 0.03958333333333333
cl4sbk21q0027356fftapt7ed 0 0.7189538043478261 0.5132699275362319 0.034375 0.04791666666666667
cl4sbk8io002f356fwmcd3pjv 0 0.8096507352941176 0.39895833333333336 0.02499999999999991 0.035416666666666666
cl4sbkbh4002j356fm66s3m92 0 0.8526513287401574 0.48042979002624675 0.0296875 0.03333333333333333
cl4sbkem1002n356fxfddycqm 0 0.8541779891304347 0.42717391304347824 0.0383831521739129 0.05416666666666667
cl4sbkjoj002r356fdo9o05v6 0 0.61171875 0.09227245862884162 0.0265625 0.03333333333333333
cl4sbkmhx002v356flj7vcxfm 0 0.83515625 0.45729166666666665 0.0203125 0.03125
cl4sbkrjg002z356fw5lbw5td 0 0.90078125 0.9158383534136546 0.0328125 0.04583333333333333
cl4sbl2xf003b356f7apltw6o 0 0.9774434840425531 0.7886081560283688 0.0234375 0.041666666666666664
cl4sbl6n7003f356fph1n1pui 0 0.8203125 0.7267782541776605 0.028125 0.027083333333333334
cl4sbldor003n356fz6nw845g 0 0.8546164772727274 0.5729166666666666 0.0265625 0.0375
cl4sblih1003r356fmkaegwgz 0 0.6967598684210526 0.8510416666666667 0.03125 0.04791666666666667
cl4sblncn003v356fdfwxtd52 0 0.15866935483870967 0.565625 0.028125 0.03958333333333333
cl4sbnp6l0043356f929tcrw6 0 0.5462073117338003 0.4635416666666667 0.034375 0.052083333333333336
cl4sbnxv00047356f8wdlcgvj 0 0.30714186946902655 0.24248709439528024 0.03604811946902653 0.05625
cl4x5svmz0003356fdijlb1j7 0 0.46104910714285713 0.44970238095238096 0.043973214285714324 0.05297619047619051
cl4xr03vs0003356f81sckspm 0 0.7046875 0.2 0.01875 0.025
cl4xuuxyo000n356f8derlp9a 0 0.70859375 0.56875 0.0296875 0.0375
cl4xvx69d000r356fyv9ewcu4 0 0.831640625 0.9322916666666666 0.0484375 0.06875
cl4xzgx0l000z356fdbvx7scy 0 0.9640625 0.471875 0.028125 0.035416666666666666
cl4y0u4f00013356f4rj5r02e 0 0.1421875 0.9 0.040625 0.05
cl4y18g4u0017356fzzyk4wss 0 0.16588541666666665 0.8650462962962961 0.04496527777777779 0.05370370370370369
cl4yjhzoy0007356fn1bc4uw6 0 0.02109375 0.10770833333333334 0.041249999999999995 0.06041666666666667
cl4yjn0pu000b356frte1icdf 0 0.12421875 0.9416666666666667 0.0484375 0.058333333333333334
cl4yjvzjp000f356fza9vdddz 0 0.9828125 0.30437500000000006 0.025 0.03458333333333332
cl4ykemum000n356fyzopq0xp 0 0.10182291666666668 0.3645833333333333 0.04375000000000001 0.07083333333333333
cl4z7h6ym000b3b6fjyo49iwn 0 0.7151041666666667 0.18090277777777777 0.01875 0.027083333333333334
cl4z8adui000f3b6f9zi2ft3x 0 0.020515422077922077 0.4830627705627705 0.041030844155844154 0.06195887445887447
cl4z8hbub00033b6fmxmwacsm 0 0.3366477272727273 0.23551136363636363 0.0296875 0.0375
cl4z8hh2u00073b6f6317ib98 0 0.54375 0.37916666666666665 0.028125 0.041666666666666664
cl4z8hm9k000b3b6fuxp3lqdx 0 0.47109375 0.715625 0.0328125 0.06041666666666667
cl4z8hsbb000g3b6fvzerbblc 0 0.5341391101108033 0.4395833333333333 0.0375 0.05416666666666667
cl5nkakmt0003356f8n9jh92b 2 0.4765625 0.8625 0.021875 0.03333333333333333
