ckz3wzlij001f3867sol86pit 0 0.04236953883495146 0.2533474919093851 0.034375 0.05625
cl4sb9k3h0005356fgh2i05tl 0 0.05625 0.3896144278606965 0.028125 0.03333333333333333
cl4sb9r0t000a356f3fr22n3k 0 0.51875 0.057291666666666664 0.040625 0.053598484848484854
cl4sba04d000i356feuxuanko 0 0.5534646739130435 0.24225543478260872 0.04096467391304346 0.060416666666666695
cl4sbacfa000t356f0n0vwnmu 0 0.9092293432203389 0.10729166666666666 0.0328125 0.04791666666666667
cl4sbag3j000x356fg0qnddvw 0 0.66015625 0.3307291666666667 0.0265625 0.03333333333333333
cl4sbajh60011356f1nlii7qd 0 0.6557765151515151 0.44166666666666665 0.021875 0.03333333333333333
cl4sbaodz0015356fso1rbddu 0 0.5491765202702703 0.45129504504504503 0.0359375 0.041666666666666664
cl4sbb4jr001g356foa7q96fb 0 0.19715730042016805 0.403125 0.0359375 0.04375
cl4sbb9kr001k356foz9ala52 0 0.30390625 0.8921527777777778 0.0453125 0.061527777777777834
cl4sbbe2n001o356fcwn1gqn6 0 0.8106770833333332 0.03819444444444445 0.036979166666666605 0.0375
cl4sbbks3001w356fxefedoh2 0 0.3109375 0.11979166666666667 0.021875 0.03958333333333333
cl4sbbo2u0020356fd0fnkq87 0 0.661130275974026 0.6712662337662337 0.0296875 0.0375
cl4sbbrv50024356ficz1v42t 0 0.7449301861702128 0.6494902482269503 0.0265625 0.03958333333333333
cl4sbk21q0027356fftapt7ed 0 0.6954288563829787 0.5387632978723403 0.0390625 0.04791666666666661
cl4sbk8io002f356fwmcd3pjv 0 0.7969429347826087 0.3977355072463768 0.03763586956521738 0.03822463768115944
cl4sbkbh4002j356fm66s3m92 0 0.8534733952702702 0.47827984234234233 0.02835726351351351 0.03155968468468468
cl4sbkem1002n356fxfddycqm 0 0.8438701923076923 0.44567307692307695 0.040625 0.05416666666666667
cl4sbkjoj002r356fdo9o05v6 0 0.6107244318181818 0.07291666666666667 0.0265625 0.025
cl4sbkmhx002v356flj7vcxfm 0 0.84734375 0.6235416666666665 0.027187499999999965 0.03791666666666664
cl4sbkrjg002z356fw5lbw5td 0 0.8794819078947368 0.9492324561403509 0.0328125 0.04583333333333333
cl4sbl2xf003b356f7apltw6o 0 0.9669497282608696 0.8021739130434783 0.0234375 0.041666666666666664
cl4sbl6n7003f356fph1n1pui 0 0.8203125 0.7260416666666667 0.028125 0.027083333333333334
cl4sbldor003n356fz6nw845g 0 0.8405691964285713 0.5708333333333333 0.0265625 0.0375
cl4sblih1003r356fmkaegwgz 0 0.6891084558823529 0.8552083333333333 0.03125 0.04791666666666667
cl4sblncn003v356fdfwxtd52 0 0.14345885093167704 0.5657026397515528 0.028125 0.03958333333333333
cl4sbnp6l0043356f929tcrw6 0 0.5445928196147111 0.4635416666666667 0.034375 0.052083333333333336
cl4sbnxv00047356f8wdlcgvj 0 0.2933763586956522 0.2575634057971014 0.0359375 0.056249999999999974
cl4x5svmz0003356fdijlb1j7 0 0.70859375 0.4239583333333333 0.0296875 0.027083333333333334
cl4xuuxyo000n356f8derlp9a 0 0.51875 0.25104166666666666 0.03125 0.04791666666666667
cl4xvx69d000r356fyv9ewcu4 0 0.47015624999999994 0.66125 0.0390625 0.05
cl4xzgx0l000z356fdbvx7scy 0 0.915625 0.840625 0.025 0.04375
cl4y18g4u0017356fzzyk4wss 0 0.3953125 0.6979166666666666 0.046875 0.058333333333333334
cl4yjvzjp000f356fza9vdddz 0 0.77890625 0.5932291666666667 0.0296875 0.036458333333333336
cl4ykxhdc000v356fuf0cfrlv 0 0.86484375 0.225 0.0328125 0.04583333333333333
cl4yl5ed5000z356fm9nkxgfo 0 0.9932207661290324 0.179872311827957 0.01355846774193541 0.0430779569892473
cl4z7h6ym000b3b6fjyo49iwn 0 0.7064275568181818 0.2065814393939394 0.01875 0.027083333333333334
cl4z8adui000f3b6f9zi2ft3x 0 0.01594854797979798 0.49662247474747473 0.03189709595959596 0.06041666666666667
cl4z8hbub00033b6fmxmwacsm 0 0.3190848214285714 0.2589285714285714 0.0265625 0.03154761904761907
cl4z8hh2u00073b6f6317ib98 0 0.54375 0.37916666666666665 0.028125 0.041666666666666664
cl4z8hm9k000b3b6fuxp3lqdx 0 0.47109375 0.715625 0.0328125 0.06041666666666667
cl4z8hsbb000g3b6fvzerbblc 0 0.5331814837257618 0.4395833333333333 0.0375 0.05416666666666667
cl5nkakmt0003356f8n9jh92b 2 0.4765625 0.8625 0.021875 0.03333333333333333
