ckz3wzlij001f3867sol86pit 0 0.08129340277777777 0.22212577160493827 0.03125 0.05416666666666667
cl4sb9k3h0005356fgh2i05tl 0 0.06130420918367348 0.37714002267573693 0.027349064625850343 0.0312641723356009
cl4sb9r0t000a356f3fr22n3k 0 0.41194196428571433 0.26845238095238094 0.034375000000000044 0.05625
cl4sb9vbv000e356fjk3h7yl0 0 0.86875 0.23229166666666667 0.0421875 0.04583333333333333
cl4sba04d000i356feuxuanko 0 0.5734375 0.21980574324324326 0.040625 0.04794481981981982
cl4sba4bd000l356fifxda70f 0 0.71796875 0.22395833333333334 0.0234375 0.035416666666666666
cl4sba9h6000p356fizta9ng7 0 0.978515625 0.0296875 0.03046875 0.03229166666666667
cl4sbacfa000t356f0n0vwnmu 0 0.938450168918919 0.10774211711711712 0.0328125 0.04791666666666667
cl4sbag3j000x356fg0qnddvw 0 0.66328125 0.32395833333333335 0.0296875 0.03958333333333333
cl4sbajh60011356f1nlii7qd 0 0.6613111413043479 0.39288949275362317 0.02112771739130439 0.03125
cl4sbaodz0015356fso1rbddu 0 0.5716471354166667 0.4471788194444445 0.028125 0.04375
cl4sbaun20018356fdw4xbwhw 0 0.2376953125 0.146875 0.041796875 0.05416666666666667
cl4sbazoa001c356f4lz6t5lf 0 0.1453125 0.76875 0.028125 0.0375
cl4sbb4jr001g356foa7q96fb 0 0.2015625 0.41013664874551975 0.034375 0.03958333333333333
cl4sbb9kr001k356foz9ala52 0 0.33337339743589745 0.8602297008547009 0.04375 0.05625
cl4sbbe2n001o356fcwn1gqn6 0 0.3078125 0.7447916666666666 0.0375 0.03958333333333333
cl4sbbh2s001s356fijizhnbu 0 0.4677734375 0.96015625 0.040625 0.05416666666666667
cl4sbbks3001w356fxefedoh2 0 0.6076171875 0.6786458333333333 0.026953125 0.034375
cl4sbbo2u0020356fd0fnkq87 0 0.66484375 0.6755046583850931 0.0296875 0.0375
cl4sbbrv50024356ficz1v42t 0 0.7475957306338028 0.653044307511737 0.0265625 0.03958333333333333
cl4sbk21q0027356fftapt7ed 0 0.7240327380952382 0.4787450396825397 0.026748511904761952 0.04375
cl4sbk6i6002b356fpuhbse8f 0 0.729296875 0.725 0.03671875 0.041666666666666664
cl4sbk8io002f356fwmcd3pjv 0 0.8393303571428572 0.37083333333333335 0.028125 0.0375
cl4sbkbh4002j356fm66s3m92 0 0.85390625 0.4782051282051282 0.0296875 0.03333333333333333
cl4sbkem1002n356fxfddycqm 0 0.8600776336477987 0.425104821802935 0.0359375 0.05416666666666667
cl4sbkjoj002r356fdo9o05v6 0 0.61171875 0.0959016393442623 0.0265625 0.03333333333333333
cl4sbkmhx002v356flj7vcxfm 0 0.8254464285714287 0.2888392857142857 0.025 0.03184523809523808
cl4sbkrjg002z356fw5lbw5td 0 0.899396756329114 0.8801160337552744 0.0328125 0.04583333333333333
cl4sbkvid0033356f9np159q3 0 0.98515625 0.9959490740740741 0.0171875 0.008101851851851905
cl4sbl2xf003b356f7apltw6o 0 0.9813237028301887 0.782193396226415 0.0234375 0.041666666666666664
cl4sbl6n7003f356fph1n1pui 0 0.8206934400826447 0.7307162534435262 0.028125 0.027083333333333334
cl4sbldor003n356fz6nw845g 0 0.8676930147058824 0.5595588235294117 0.0265625 0.0375
cl4sblih1003r356fmkaegwgz 0 0.6960668103448275 0.8495090996168583 0.03125 0.04791666666666667
cl4sblncn003v356fdfwxtd52 0 0.1724881329113924 0.5639636075949367 0.028125 0.03958333333333333
cl4sbm49z003z356fg19quzbr 0 0.7033572635135135 0.3162725225225225 0.0421875 0.058333333333333334
cl4sbnp6l0043356f929tcrw6 0 0.5501676829268293 0.465625 0.034375 0.052083333333333336
cl4sbnxv00047356f8wdlcgvj 0 0.3147715336134454 0.22358193277310925 0.028125 0.041666666666666664
cl4x5svmz0003356fdijlb1j7 0 0.1046875 0.49270833333333336 0.025 0.035416666666666666
cl4xr03vs0003356f81sckspm 0 0.801171875 0.7822916666666667 0.01875 0.022916666666666665
cl4xu8pb0000b356fd0prmlo0 0 0.0453125 0.16041666666666668 0.021875 0.029166666666666667
cl4xuplh0000f356fynap0yt1 0 0.9875 0.01875 0.01875 0.025
cl4yjcgg20003356f49v03xsc 0 0.8767857142857143 0.9901785714285715 0.0375 0.019642857142857177
cl4z7h6ym000b3b6fjyo49iwn 0 0.7274671052631578 0.1660635964912281 0.01875 0.027083333333333334
cl4z8adui000f3b6f9zi2ft3x 0 0.02372855392156863 0.4573733660130719 0.04482230392156863 0.06041666666666667
cl4z8hbub00033b6fmxmwacsm 0 0.34278944672131145 0.21185109289617488 0.0296875 0.0375
cl4z8hh2u00073b6f6317ib98 0 0.54375 0.37916666666666665 0.028125 0.041666666666666664
cl4z8hm9k000b3b6fuxp3lqdx 0 0.47109375 0.715625 0.0328125 0.06041666666666667
cl4z8hsbb000g3b6fvzerbblc 0 0.5353434470221606 0.4395833333333333 0.0375 0.05416666666666667
cl5nkakmt0003356f8n9jh92b 2 0.4765625 0.8625 0.021875 0.03333333333333333
