ckz3wzlij001f3867sol86pit 0 0.012731481481481483 0.292091049382716 0.025462962962962965 0.056249999999999974
cl4sb9k3h0005356fgh2i05tl 0 0.05625 0.3914810606060606 0.028125 0.03333333333333333
cl4sba04d000i356feuxuanko 0 0.5286768922018348 0.27753249235474003 0.0421875 0.056249999999999974
cl4sbacfa000t356f0n0vwnmu 0 0.8875 0.1125 0.028125 0.041666666666666664
cl4sbag3j000x356fg0qnddvw 0 0.6579878826530612 0.34375 0.0265625 0.03333333333333333
cl4sbajh60011356f1nlii7qd 0 0.5859375 0.40862499999999996 0.0375 0.04375
cl4sbaodz0015356fso1rbddu 0 0.5418435167910448 0.4616254664179104 0.0359375 0.041666666666666664
cl4sbb4jr001g356foa7q96fb 0 0.1935202205882353 0.40729166666666666 0.035937499999999976 0.04375
cl4sbb9kr001k356foz9ala52 0 0.3583984375 0.9895833333333334 0.036328125 0.020833333333333332
cl4sbbks3001w356fxefedoh2 0 0.00859375 0.08888888888888889 0.0171875 0.036111111111111115
cl4sbbo2u0020356fd0fnkq87 0 0.65859375 0.6666790674603175 0.0296875 0.0375
cl4sbbrv50024356ficz1v42t 0 0.7459177487484355 0.6508069983312474 0.0265625 0.03958333333333333
cl4sbk21q0027356fftapt7ed 0 0.6015964673913043 0.4783514492753624 0.0390625 0.042753623188405795
cl4sbk8io002f356fwmcd3pjv 0 0.778125 0.4389520202020202 0.03125 0.03333333333333333
cl4sbkbh4002j356fm66s3m92 0 0.85546875 0.48125 0.0296875 0.03333333333333333
cl4sbkem1002n356fxfddycqm 0 0.8248325892857142 0.46781994047619047 0.040625 0.05416666666666667
cl4sbkjoj002r356fdo9o05v6 0 0.60078125 0.075 0.0265625 0.025
cl4sbkmhx002v356flj7vcxfm 0 0.8375 0.8298611111111112 0.025 0.03472222222222226
cl4sbkrjg002z356fw5lbw5td 0 0.84453125 0.9916666666666667 0.0328125 0.016666666666666666
cl4sbl2xf003b356f7apltw6o 0 0.9383831521739131 0.8445878623188406 0.0234375 0.041666666666666664
cl4sbl6n7003f356fph1n1pui 0 0.8203125 0.7260416666666667 0.028125 0.027083333333333334
cl4sbldor003n356fz6nw845g 0 0.8125 0.6067708333333334 0.0265625 0.0375
cl4sblih1003r356fmkaegwgz 0 0.6535757211538462 0.8587339743589744 0.0375 0.05416666666666667
cl4sblncn003v356fdfwxtd52 0 0.1089111328125 0.578125 0.028125 0.03958333333333333
cl4sbnp6l0043356f929tcrw6 0 0.54375 0.4635416666666667 0.034375 0.052083333333333336
cl4sbnxv00047356f8wdlcgvj 0 0.2598229166666667 0.3053472222222222 0.0359375 0.05625
cl4y18g4u0017356fzzyk4wss 0 0.86328125 0.9104166666666667 0.0296875 0.041666666666666664
cl4yl5ed5000z356fm9nkxgfo 0 0.963515625 0.21489583333333334 0.025 0.04375
cl4ylb4b40013356fpwidj9om 0 0.39578125000000003 0.59 0.0453125 0.0625
cl4ylk3hu0017356fm2i4n7b1 0 0.14573317307692307 0.7211538461538461 0.047716346153846144 0.058333333333333334
cl4ylwkya001b356fsb0smd1g 0 0.62046875 0.8268749999999999 0.0359375 0.03958333333333333
cl4ym22tv001f356f8g69lzlj 0 0.8596354166666667 0.41458333333333336 0.0484375 0.06805555555555559
cl4ym9iww001j356fm9a6fais 0 0.2808159722222222 0.44710648148148147 0.0453125 0.06041666666666667
cl4ymgo9w001n356fkgsltgz1 0 0.3484375 0.290625 0.04375 0.04791666666666667
cl4yn37so001r356fvarvidkp 0 0.6442708333333333 0.14166666666666666 0.038541666666666696 0.04583333333333333
cl4yncaoh001v356fsles4wnf 0 0.34908088235294116 0.10845588235294118 0.027941176470588226 0.03725490196078431
cl4ynkuw10023356fct2gneak 0 0.9837890625 0.14713541666666666 0.024609375 0.03802083333333333
cl4z7h6ym000b3b6fjyo49iwn 0 0.6644396551724138 0.25678879310344827 0.01875 0.027083333333333334
cl4z8adui000f3b6f9zi2ft3x 0 0.0078125 0.5102328431372549 0.015625 0.04203431372549022
cl4z8hbub00033b6fmxmwacsm 0 0.2770123106060606 0.2941919191919192 0.0265625 0.03333333333333333
cl4z8hh2u00073b6f6317ib98 0 0.54375 0.37916666666666665 0.028125 0.041666666666666664
cl4z8hm9k000b3b6fuxp3lqdx 0 0.47109375 0.715625 0.0328125 0.06041666666666667
cl4z8hsbb000g3b6fvzerbblc 0 0.5315421572022161 0.4395833333333333 0.0375 0.05416666666666667
cl5nkakmt0003356f8n9jh92b 2 0.4765625 0.8625 0.021875 0.03333333333333333
cl5nkcpqw0007356f73nxjnf2 0 0.73796875 0.9387500000000001 0.037812499999999985 0.04666666666666674
cl5nlv2jt000k356fr4ghyucl 0 0.07734375 0.12569444444444444 0.0421875 0.05694444444444445
