ckz3wzlij001f3867sol86pit 0 0.0654296875 0.23175712719298247 0.03324424342105263 0.05474232456140351
cl4sb9k3h0005356fgh2i05tl 0 0.05935359589041096 0.38952625570776256 0.028125 0.03333333333333333
cl4sb9r0t000a356f3fr22n3k 0 0.4309895833333333 0.21400462962962966 0.0390625 0.06365740740740741
cl4sba04d000i356feuxuanko 0 0.5684291294642858 0.22334449404761905 0.041880580357142795 0.05167410714285715
cl4sba4bd000l356fifxda70f 0 0.8598958333333332 0.37916666666666665 0.029166666666666608 0.03611111111111107
cl4sbacfa000t356f0n0vwnmu 0 0.9322225765306122 0.11145833333333334 0.0328125 0.04791666666666667
cl4sbag3j000x356fg0qnddvw 0 0.6626471920289856 0.32395833333333335 0.0296875 0.03958333333333333
cl4sbajh60011356f1nlii7qd 0 0.6563125000000001 0.41062499999999996 0.021875 0.03333333333333333
cl4sbaodz0015356fso1rbddu 0 0.5641939975247524 0.45635313531353133 0.028125 0.04375
cl4sbb4jr001g356foa7q96fb 0 0.20234375 0.40729166666666666 0.0359375 0.04375
cl4sbb9kr001k356foz9ala52 0 0.346875 0.9052083333333333 0.04375 0.05625
cl4sbbe2n001o356fcwn1gqn6 0 0.3614583333333333 0.5577546296296296 0.03402777777777777 0.03958333333333333
cl4sbbks3001w356fxefedoh2 0 0.49552556818181814 0.5351325757575758 0.031392045454545506 0.039962121212121164
cl4sbbo2u0020356fd0fnkq87 0 0.66484375 0.6736326777087647 0.0296875 0.0375
cl4sbbrv50024356ficz1v42t 0 0.7464018485915493 0.6514524647887324 0.0265625 0.03958333333333333
cl4sbk21q0027356fftapt7ed 0 0.71796875 0.49583333333333335 0.0296875 0.04375
cl4sbk8io002f356fwmcd3pjv 0 0.8340725806451612 0.3904569892473118 0.028125 0.0375
cl4sbkbh4002j356fm66s3m92 0 0.8535803297546012 0.47960122699386504 0.0296875 0.03333333333333333
cl4sbkem1002n356fxfddycqm 0 0.8578969594594594 0.4261542792792793 0.0359375 0.05416666666666667
cl4sbkjoj002r356fdo9o05v6 0 0.61171875 0.09522058823529411 0.0265625 0.03333333333333333
cl4sbkmhx002v356flj7vcxfm 0 0.8443359375 0.38229166666666664 0.021875 0.029166666666666667
cl4sbkrjg002z356fw5lbw5td 0 0.90078125 0.8998475609756098 0.0328125 0.04583333333333333
cl4sbl2xf003b356f7apltw6o 0 0.9790961671270718 0.788823664825046 0.0234375 0.041666666666666664
cl4sbl6n7003f356fph1n1pui 0 0.8203125 0.7284713060686017 0.028125 0.027083333333333334
cl4sbldor003n356fz6nw845g 0 0.8616691468253969 0.5645833333333333 0.0265625 0.0375
cl4sblih1003r356fmkaegwgz 0 0.7026726973684211 0.8510416666666667 0.03125 0.04791666666666667
cl4sblncn003v356fdfwxtd52 0 0.16565755208333333 0.565625 0.028125 0.03958333333333333
cl4sbnp6l0043356f929tcrw6 0 0.546875 0.4635416666666667 0.034375 0.052083333333333336
cl4sbnxv00047356f8wdlcgvj 0 0.3111902573529412 0.2350796568627451 0.034237132352941166 0.04981617647058825
cl4x5svmz0003356fdijlb1j7 0 0.301171875 0.45989583333333334 0.03671875 0.051041666666666666
cl4xr03vs0003356f81sckspm 0 0.7189062500000001 0.45229166666666665 0.01875 0.025
cl4xu8pb0000b356fd0prmlo0 0 0.06875 0.478125 0.021875 0.03125
cl4xuuxyo000n356f8derlp9a 0 0.83515625 0.7395833333333334 0.0390625 0.05
cl4xzgx0l000z356fdbvx7scy 0 0.9703125 0.2328125 0.0234375 0.03854166666666667
cl4y0u4f00013356f4rj5r02e 0 0.38325892857142857 0.9267857142857143 0.041071428571428606 0.05119047619047627
cl4ykemum000n356fyzopq0xp 0 0.00703125 0.654513888888889 0.0140625 0.07291666666666667
cl4z79cal00033b6ftsy89od7 0 0.48515625 0.9929166666666667 0.0234375 0.01416666666666669
cl4z7h6ym000b3b6fjyo49iwn 0 0.7203125 0.17768817204301077 0.01875 0.027083333333333334
cl4z8adui000f3b6f9zi2ft3x 0 0.021512459150326797 0.4765795206971678 0.0426062091503268 0.06041666666666667
cl4z8hbub00033b6fmxmwacsm 0 0.34125 0.229375 0.0296875 0.0375
cl4z8hh2u00073b6f6317ib98 0 0.54375 0.37916666666666665 0.028125 0.041666666666666664
cl4z8hm9k000b3b6fuxp3lqdx 0 0.47109375 0.715625 0.0328125 0.06041666666666667
cl4z8hsbb000g3b6fvzerbblc 0 0.5346390235457064 0.4395833333333333 0.0375 0.05416666666666667
cl5nkakmt0003356f8n9jh92b 2 0.4765625 0.8625 0.021875 0.03333333333333333
