ckz3wzlij001f3867sol86pit 0 0.07653356481481481 0.22916666666666666 0.03153935185185186 0.05416666666666667
cl4sb9k3h0005356fgh2i05tl 0 0.057973030821917806 0.3858447488584475 0.028124999999999994 0.03333333333333333
cl4sb9r0t000a356f3fr22n3k 0 0.419140625 0.246875 0.03671875 0.05625
cl4sba04d000i356feuxuanko 0 0.5725694444444445 0.22083333333333333 0.040625 0.05
cl4sba4bd000l356fifxda70f 0 0.77421875 0.290625 0.0359375 0.04375
cl4sbacfa000t356f0n0vwnmu 0 0.9385937500000001 0.11229166666666668 0.0328125 0.047916666666666684
cl4sbag3j000x356fg0qnddvw 0 0.66328125 0.32395833333333335 0.0296875 0.03958333333333333
cl4sbajh60011356f1nlii7qd 0 0.6584895833333333 0.404375 0.0203125 0.029305555555555547
cl4sbaodz0015356fso1rbddu 0 0.5700255102040817 0.4493409863945578 0.028125 0.04375
cl4sbaun20018356fdw4xbwhw 0 0.27578125 0.023958333333333335 0.0234375 0.04791666666666667
cl4sbazoa001c356f4lz6t5lf 0 0.08078125 0.9164583333333333 0.0265625 0.035416666666666666
cl4sbb4jr001g356foa7q96fb 0 0.2015625 0.4072443181818182 0.034375 0.040435606060606054
cl4sbb9kr001k356foz9ala52 0 0.3465625 0.8622916666666666 0.04375 0.05625
cl4sbbe2n001o356fcwn1gqn6 0 0.33882812500000004 0.6327083333333333 0.024843750000000008 0.03125
cl4sbbh2s001s356fijizhnbu 0 0.478125 0.9696078431372548 0.046875 0.05637254901960785
cl4sbbks3001w356fxefedoh2 0 0.5447916666666667 0.6083333333333333 0.025 0.03333333333333333
cl4sbbo2u0020356fd0fnkq87 0 0.66484375 0.674745514147688 0.0296875 0.0375
cl4sbbrv50024356ficz1v42t 0 0.7471115757042254 0.6523987676056339 0.0265625 0.03958333333333333
cl4sbk21q0027356fftapt7ed 0 0.7208308995327103 0.4888921339563863 0.0296875 0.04375
cl4sbk6i6002b356fpuhbse8f 0 0.683203125 0.8622395833333333 0.0359375 0.05572916666666667
cl4sbk8io002f356fwmcd3pjv 0 0.8375 0.3755712365591398 0.028125 0.0375
cl4sbkbh4002j356fm66s3m92 0 0.85390625 0.480088141025641 0.0296875 0.03149038461538461
cl4sbkem1002n356fxfddycqm 0 0.8592128537735849 0.4262578616352201 0.0359375 0.05416666666666667
cl4sbkjoj002r356fdo9o05v6 0 0.61171875 0.09740437158469946 0.0265625 0.03333333333333333
cl4sbkmhx002v356flj7vcxfm 0 0.8330729166666666 0.3222222222222222 0.0265625 0.03333333333333333
cl4sbkrjg002z356fw5lbw5td 0 0.90078125 0.8887931034482759 0.0328125 0.04583333333333333
cl4sbl2xf003b356f7apltw6o 0 0.9802097720994475 0.7843692449355433 0.0234375 0.041666666666666664
cl4sbl6n7003f356fph1n1pui 0 0.8203125 0.7298895118733509 0.028125 0.027083333333333334
cl4sbldor003n356fz6nw845g 0 0.86484375 0.564247311827957 0.0265625 0.0375
cl4sblih1003r356fmkaegwgz 0 0.6935546875 0.8547247023809524 0.03125 0.04791666666666667
cl4sblncn003v356fdfwxtd52 0 0.16838492990654205 0.565625 0.028125 0.03958333333333333
cl4sbm49z003z356fg19quzbr 0 0.6764508928571429 0.12291666666666666 0.0421875 0.058333333333333334
cl4sbnp6l0043356f929tcrw6 0 0.5478500000000001 0.4635416666666667 0.034375 0.052083333333333336
cl4sbnxv00047356f8wdlcgvj 0 0.3110367063492064 0.22903439153439153 0.028125 0.041666666666666664
cl4x5svmz0003356fdijlb1j7 0 0.18716517857142856 0.43407738095238096 0.04531249999999998 0.052678571428571415
cl4xr03vs0003356f81sckspm 0 0.757638888888889 0.6754629629629629 0.01875 0.025
cl4xu8pb0000b356fd0prmlo0 0 0.09031249999999999 0.2889583333333333 0.021875 0.03125
cl4xuuxyo000n356f8derlp9a 0 0.9576171875 0.90703125 0.029296875 0.0390625
cl4z7h6ym000b3b6fjyo49iwn 0 0.7198029891304347 0.17395833333333333 0.01875 0.027083333333333334
cl4z8adui000f3b6f9zi2ft3x 0 0.022829861111111113 0.465162037037037 0.04392361111111111 0.06041666666666667
cl4z8hbub00033b6fmxmwacsm 0 0.3416623975409836 0.22086748633879782 0.0296875 0.0375
cl4z8hh2u00073b6f6317ib98 0 0.54375 0.37916666666666665 0.028125 0.041666666666666664
cl4z8hm9k000b3b6fuxp3lqdx 0 0.47109375 0.715625 0.0328125 0.06041666666666667
cl4z8hsbb000g3b6fvzerbblc 0 0.5350577822022161 0.4395833333333333 0.0375 0.05416666666666667
cl5nkakmt0003356f8n9jh92b 2 0.4765625 0.8625 0.021875 0.03333333333333333
