ckz3wzlij001f3867sol86pit 0 0.03251768867924528 0.2638561320754717 0.034375 0.05625
cl4sb9k3h0005356fgh2i05tl 0 0.05625 0.3901098484848485 0.028125 0.03333333333333333
cl4sb9r0t000a356f3fr22n3k 0 0.52140625 0.028125 0.040625 0.05625
cl4sba04d000i356feuxuanko 0 0.54765625 0.2674479166666667 0.0421875 0.05625
cl4sbacfa000t356f0n0vwnmu 0 0.9036658653846154 0.10953525641025642 0.0328125 0.04791666666666667
cl4sbag3j000x356fg0qnddvw 0 0.66015625 0.3348278985507246 0.0265625 0.03333333333333333
cl4sbajh60011356f1nlii7qd 0 0.6236111111111111 0.459375 0.0375 0.04375
cl4sbaodz0015356fso1rbddu 0 0.543954057835821 0.45740438432835817 0.0359375 0.041666666666666664
cl4sbb4jr001g356foa7q96fb 0 0.19542100694444448 0.403125 0.035937500000000025 0.04375
cl4sbb9kr001k356foz9ala52 0 0.31508413461538465 0.8923878205128205 0.0453125 0.06041666666666667
cl4sbbks3001w356fxefedoh2 0 0.21752232142857145 0.05669642857142857 0.040401785714285696 0.05029761904761905
cl4sbbo2u0020356fd0fnkq87 0 0.6591770833333334 0.6695277777777778 0.0296875 0.0375
cl4sbbrv50024356ficz1v42t 0 0.7452098326032541 0.6498631101376721 0.0265625 0.03958333333333333
cl4sbk21q0027356fftapt7ed 0 0.6694176136363637 0.5397537878787878 0.0390625 0.04791666666666661
cl4sbk8io002f356fwmcd3pjv 0 0.7891276041666666 0.4183159722222222 0.03124999999999991 0.03333333333333333
cl4sbkbh4002j356fm66s3m92 0 0.85390625 0.4778009259259259 0.0296875 0.03060185185185187
cl4sbkem1002n356fxfddycqm 0 0.8413485738255033 0.45015380313199105 0.040625 0.05416666666666667
cl4sbkjoj002r356fdo9o05v6 0 0.6072963169642857 0.07291666666666667 0.0265625 0.025
cl4sbkmhx002v356flj7vcxfm 0 0.8375 0.6854166666666667 0.034375 0.04583333333333333
cl4sbkrjg002z356fw5lbw5td 0 0.8632352941176471 0.9647058823529412 0.0328125 0.04583333333333333
cl4sbl2xf003b356f7apltw6o 0 0.9575921474358975 0.8172542735042735 0.0234375 0.041666666666666664
cl4sbl6n7003f356fph1n1pui 0 0.8203125 0.7260416666666667 0.028125 0.027083333333333334
cl4sbldor003n356fz6nw845g 0 0.8300426136363637 0.5755681818181818 0.0265625 0.0375
cl4sblih1003r356fmkaegwgz 0 0.6791071428571429 0.8580059523809525 0.03125 0.04791666666666667
cl4sblncn003v356fdfwxtd52 0 0.13651979813664597 0.5675530538302277 0.028125 0.03958333333333333
cl4sbnp6l0043356f929tcrw6 0 0.5438102014010509 0.4635416666666667 0.034375 0.052083333333333336
cl4sbnxv00047356f8wdlcgvj 0 0.28353271484375 0.27337239583333334 0.0359375 0.05625
cl4x5svmz0003356fdijlb1j7 0 0.81875 0.42604166666666665 0.01875 0.027083333333333334
cl4xuuxyo000n356f8derlp9a 0 0.45375 0.13958333333333334 0.04249999999999998 0.055000000000000014
cl4xvx69d000r356fyv9ewcu4 0 0.26546875000000003 0.6529166666666666 0.0453125 0.05416666666666667
cl4xzgx0l000z356fdbvx7scy 0 0.8331597222222221 0.9828703703703704 0.028472222222222322 0.03425925925925929
cl4y18g4u0017356fzzyk4wss 0 0.524140625 0.7184375000000001 0.046875 0.05625
cl4yjvzjp000f356fza9vdddz 0 0.8296875 0.8328125 0.028125 0.03854166666666667
cl4yl5ed5000z356fm9nkxgfo 0 0.984765625 0.19270833333333334 0.02421875 0.04375
cl4ylk3hu0017356fm2i4n7b1 0 0.32734375 0.9620833333333333 0.047812500000000036 0.06416666666666669
cl4ymgo9w001n356fkgsltgz1 0 0.042708333333333334 0.03784722222222222 0.045312500000000006 0.04861111111111111
cl4yn37so001r356fvarvidkp 0 0.5317934782608695 0.02223731884057971 0.034375 0.042844202898550725
cl4z7h6ym000b3b6fjyo49iwn 0 0.69309375 0.22245833333333334 0.01875 0.027083333333333334
cl4z8adui000f3b6f9zi2ft3x 0 0.013714418316831683 0.5033003300330033 0.027428836633663366 0.055899339933993396
cl4z8hbub00033b6fmxmwacsm 0 0.30857042910447763 0.27086442786069653 0.0265625 0.03333333333333333
cl4z8hh2u00073b6f6317ib98 0 0.54375 0.37916666666666665 0.028125 0.041666666666666664
cl4z8hm9k000b3b6fuxp3lqdx 0 0.47109375 0.715625 0.0328125 0.06041666666666667
cl4z8hsbb000g3b6fvzerbblc 0 0.5327172783933518 0.4395833333333333 0.0375 0.05416666666666667
cl5nkakmt0003356f8n9jh92b 2 0.4765625 0.8625 0.021875 0.03333333333333333
