ckz3wzlij001f3867sol86pit 0 0.017165389150943393 0.28885613207547167 0.031677476415094344 0.05625
cl4sb9k3h0005356fgh2i05tl 0 0.05625 0.3911439393939394 0.028125 0.03333333333333333
cl4sba04d000i356feuxuanko 0 0.5333533653846154 0.2760416666666667 0.0421875 0.05625
cl4sbacfa000t356f0n0vwnmu 0 0.8916600318471339 0.11239384288747346 0.02860270700636942 0.04604564755838642
cl4sbag3j000x356fg0qnddvw 0 0.6592278079710144 0.34375 0.0265625 0.03333333333333333
cl4sbajh60011356f1nlii7qd 0 0.5958026960784314 0.42849264705882356 0.0375 0.04375
cl4sbaodz0015356fso1rbddu 0 0.5423624067164179 0.4605876865671642 0.0359375 0.041666666666666664
cl4sbb4jr001g356foa7q96fb 0 0.19296875 0.4063058035714286 0.0359375 0.04375
cl4sbb9kr001k356foz9ala52 0 0.36246875 0.9739166666666667 0.0390625 0.05216666666666671
cl4sbbks3001w356fxefedoh2 0 0.0421875 0.053125 0.0296875 0.03333333333333333
cl4sbbo2u0020356fd0fnkq87 0 0.65859375 0.6672309027777777 0.0296875 0.0375
cl4sbbrv50024356ficz1v42t 0 0.745743703066333 0.6505749374217772 0.0265625 0.03958333333333333
cl4sbk21q0027356fftapt7ed 0 0.6205133928571429 0.5044345238095238 0.0390625 0.04791666666666667
cl4sbk8io002f356fwmcd3pjv 0 0.7783617424242424 0.4330176767676768 0.03125 0.03333333333333333
cl4sbkbh4002j356fm66s3m92 0 0.8552875905797102 0.47892512077294686 0.0296875 0.03333333333333333
cl4sbkem1002n356fxfddycqm 0 0.8265625 0.4618333333333334 0.040625 0.05416666666666667
cl4sbkjoj002r356fdo9o05v6 0 0.6030041881443299 0.0735180412371134 0.0265625 0.025
cl4sbkmhx002v356flj7vcxfm 0 0.8349826388888889 0.7850694444444445 0.03420138888888893 0.04513888888888893
cl4sbkrjg002z356fw5lbw5td 0 0.849732448630137 0.9870433789954338 0.0328125 0.025913242009132396
cl4sbl2xf003b356f7apltw6o 0 0.942902260638298 0.8375886524822695 0.0234375 0.041666666666666664
cl4sbl6n7003f356fph1n1pui 0 0.8203125 0.7260416666666667 0.028125 0.027083333333333334
cl4sbldor003n356fz6nw845g 0 0.816515261627907 0.59375 0.0265625 0.0375
cl4sblih1003r356fmkaegwgz 0 0.6575871394230769 0.8622996794871794 0.0375 0.05416666666666667
cl4sblncn003v356fdfwxtd52 0 0.11756717289719627 0.5751460280373831 0.028125 0.03958333333333333
cl4sbnp6l0043356f929tcrw6 0 0.54375 0.4635416666666667 0.034375 0.052083333333333336
cl4sbnxv00047356f8wdlcgvj 0 0.267436835106383 0.29827127659574465 0.0359375 0.05625
cl4y18g4u0017356fzzyk4wss 0 0.7768750000000001 0.85875 0.03875000000000002 0.05
cl4yl5ed5000z356fm9nkxgfo 0 0.96875 0.21145833333333333 0.025 0.04375
cl4ylb4b40013356fpwidj9om 0 0.3900669642857143 0.7303571428571428 0.04531250000000005 0.0625
cl4ylk3hu0017356fm2i4n7b1 0 0.225 0.7604166666666666 0.04375 0.058333333333333334
cl4ylwkya001b356fsb0smd1g 0 0.556640625 0.8970052083333333 0.0359375 0.048177083333333336
cl4ym22tv001f356f8g69lzlj 0 0.8120998475609756 0.582494918699187 0.0484375 0.07637195121951225
cl4ym9iww001j356fm9a6fais 0 0.17453124999999997 0.5689583333333333 0.051562499999999976 0.05625
cl4ymgo9w001n356fkgsltgz1 0 0.2738467261904762 0.22842261904761904 0.0484375 0.04791666666666667
cl4yn37so001r356fvarvidkp 0 0.6210069444444445 0.10856481481481482 0.03715277777777777 0.04907407407407406
cl4yncaoh001v356fsles4wnf 0 0.40591517857142856 0.044047619047619044 0.0265625 0.03333333333333333
cl4ynjhpt001z356fqic0b1ce 0 0.5515625 0.0125 0.0375 0.025
cl4z7h6ym000b3b6fjyo49iwn 0 0.6723011363636363 0.24649621212121212 0.01875 0.027083333333333334
cl4z8adui000f3b6f9zi2ft3x 0 0.009206882911392406 0.5075158227848101 0.01841376582278481 0.04251054852320676
cl4z8hbub00033b6fmxmwacsm 0 0.2819393382352941 0.2886029411764706 0.0265625 0.03333333333333333
cl4z8hh2u00073b6f6317ib98 0 0.54375 0.37916666666666665 0.028125 0.041666666666666664
cl4z8hm9k000b3b6fuxp3lqdx 0 0.47109375 0.715625 0.0328125 0.06041666666666667
cl4z8hsbb000g3b6fvzerbblc 0 0.5318310682132964 0.4395833333333333 0.0375 0.05416666666666667
cl5nkakmt0003356f8n9jh92b 2 0.4765625 0.8625 0.021875 0.03333333333333333
