ckz3wzlij001f3867sol86pit 0 0.07921006944444445 0.22675540123456792 0.03125 0.05416666666666667
cl4sb9k3h0005356fgh2i05tl 0 0.059008290816326525 0.38258219954648526 0.027859268707483 0.032624716553288025
cl4sb9r0t000a356f3fr22n3k 0 0.42272727272727273 0.2651830808080808 0.034375 0.05625
cl4sb9vbv000e356fjk3h7yl0 0 0.9484375 0.2520833333333333 0.0421875 0.04583333333333333
cl4sba04d000i356feuxuanko 0 0.5734375 0.22048141891891893 0.040625 0.04929617117117117
cl4sba4bd000l356fifxda70f 0 0.74296875 0.2625 0.03489583333333339 0.04444444444444443
cl4sbacfa000t356f0n0vwnmu 0 0.9394636824324325 0.11044481981981982 0.0328125 0.04791666666666667
cl4sbag3j000x356fg0qnddvw 0 0.66328125 0.32395833333333335 0.0296875 0.03958333333333333
cl4sbajh60011356f1nlii7qd 0 0.6599702380952381 0.3998842592592593 0.021230158730158787 0.03039021164021166
cl4sbaodz0015356fso1rbddu 0 0.5703125 0.44895833333333335 0.028125 0.04375
cl4sbaun20018356fdw4xbwhw 0 0.25556640625 0.05846354166666667 0.0291015625 0.045572916666666664
cl4sbazoa001c356f4lz6t5lf 0 0.11328125 0.8536458333333333 0.0265625 0.035416666666666666
cl4sbb4jr001g356foa7q96fb 0 0.2015625 0.40882260101010104 0.034375 0.039804292929292905
cl4sbb9kr001k356foz9ala52 0 0.338625 0.856125 0.04375 0.05625
cl4sbbe2n001o356fcwn1gqn6 0 0.32734375 0.6715277777777778 0.0380208333333333 0.052777777777777736
cl4sbbh2s001s356fijizhnbu 0 0.473046875 0.9703125 0.04296875 0.05520833333333333
cl4sbbks3001w356fxefedoh2 0 0.5859375 0.6305555555555554 0.046875 0.05138888888888893
cl4sbbo2u0020356fd0fnkq87 0 0.66484375 0.675090579710145 0.0296875 0.0375
cl4sbbrv50024356ficz1v42t 0 0.7473316461267606 0.6526921948356808 0.0265625 0.03958333333333333
cl4sbk21q0027356fftapt7ed 0 0.7222470238095238 0.4846974206349206 0.028534226190476186 0.04375
cl4sbk6i6002b356fpuhbse8f 0 0.70654296875 0.7967447916666667 0.0380859375 0.045572916666666664
cl4sbk8io002f356fwmcd3pjv 0 0.8375 0.37153897849462364 0.028125 0.0375
cl4sbkbh4002j356fm66s3m92 0 0.85390625 0.479286858974359 0.0296875 0.033092948717948725
cl4sbkem1002n356fxfddycqm 0 0.8596059355345911 0.425733752620545 0.0359375 0.05416666666666667
cl4sbkjoj002r356fdo9o05v6 0 0.61171875 0.09672131147540983 0.0265625 0.03333333333333333
cl4sbkmhx002v356flj7vcxfm 0 0.82984375 0.30604166666666666 0.0265625 0.03333333333333333
cl4sbkrjg002z356fw5lbw5td 0 0.9003461234177216 0.8851793248945147 0.0328125 0.04583333333333333
cl4sbl2xf003b356f7apltw6o 0 0.9806161556603774 0.7831367924528302 0.0234375 0.041666666666666664
cl4sbl6n7003f356fph1n1pui 0 0.8203835227272727 0.7303030303030303 0.028125 0.027083333333333334
cl4sbldor003n356fz6nw845g 0 0.865377286585366 0.561788617886179 0.0265625 0.0375
cl4sblih1003r356fmkaegwgz 0 0.6908943965517241 0.8552562260536399 0.03125 0.04791666666666667
cl4sblncn003v356fdfwxtd52 0 0.16964003164556962 0.5652294303797468 0.028125 0.03958333333333333
cl4sbm49z003z356fg19quzbr 0 0.68046875 0.21875 0.0421875 0.058333333333333334
cl4sbnp6l0043356f929tcrw6 0 0.54835 0.4635416666666667 0.034375 0.052083333333333336
cl4sbnxv00047356f8wdlcgvj 0 0.31302083333333336 0.2263888888888889 0.028125 0.041666666666666664
cl4x5svmz0003356fdijlb1j7 0 0.14296875 0.46145833333333336 0.0296875 0.035416666666666666
cl4xr03vs0003356f81sckspm 0 0.7691964285714286 0.7279761904761906 0.01875 0.025
cl4xu8pb0000b356fd0prmlo0 0 0.06927083333333334 0.22395833333333334 0.021875 0.03125
cl4xuskuw000j356f3ybq9i2c 0 0.01796875 0.9916666666666667 0.0203125 0.016666666666666666
cl4z7h6ym000b3b6fjyo49iwn 0 0.7230377906976744 0.17032461240310076 0.01875 0.027083333333333334
cl4z8adui000f3b6f9zi2ft3x 0 0.023238357843137256 0.46162173202614376 0.04433210784313725 0.06041666666666667
cl4z8hbub00033b6fmxmwacsm 0 0.34217469262295086 0.21676912568306012 0.0296875 0.0375
cl4z8hh2u00073b6f6317ib98 0 0.54375 0.37916666666666665 0.028125 0.041666666666666664
cl4z8hm9k000b3b6fuxp3lqdx 0 0.47109375 0.715625 0.0328125 0.06041666666666667
cl4z8hsbb000g3b6fvzerbblc 0 0.5351876298476455 0.4395833333333333 0.0375 0.05416666666666667
cl5nkakmt0003356f8n9jh92b 2 0.4765625 0.8625 0.021875 0.03333333333333333
