ckz3wzlij001f3867sol86pit 0 0.020397727272727272 0.2861931818181818 0.034375 0.05625
cl4sb9k3h0005356fgh2i05tl 0 0.05625 0.390905303030303 0.028125 0.03333333333333333
cl4sba04d000i356feuxuanko 0 0.54140625 0.275 0.0421875 0.05625
cl4sbacfa000t356f0n0vwnmu 0 0.895735469745223 0.11197584925690023 0.030483678343949095 0.046881634819532905
cl4sbag3j000x356fg0qnddvw 0 0.65859375 0.34205426356589147 0.0265625 0.03333333333333333
cl4sbajh60011356f1nlii7qd 0 0.6035752118644068 0.4424258474576271 0.0375 0.04375
cl4sbaodz0015356fso1rbddu 0 0.5427297108208955 0.45985307835820893 0.0359375 0.041666666666666664
cl4sbb4jr001g356foa7q96fb 0 0.1930160984848485 0.40514520202020204 0.0359375 0.04375
cl4sbb9kr001k356foz9ala52 0 0.3513200431034483 0.9455459770114943 0.0390625 0.05416666666666667
cl4sbbks3001w356fxefedoh2 0 0.08171874999999999 0.018541666666666668 0.037187500000000005 0.037083333333333336
cl4sbbo2u0020356fd0fnkq87 0 0.65859375 0.6676215277777777 0.0296875 0.0375
cl4sbbrv50024356ficz1v42t 0 0.7456205021902378 0.6504106695869838 0.0265625 0.03958333333333333
cl4sbk21q0027356fftapt7ed 0 0.6330972546728972 0.5147877725856698 0.0390625 0.04791666666666661
cl4sbk8io002f356fwmcd3pjv 0 0.7821572580645162 0.430426747311828 0.028780241935483897 0.031686827956989266
cl4sbkbh4002j356fm66s3m92 0 0.85390625 0.4774038461538462 0.0296875 0.03333333333333333
cl4sbkem1002n356fxfddycqm 0 0.8281081989247312 0.45835573476702507 0.040625 0.05416666666666667
cl4sbkjoj002r356fdo9o05v6 0 0.60433349609375 0.07291666666666667 0.0265625 0.025
cl4sbkmhx002v356flj7vcxfm 0 0.8349330357142858 0.7645833333333333 0.0328125 0.04404761904761898
cl4sbkrjg002z356fw5lbw5td 0 0.8537778253424657 0.9834474885844748 0.0328125 0.03310502283105023
cl4sbl2xf003b356f7apltw6o 0 0.946767769607843 0.8337009803921569 0.0234375 0.041666666666666664
cl4sbl6n7003f356fph1n1pui 0 0.8203125 0.7260416666666667 0.028125 0.027083333333333334
cl4sbldor003n356fz6nw845g 0 0.819995777027027 0.5925112612612613 0.0265625 0.0375
cl4sblih1003r356fmkaegwgz 0 0.6683059210526316 0.860592105263158 0.0336842105263158 0.050350877192982445
cl4sblncn003v356fdfwxtd52 0 0.12688262195121952 0.5717327235772358 0.028125 0.03958333333333333
cl4sbnp6l0043356f929tcrw6 0 0.54375 0.4635416666666667 0.034375 0.052083333333333336
cl4sbnxv00047356f8wdlcgvj 0 0.2732111565420561 0.292786214953271 0.0359375 0.05625
cl4xuuxyo000n356f8derlp9a 0 0.36953125 0.022916666666666665 0.0390625 0.04583333333333333
cl4xvx69d000r356fyv9ewcu4 0 0.07734375 0.9114583333333334 0.0421875 0.052083333333333336
cl4y18g4u0017356fzzyk4wss 0 0.709375 0.8260416666666667 0.046875 0.05625
cl4yl5ed5000z356fm9nkxgfo 0 0.973210685483871 0.20749327956989247 0.025 0.04375
cl4ylb4b40013356fpwidj9om 0 0.37859374999999995 0.8566666666666667 0.044062499999999984 0.0625
cl4ylk3hu0017356fm2i4n7b1 0 0.2752232142857143 0.7712797619047619 0.04375 0.06458333333333334
cl4ylwkya001b356fsb0smd1g 0 0.5254774305555555 0.9524305555555556 0.03402777777777777 0.03958333333333333
cl4ym22tv001f356f8g69lzlj 0 0.7674107142857143 0.7047619047619047 0.051785714285714324 0.07916666666666666
cl4ym9iww001j356fm9a6fais 0 0.07786458333333332 0.5569444444444444 0.05312499999999999 0.05833333333333327
cl4ymgo9w001n356fkgsltgz1 0 0.22033155487804876 0.17339939024390244 0.04843749999999998 0.04791666666666667
cl4yn37so001r356fvarvidkp 0 0.607421875 0.08346354166666667 0.041015625 0.04791666666666667
cl4yncaoh001v356fsles4wnf 0 0.45234375 0.004166666666666667 0.0296875 0.008333333333333333
cl4z7h6ym000b3b6fjyo49iwn 0 0.6777068661971831 0.24156396713615022 0.01875 0.027083333333333334
cl4z8adui000f3b6f9zi2ft3x 0 0.0113671875 0.51109375 0.022734375 0.05135416666666662
cl4z8hbub00033b6fmxmwacsm 0 0.2877297794117647 0.2847426470588236 0.0265625 0.03333333333333333
cl4z8hh2u00073b6f6317ib98 0 0.54375 0.37916666666666665 0.028125 0.041666666666666664
cl4z8hm9k000b3b6fuxp3lqdx 0 0.47109375 0.715625 0.0328125 0.06041666666666667
cl4z8hsbb000g3b6fvzerbblc 0 0.5320355782548477 0.4395833333333333 0.0375 0.05416666666666667
cl5nkakmt0003356f8n9jh92b 2 0.4765625 0.8625 0.021875 0.03333333333333333
