ckz3wzlij001f3867sol86pit 0 0.10206404320987654 0.2154835390946502 0.03125 0.05416666666666667
cl4sb9k3h0005356fgh2i05tl 0 0.06561783256880735 0.36255733944954127 0.0265625 0.029166666666666667
cl4sb9r0t000a356f3fr22n3k 0 0.41060267857142857 0.3126488095238095 0.034449404761904744 0.05625
cl4sb9vbv000e356fjk3h7yl0 0 0.6638494318181818 0.14337121212121212 0.04019886363636367 0.045833333333333316
cl4sba04d000i356feuxuanko 0 0.5806640625 0.20807291666666666 0.040625 0.04791666666666667
cl4sba4bd000l356fifxda70f 0 0.6505208333333334 0.12604166666666666 0.033333333333333305 0.03819444444444446
cl4sba9h6000p356fizta9ng7 0 0.9248437500000002 0.04458333333333333 0.030312499999999964 0.0425
cl4sbacfa000t356f0n0vwnmu 0 0.9447889819587629 0.10430627147766323 0.0328125 0.04791666666666667
cl4sbag3j000x356fg0qnddvw 0 0.66328125 0.32395833333333335 0.0296875 0.03958333333333333
cl4sbajh60011356f1nlii7qd 0 0.6664331896551724 0.38067528735632183 0.021875 0.03333333333333333
cl4sbaodz0015356fso1rbddu 0 0.5752113970588235 0.43797794117647054 0.028125 0.04375
cl4sbaun20018356fdw4xbwhw 0 0.11104910714285714 0.24732142857142858 0.03727678571428572 0.046428571428571444
cl4sbazoa001c356f4lz6t5lf 0 0.1828125 0.5135416666666667 0.03125 0.03958333333333333
cl4sbb4jr001g356foa7q96fb 0 0.20193256578947366 0.4087719298245614 0.033634868421052636 0.038596491228070205
cl4sbb9kr001k356foz9ala52 0 0.32103658536585367 0.8665904471544715 0.04375 0.05625
cl4sbbe2n001o356fcwn1gqn6 0 0.230078125 0.8932291666666666 0.03984375 0.046875
cl4sbbh2s001s356fijizhnbu 0 0.475 0.9182291666666667 0.0296875 0.03854166666666667
cl4sbbks3001w356fxefedoh2 0 0.61640625 0.7666666666666667 0.0296875 0.041666666666666664
cl4sbbo2u0020356fd0fnkq87 0 0.66484375 0.6766088681849551 0.0296875 0.0375
cl4sbbrv50024356ficz1v42t 0 0.74765625 0.651686507936508 0.0265625 0.03958333333333333
cl4sbk21q0027356fftapt7ed 0 0.7298519736842105 0.46831140350877193 0.0265625 0.0375
cl4sbk6i6002b356fpuhbse8f 0 0.7882102272727273 0.5195075757575758 0.038920454545454494 0.05189393939393939
cl4sbk8io002f356fwmcd3pjv 0 0.8444128787878787 0.35833333333333334 0.028125 0.0375
cl4sbkbh4002j356fm66s3m92 0 0.8527306547619048 0.48021825396825396 0.0296875 0.03333333333333333
cl4sbkem1002n356fxfddycqm 0 0.8613136574074074 0.42191358024691356 0.0359375 0.05416666666666667
cl4sbkjoj002r356fdo9o05v6 0 0.6167885638297872 0.09496897163120567 0.0265625 0.03333333333333333
cl4sbkmhx002v356flj7vcxfm 0 0.8060546875 0.22994791666666667 0.024609375 0.034895833333333334
cl4sbkrjg002z356fw5lbw5td 0 0.9078623670212765 0.870700354609929 0.0328125 0.04583333333333333
cl4sbkvid0033356f9np159q3 0 0.9921875 0.9860522598870056 0.015625 0.027895480225988697
cl4sbl2xf003b356f7apltw6o 0 0.9846628289473685 0.7759868421052631 0.0234375 0.041666666666666664
cl4sbl6n7003f356fph1n1pui 0 0.8215198863636364 0.7318181818181818 0.028125 0.027083333333333334
cl4sbla0v003j356fq7o6brxl 0 0.801953125 0.7497395833333333 0.0328125 0.04375
cl4sbldor003n356fz6nw845g 0 0.8760611007462688 0.5534203980099502 0.0265625 0.0375
cl4sblih1003r356fmkaegwgz 0 0.7049862132352941 0.8464767156862745 0.03125 0.04791666666666667
cl4sblncn003v356fdfwxtd52 0 0.1787202380952381 0.5635416666666667 0.028125 0.03958333333333333
cl4sbm49z003z356fg19quzbr 0 0.66328125 0.6072916666666667 0.0421875 0.058333333333333334
cl4sbnp6l0043356f929tcrw6 0 0.5511432926829268 0.465625 0.034375 0.052083333333333336
cl4sbnxv00047356f8wdlcgvj 0 0.31842376373626374 0.21298076923076922 0.028125 0.041666666666666664
cl4x5svmz0003356fdijlb1j7 0 0.00703125 0.6104166666666667 0.0140625 0.029166666666666667
cl4xr03vs0003356f81sckspm 0 0.9724999999999999 0.8295833333333335 0.01875 0.02333333333333331
cl4z7h6ym000b3b6fjyo49iwn 0 0.7368566176470588 0.15520833333333334 0.01875 0.027083333333333334
cl4z8adui000f3b6f9zi2ft3x 0 0.026545138888888885 0.44266203703703705 0.0453125 0.06041666666666667
cl4z8hbub00033b6fmxmwacsm 0 0.35026041666666663 0.20277777777777778 0.0296875 0.0375
cl4z8hh2u00073b6f6317ib98 0 0.54375 0.37916666666666665 0.028125 0.041666666666666664
cl4z8hm9k000b3b6fuxp3lqdx 0 0.47109375 0.715625 0.0328125 0.06041666666666667
cl4z8hsbb000g3b6fvzerbblc 0 0.5357589594875346 0.4395833333333333 0.0375 0.05416666666666667
cl5nkakmt0003356f8n9jh92b 2 0.4765625 0.8625 0.021875 0.03333333333333333
