ckz3wzlij001f3867sol86pit 0 0.054563737623762376 0.23854166666666668 0.034375 0.05625
cl4sb9k3h0005356fgh2i05tl 0 0.0553125 0.39291666666666664 0.028125 0.03333333333333333
cl4sb9r0t000a356f3fr22n3k 0 0.45703125 0.14185606060606062 0.0390625 0.06666666666666667
cl4sba04d000i356feuxuanko 0 0.5646543560606061 0.22733585858585859 0.0453125 0.05416666666666667
cl4sba4bd000l356fifxda70f 0 0.9758928571428571 0.47559523809523807 0.029910714285714235 0.0375
cl4sbacfa000t356f0n0vwnmu 0 0.9238399621212121 0.11145833333333334 0.0328125 0.04791666666666667
cl4sbag3j000x356fg0qnddvw 0 0.66015625 0.32414081508515813 0.029505018248175217 0.039218369829683714
cl4sbajh60011356f1nlii7qd 0 0.6568509615384615 0.4354166666666667 0.021875 0.03333333333333333
cl4sbaodz0015356fso1rbddu 0 0.5579893867924529 0.4616941823899371 0.028478773584905692 0.04327830188679247
cl4sbb4jr001g356foa7q96fb 0 0.19765625 0.403125 0.0359375 0.04375
cl4sbb9kr001k356foz9ala52 0 0.3265625 0.9202546296296297 0.04375 0.05625
cl4sbbe2n001o356fcwn1gqn6 0 0.4888392857142857 0.3211309523809524 0.0375 0.03988095238095237
cl4sbbks3001w356fxefedoh2 0 0.45390625 0.37135416666666665 0.0234375 0.03229166666666667
cl4sbbo2u0020356fd0fnkq87 0 0.6639306006493506 0.6725108225108225 0.0296875 0.0375
cl4sbbrv50024356ficz1v42t 0 0.7451264880952382 0.6497519841269842 0.0265625 0.03958333333333333
cl4sbk21q0027356fftapt7ed 0 0.7176630434782608 0.5149909420289855 0.034375 0.047916666666666725
cl4sbk8io002f356fwmcd3pjv 0 0.8113970588235293 0.39895833333333336 0.02499999999999991 0.035416666666666666
cl4sbkbh4002j356fm66s3m92 0 0.8528850885826772 0.4798064304461942 0.0296875 0.03333333333333333
cl4sbkem1002n356fxfddycqm 0 0.8534250452898551 0.4277475845410628 0.039028532608695696 0.05416666666666667
cl4sbkjoj002r356fdo9o05v6 0 0.61171875 0.09199172576832151 0.0265625 0.03333333333333333
cl4sbkmhx002v356flj7vcxfm 0 0.83203125 0.4625 0.0203125 0.025
cl4sbkrjg002z356fw5lbw5td 0 0.90078125 0.9163152610441767 0.0328125 0.04583333333333333
cl4sbl2xf003b356f7apltw6o 0 0.9772329343971631 0.7884677895981087 0.0234375 0.041666666666666664
cl4sbl6n7003f356fph1n1pui 0 0.8203125 0.7265693711521547 0.028125 0.027083333333333334
cl4sbldor003n356fz6nw845g 0 0.8519176136363636 0.5729166666666666 0.0265625 0.0375
cl4sblih1003r356fmkaegwgz 0 0.6955098684210526 0.8510416666666667 0.03125 0.04791666666666667
cl4sblncn003v356fdfwxtd52 0 0.15739247311827959 0.565625 0.028125 0.03958333333333333
cl4sbnp6l0043356f929tcrw6 0 0.5461033274956217 0.4635416666666667 0.034375 0.052083333333333336
cl4sbnxv00047356f8wdlcgvj 0 0.30638912671232876 0.24313641552511414 0.0359375 0.05625
cl4x5svmz0003356fdijlb1j7 0 0.47421875 0.4375 0.0421875 0.05416666666666667
cl4xr03vs0003356f81sckspm 0 0.71 0.16333333333333336 0.01875 0.025
cl4xuuxyo000n356f8derlp9a 0 0.6984375 0.5458333333333333 0.039583333333333394 0.05
cl4xvx69d000r356fyv9ewcu4 0 0.8138671875 0.9359375 0.043359375 0.058333333333333334
cl4xvz0yd000v356fqpmftpn7 0 0.83515625 0.9697916666666667 0.0515625 0.052083333333333336
cl4xzgx0l000z356fdbvx7scy 0 0.959375 0.49270833333333336 0.028125 0.035416666666666666
cl4y0u4f00013356f4rj5r02e 0 0.09484374999999999 0.92375 0.0371875 0.043333333333333356
cl4y18g4u0017356fzzyk4wss 0 0.183984375 0.8453125 0.04296875 0.051041666666666666
cl4yjhzoy0007356fn1bc4uw6 0 0.0078125 0.11979166666666667 0.015625 0.052083333333333336
cl4yjn0pu000b356frte1icdf 0 0.10921875 0.9257638888888889 0.04218750000000001 0.05847222222222222
cl4yjvzjp000f356fza9vdddz 0 0.9611177884615385 0.3096153846153846 0.027764423076922996 0.03173076923076922
cl4ykemum000n356fyzopq0xp 0 0.11015625 0.328125 0.04609375 0.07083333333333333
cl4z7h6ym000b3b6fjyo49iwn 0 0.7140625 0.171875 0.01875 0.027083333333333334
cl4z8adui000f3b6f9zi2ft3x 0 0.019937094155844156 0.4838338744588745 0.03987418831168831 0.06350108225108227
cl4z8hbub00033b6fmxmwacsm 0 0.3359730113636364 0.23641098484848486 0.0296875 0.0375
cl4z8hh2u00073b6f6317ib98 0 0.54375 0.37916666666666665 0.028125 0.041666666666666664
cl4z8hm9k000b3b6fuxp3lqdx 0 0.47109375 0.715625 0.0328125 0.06041666666666667
cl4z8hsbb000g3b6fvzerbblc 0 0.5340774324792243 0.4395833333333333 0.0375 0.05416666666666667
cl5nkakmt0003356f8n9jh92b 2 0.4765625 0.8625 0.021875 0.03333333333333333
