ckz3wzlij001f3867sol86pit 0 0.04525182038834952 0.2502730582524272 0.034375 0.05625000000000003
cl4sb9k3h0005356fgh2i05tl 0 0.05625 0.38990982587064676 0.028125 0.03333333333333333
cl4sb9r0t000a356f3fr22n3k 0 0.5049632352941177 0.061887254901960786 0.040625 0.05759803921568628
cl4sba04d000i356feuxuanko 0 0.5560461956521738 0.23881340579710145 0.04354619565217392 0.06041666666666664
cl4sbacfa000t356f0n0vwnmu 0 0.9122484110169491 0.10729166666666666 0.0328125 0.04791666666666667
cl4sbag3j000x356fg0qnddvw 0 0.66015625 0.3297867063492063 0.0265625 0.03333333333333333
cl4sbajh60011356f1nlii7qd 0 0.657 0.4400833333333333 0.021875 0.03333333333333333
cl4sbaodz0015356fso1rbddu 0 0.55234375 0.4479166666666667 0.0359375 0.041666666666666664
cl4sbb4jr001g356foa7q96fb 0 0.19765625 0.403125 0.0359375 0.04375
cl4sbb9kr001k356foz9ala52 0 0.304296875 0.89765625 0.0453125 0.0625
cl4sbbe2n001o356fcwn1gqn6 0 0.765234375 0.07604166666666666 0.03203125 0.0375
cl4sbbks3001w356fxefedoh2 0 0.31015625 0.17604166666666668 0.0203125 0.03125
cl4sbbo2u0020356fd0fnkq87 0 0.6615158279220779 0.6714375901875902 0.0296875 0.0375
cl4sbbrv50024356ficz1v42t 0 0.7448558745306634 0.6493911660408844 0.0265625 0.03958333333333333
cl4sbk21q0027356fftapt7ed 0 0.7034917091836734 0.5349277210884353 0.0390625 0.04791666666666667
cl4sbk8io002f356fwmcd3pjv 0 0.7989843750000001 0.3946527777777778 0.0390625 0.04583333333333333
cl4sbkbh4002j356fm66s3m92 0 0.8546769425675678 0.4788147522522523 0.029159628378378422 0.032629504504504504
cl4sbkem1002n356fxfddycqm 0 0.8448851495726496 0.4443198005698006 0.040625 0.05416666666666667
cl4sbkjoj002r356fdo9o05v6 0 0.61234375 0.07291666666666667 0.0265625 0.025
cl4sbkmhx002v356flj7vcxfm 0 0.8359375 0.5927083333333333 0.025 0.03333333333333333
cl4sbkrjg002z356fw5lbw5td 0 0.8840198863636364 0.9441287878787878 0.0328125 0.04583333333333333
cl4sbl2xf003b356f7apltw6o 0 0.9721127717391305 0.7964371980676328 0.0234375 0.041666666666666664
cl4sbl6n7003f356fph1n1pui 0 0.8203125 0.7260416666666667 0.028125 0.027083333333333334
cl4sbldor003n356fz6nw845g 0 0.83984375 0.5741815476190476 0.0265625 0.0375
cl4sblih1003r356fmkaegwgz 0 0.6934742647058824 0.8552083333333333 0.03125 0.04791666666666667
cl4sblncn003v356fdfwxtd52 0 0.14699074074074076 0.565625 0.028125 0.03958333333333333
cl4sbnp6l0043356f929tcrw6 0 0.5448007880910682 0.4635416666666667 0.034375 0.052083333333333336
cl4sbnxv00047356f8wdlcgvj 0 0.2977135894495413 0.2509652140672783 0.0359375 0.05625
cl4x5svmz0003356fdijlb1j7 0 0.66796875 0.44395833333333334 0.0171875 0.027083333333333334
cl4xuuxyo000n356f8derlp9a 0 0.53671875 0.296875 0.0359375 0.052083333333333336
cl4xvx69d000r356fyv9ewcu4 0 0.5079427083333333 0.7118055555555555 0.03671875 0.055555555555555594
cl4xzgx0l000z356fdbvx7scy 0 0.9237500000000001 0.8002083333333334 0.023125000000000107 0.03958333333333333
cl4y18g4u0017356fzzyk4wss 0 0.3643092105263158 0.6912280701754386 0.046052631578947345 0.05460526315789475
cl4yjvzjp000f356fza9vdddz 0 0.8082589285714287 0.5620535714285714 0.03125000000000009 0.05327380952380949
cl4ykxhdc000v356fuf0cfrlv 0 0.8560267857142858 0.1504464285714286 0.034375 0.054464285714285736
cl4yl5ed5000z356fm9nkxgfo 0 0.9947599085365854 0.178125 0.01048018292682933 0.03958333333333333
cl4z7h6ym000b3b6fjyo49iwn 0 0.7077769886363636 0.2011837121212121 0.01875 0.027083333333333334
cl4z8adui000f3b6f9zi2ft3x 0 0.01661509900990099 0.494513201320132 0.03323019801980198 0.060973597359735975
cl4z8hbub00033b6fmxmwacsm 0 0.32216923701298705 0.25481601731601733 0.0265625 0.02949134199134201
cl4z8hh2u00073b6f6317ib98 0 0.54375 0.37916666666666665 0.028125 0.041666666666666664
cl4z8hm9k000b3b6fuxp3lqdx 0 0.47109375 0.715625 0.0328125 0.06041666666666667
cl4z8hsbb000g3b6fvzerbblc 0 0.5333048389889197 0.4395833333333333 0.0375 0.05416666666666667
cl5nkakmt0003356f8n9jh92b 2 0.4765625 0.8625 0.021875 0.03333333333333333
