ckz3wzlij001f3867sol86pit 0 0.012705592105263157 0.29325657894736845 0.025411184210526315 0.05625000000000003
cl4sb9k3h0005356fgh2i05tl 0 0.05625 0.39154924242424244 0.028125 0.03333333333333333
cl4sba04d000i356feuxuanko 0 0.5279028096330276 0.2778765290519878 0.0421875 0.05625
cl4sbacfa000t356f0n0vwnmu 0 0.8882031250000001 0.1115625 0.028125 0.041666666666666664
cl4sbag3j000x356fg0qnddvw 0 0.6574139030612245 0.34375 0.0265625 0.03333333333333333
cl4sbajh60011356f1nlii7qd 0 0.5859375 0.40412499999999996 0.0375 0.04375
cl4sbaodz0015356fso1rbddu 0 0.541738572761194 0.461835354477612 0.0359375 0.041666666666666664
cl4sbb4jr001g356foa7q96fb 0 0.19379595588235293 0.40729166666666666 0.0359375 0.04375
cl4sbbks3001w356fxefedoh2 0 0.01171875 0.09791666666666667 0.0234375 0.04375
cl4sbbo2u0020356fd0fnkq87 0 0.658877840909091 0.6670454545454546 0.0296875 0.0375
cl4sbbrv50024356ficz1v42t 0 0.7459529489987484 0.6508539319983312 0.0265625 0.03958333333333333
cl4sbk21q0027356fftapt7ed 0 0.598664314516129 0.47567204301075267 0.0390625 0.044489247311827934
cl4sbk8io002f356fwmcd3pjv 0 0.778125 0.43952020202020203 0.03125 0.03333333333333333
cl4sbkbh4002j356fm66s3m92 0 0.85546875 0.48125 0.0296875 0.03333333333333333
cl4sbkem1002n356fxfddycqm 0 0.823828125 0.46848958333333335 0.040625 0.05416666666666667
cl4sbkjoj002r356fdo9o05v6 0 0.60078125 0.075 0.0265625 0.025
cl4sbkmhx002v356flj7vcxfm 0 0.81796875 0.8427083333333333 0.0234375 0.035416666666666666
cl4sbkrjg002z356fw5lbw5td 0 0.8415707236842106 0.9936403508771929 0.026891447368421063 0.012719298245614042
cl4sbl2xf003b356f7apltw6o 0 0.9377717391304348 0.8458106884057971 0.0234375 0.041666666666666664
cl4sbl6n7003f356fph1n1pui 0 0.8203125 0.7260416666666667 0.028125 0.027083333333333334
cl4sbldor003n356fz6nw845g 0 0.8130055147058824 0.6100490196078431 0.02656250000000009 0.0375
cl4sblih1003r356fmkaegwgz 0 0.653125 0.8583333333333333 0.0375 0.05416666666666667
cl4sblncn003v356fdfwxtd52 0 0.10869140625 0.578125 0.028125 0.03958333333333333
cl4sbnp6l0043356f929tcrw6 0 0.54375 0.4635416666666667 0.034375 0.052083333333333336
cl4sbnxv00047356f8wdlcgvj 0 0.25944791666666667 0.30784722222222227 0.0359375 0.05625
cl4y18g4u0017356fzzyk4wss 0 0.869140625 0.953125 0.03046875 0.04375
cl4yl5ed5000z356fm9nkxgfo 0 0.9640625 0.21626157407407406 0.025 0.04375
cl4ylb4b40013356fpwidj9om 0 0.39296875 0.5520833333333334 0.0453125 0.0625
cl4ylk3hu0017356fm2i4n7b1 0 0.13125 0.7291666666666666 0.053125 0.058333333333333334
cl4ylwkya001b356fsb0smd1g 0 0.6314630681818182 0.8178977272727272 0.0359375 0.03958333333333333
cl4ym22tv001f356f8g69lzlj 0 0.865625 0.371875 0.0484375 0.06666666666666667
cl4ym9iww001j356fm9a6fais 0 0.2986979166666667 0.4246527777777778 0.0453125 0.06041666666666667
cl4ymgo9w001n356fkgsltgz1 0 0.3589583333333333 0.30784722222222227 0.04375 0.04791666666666667
cl4yn37so001r356fvarvidkp 0 0.6555397727272727 0.1350378787878788 0.046875 0.05151515151515153
cl4yncaoh001v356fsles4wnf 0 0.3347916666666667 0.11486111111111111 0.025 0.03444444444444444
cl4ynkuw10023356fct2gneak 0 0.9717013888888889 0.16446759259259258 0.027083333333333393 0.03125
cl4z7h6ym000b3b6fjyo49iwn 0 0.6625 0.259375 0.01875 0.027083333333333334
cl4z8adui000f3b6f9zi2ft3x 0 0.0078125 0.5106119791666667 0.015625 0.041276041666666666
cl4z8hbub00033b6fmxmwacsm 0 0.2761600378787879 0.29532828282828283 0.0265625 0.03333333333333333
cl4z8hh2u00073b6f6317ib98 0 0.54375 0.37916666666666665 0.028125 0.041666666666666664
cl4z8hm9k000b3b6fuxp3lqdx 0 0.47109375 0.715625 0.0328125 0.06041666666666667
cl4z8hsbb000g3b6fvzerbblc 0 0.5314837257617728 0.4395833333333333 0.0375 0.05416666666666667
cl5nkakmt0003356f8n9jh92b 2 0.4765625 0.8625 0.021875 0.03333333333333333
cl5nkcpqw0007356f73nxjnf2 0 0.75859375 0.9239583333333333 0.0453125 0.04791666666666667
cl5nlv2jt000k356fr4ghyucl 0 0.102734375 0.14427083333333332 0.03828125 0.051041666666666666
