ckz3wzlij001f3867sol86pit 0 0.10283564814814813 0.2072530864197531 0.03124999999999999 0.05416666666666667
cl4sb9k3h0005356fgh2i05tl 0 0.06619122706422018 0.35797018348623855 0.0265625 0.029166666666666667
cl4sb9r0t000a356f3fr22n3k 0 0.39849330357142854 0.3089285714285714 0.0387276785714286 0.05446428571428571
cl4sb9vbv000e356fjk3h7yl0 0 0.5999131944444445 0.12685185185185185 0.0390625 0.04583333333333333
cl4sba04d000i356feuxuanko 0 0.58017578125 0.20755208333333333 0.040625 0.04791666666666667
cl4sba4bd000l356fifxda70f 0 0.63037109375 0.08854166666666667 0.0298828125 0.03958333333333333
cl4sba9h6000p356fizta9ng7 0 0.90546875 0.06979166666666667 0.0296875 0.03958333333333333
cl4sbacfa000t356f0n0vwnmu 0 0.9480106314432989 0.10344716494845362 0.0328125 0.04791666666666667
cl4sbag3j000x356fg0qnddvw 0 0.66328125 0.32395833333333335 0.0296875 0.03958333333333333
cl4sbajh60011356f1nlii7qd 0 0.6691692073170732 0.37652439024390244 0.021875 0.03333333333333333
cl4sbaodz0015356fso1rbddu 0 0.5763143382352941 0.4350367647058823 0.028125 0.04375
cl4sbaun20018356fdw4xbwhw 0 0.06804687499999999 0.26791666666666664 0.04234375 0.052083333333333336
cl4sbazoa001c356f4lz6t5lf 0 0.18671875 0.428125 0.0265625 0.035416666666666666
cl4sbb4jr001g356foa7q96fb 0 0.20368303571428573 0.41041666666666665 0.03191964285714288 0.0375
cl4sbb9kr001k356foz9ala52 0 0.3216517857142857 0.871875 0.04375 0.05625
cl4sbbe2n001o356fcwn1gqn6 0 0.1890625 0.9333333333333333 0.03125 0.03333333333333333
cl4sbbh2s001s356fijizhnbu 0 0.48046875 0.9036458333333334 0.025 0.03333333333333333
cl4sbbks3001w356fxefedoh2 0 0.651953125 0.7885416666666667 0.03671875 0.05
cl4sbbo2u0020356fd0fnkq87 0 0.66484375 0.6769539337474121 0.0296875 0.0375
cl4sbbrv50024356ficz1v42t 0 0.74765625 0.6497023809523809 0.0265625 0.03958333333333333
cl4sbk21q0027356fftapt7ed 0 0.7318157327586208 0.4648706896551724 0.0265625 0.0375
cl4sbk6i6002b356fpuhbse8f 0 0.789375 0.44666666666666666 0.03906250000000009 0.052083333333333336
cl4sbk8io002f356fwmcd3pjv 0 0.8476814516129032 0.3548387096774193 0.028125 0.0375
cl4sbkbh4002j356fm66s3m92 0 0.85234375 0.47923850574712645 0.0296875 0.03333333333333333
cl4sbkem1002n356fxfddycqm 0 0.8616994598765432 0.42088477366255145 0.0359375 0.05416666666666667
cl4sbkjoj002r356fdo9o05v6 0 0.618783244680851 0.09408244680851063 0.0265625 0.03333333333333333
cl4sbkmhx002v356flj7vcxfm 0 0.8109375 0.209375 0.025 0.035416666666666666
cl4sbkrjg002z356fw5lbw5td 0 0.9098570478723405 0.8653812056737589 0.0328125 0.04583333333333333
cl4sbkvid0033356f9np159q3 0 0.9916610054347826 0.9833106884057972 0.016677989130434768 0.033378623188405857
cl4sbl2xf003b356f7apltw6o 0 0.9861328125 0.7736979166666667 0.0234375 0.041666666666666664
cl4sbl6n7003f356fph1n1pui 0 0.8217781508264462 0.7321625344352617 0.028125 0.027083333333333334
cl4sbla0v003j356fq7o6brxl 0 0.7960069444444444 0.646875 0.03125 0.04375
cl4sbldor003n356fz6nw845g 0 0.8769939365671642 0.5509328358208955 0.0265625 0.0375
cl4sblih1003r356fmkaegwgz 0 0.7059053308823529 0.8452512254901962 0.03125 0.04791666666666667
cl4sblncn003v356fdfwxtd52 0 0.1816964285714286 0.5635416666666667 0.028125 0.03958333333333333
cl4sbm49z003z356fg19quzbr 0 0.61875 0.6819444444444444 0.0421875 0.058333333333333334
cl4sbnp6l0043356f929tcrw6 0 0.5514481707317074 0.465625 0.034375 0.052083333333333336
cl4sbnxv00047356f8wdlcgvj 0 0.3197973901098901 0.20657051282051284 0.028125 0.041666666666666664
cl4z7h6ym000b3b6fjyo49iwn 0 0.7342708333333333 0.14145833333333335 0.01875 0.027083333333333348
cl4z8adui000f3b6f9zi2ft3x 0 0.026633522727272728 0.43607954545454547 0.0453125 0.05814393939393939
cl4z8hbub00033b6fmxmwacsm 0 0.35404829545454547 0.19772727272727272 0.0296875 0.0375
cl4z8hh2u00073b6f6317ib98 0 0.54375 0.37916666666666665 0.028125 0.041666666666666664
cl4z8hm9k000b3b6fuxp3lqdx 0 0.47109375 0.715625 0.0328125 0.06041666666666667
cl4z8hsbb000g3b6fvzerbblc 0 0.535888807132964 0.4395833333333333 0.0375 0.05416666666666667
cl5nkakmt0003356f8n9jh92b 2 0.4765625 0.8625 0.021875 0.03333333333333333
