ckz3wzlij001f3867sol86pit 0 0.061263020833333334 0.23438870614035087 0.0336828399122807 0.055327119883040926
cl4sb9k3h0005356fgh2i05tl 0 0.057592024539877294 0.39116820040899797 0.028124999999999994 0.03333333333333333
cl4sb9r0t000a356f3fr22n3k 0 0.4419270833333333 0.190625 0.0421875 0.06458333333333334
cl4sba04d000i356feuxuanko 0 0.5669642857142858 0.2244047619047619 0.042857142857142795 0.05119047619047619
cl4sba4bd000l356fifxda70f 0 0.903125 0.40059523809523806 0.034375 0.04404761904761904
cl4sbacfa000t356f0n0vwnmu 0 0.9284752155172414 0.11145833333333334 0.0328125 0.04791666666666667
cl4sbag3j000x356fg0qnddvw 0 0.6616810084541063 0.32395833333333335 0.0296875 0.03958333333333333
cl4sbajh60011356f1nlii7qd 0 0.6590494791666667 0.42256944444444444 0.021875 0.03333333333333333
cl4sbaodz0015356fso1rbddu 0 0.56171875 0.4583333333333333 0.028125 0.04375
cl4sbb4jr001g356foa7q96fb 0 0.20103794642857142 0.40613095238095237 0.0359375 0.04375
cl4sbb9kr001k356foz9ala52 0 0.342431640625 0.90546875 0.04375 0.05625
cl4sbbe2n001o356fcwn1gqn6 0 0.39419642857142856 0.474702380952381 0.0375 0.0375
cl4sbbks3001w356fxefedoh2 0 0.46724330357142857 0.48541666666666666 0.025223214285714234 0.03571428571428577
cl4sbbo2u0020356fd0fnkq87 0 0.66484375 0.6730805728088337 0.0296875 0.0375
cl4sbbrv50024356ficz1v42t 0 0.7460276124338624 0.6509534832451499 0.0265625 0.03958333333333333
cl4sbk21q0027356fftapt7ed 0 0.72115625 0.5029583333333334 0.030062500000000013 0.04408333333333333
cl4sbk8io002f356fwmcd3pjv 0 0.8250600961538461 0.3921474358974359 0.0234375 0.03125
cl4sbkbh4002j356fm66s3m92 0 0.852966832822086 0.48041922290388545 0.0296875 0.03333333333333333
cl4sbkem1002n356fxfddycqm 0 0.8572212837837838 0.42525337837837834 0.0359375 0.05416666666666667
cl4sbkjoj002r356fdo9o05v6 0 0.61171875 0.09360224586288417 0.0265625 0.03333333333333333
cl4sbkmhx002v356flj7vcxfm 0 0.83134765625 0.419921875 0.0197265625 0.028385416666666666
cl4sbkrjg002z356fw5lbw5td 0 0.90078125 0.9084857723577235 0.0328125 0.04583333333333333
cl4sbl2xf003b356f7apltw6o 0 0.9784408244680851 0.78927304964539 0.0234375 0.041666666666666664
cl4sbl6n7003f356fph1n1pui 0 0.8203125 0.7277677000879508 0.028125 0.027083333333333334
cl4sbldor003n356fz6nw845g 0 0.8599857954545455 0.5649242424242424 0.0265625 0.0375
cl4sblih1003r356fmkaegwgz 0 0.7017955043859649 0.8510416666666667 0.03125 0.04791666666666667
cl4sblncn003v356fdfwxtd52 0 0.16357421875 0.565625 0.028125 0.03958333333333333
cl4sbnp6l0043356f929tcrw6 0 0.5466998686514886 0.4635416666666667 0.034375 0.052083333333333336
cl4sbnxv00047356f8wdlcgvj 0 0.30963080752212385 0.23750921828908556 0.038537057522123906 0.05625
cl4x5svmz0003356fdijlb1j7 0 0.35625 0.42916666666666664 0.04375 0.058333333333333334
cl4xr03vs0003356f81sckspm 0 0.7149305555555555 0.3366898148148148 0.021875 0.027083333333333334
cl4xu8pb0000b356fd0prmlo0 0 0.0310546875 0.5591145833333333 0.021875 0.03125
cl4xuuxyo000n356f8derlp9a 0 0.78515625 0.6770833333333334 0.0390625 0.05416666666666667
cl4xvx69d000r356fyv9ewcu4 0 0.9513020833333332 0.9815972222222222 0.04947916666666661 0.03125
cl4xzgx0l000z356fdbvx7scy 0 0.95703125 0.33888888888888885 0.0265625 0.0375
cl4y0u4f00013356f4rj5r02e 0 0.2752604166666667 0.8930555555555555 0.0421875 0.05138888888888893
cl4y18g4u0017356fzzyk4wss 0 0.10636160714285714 0.9674107142857143 0.04977678571428571 0.061011904761904746
cl4yjhzoy0007356fn1bc4uw6 0 0.1578125 0.03125 0.046875 0.0625
cl4ykemum000n356fyzopq0xp 0 0.037109375 0.5283854166666667 0.04140625 0.0640625
cl4z7h6ym000b3b6fjyo49iwn 0 0.7184375000000001 0.17937499999999998 0.01875 0.027083333333333334
cl4z8adui000f3b6f9zi2ft3x 0 0.02109375 0.480718085106383 0.0421875 0.06041666666666667
cl4z8hbub00033b6fmxmwacsm 0 0.33980863764044944 0.23129681647940076 0.0296875 0.0375
cl4z8hh2u00073b6f6317ib98 0 0.54375 0.37916666666666665 0.028125 0.041666666666666664
cl4z8hm9k000b3b6fuxp3lqdx 0 0.47109375 0.715625 0.0328125 0.06041666666666667
cl4z8hsbb000g3b6fvzerbblc 0 0.5344312673130194 0.4395833333333333 0.0375 0.05416666666666667
cl5nkakmt0003356f8n9jh92b 2 0.4765625 0.8625 0.021875 0.03333333333333333
