ckz3wzlij001f3867sol86pit 0 0.04980279126213592 0.24444781553398057 0.034375 0.05625
cl4sb9k3h0005356fgh2i05tl 0 0.05625 0.3904695273631841 0.028125 0.03333333333333333
cl4sb9r0t000a356f3fr22n3k 0 0.4971875 0.08166666666666668 0.040625 0.05000000000000001
cl4sba04d000i356feuxuanko 0 0.5608664772727272 0.2340909090909091 0.0453125 0.057575757575757586
cl4sbacfa000t356f0n0vwnmu 0 0.9183326198630137 0.11065924657534246 0.0328125 0.04791666666666667
cl4sbag3j000x356fg0qnddvw 0 0.66015625 0.3280009920634921 0.0265625 0.03333333333333333
cl4sbajh60011356f1nlii7qd 0 0.652151268115942 0.43879830917874396 0.021875 0.03333333333333333
cl4sbaodz0015356fso1rbddu 0 0.5546006944444445 0.4592592592592593 0.0359375 0.041666666666666664
cl4sbb4jr001g356foa7q96fb 0 0.19765625 0.403125 0.0359375 0.04375
cl4sbb9kr001k356foz9ala52 0 0.30948153409090906 0.9075284090909091 0.04467329545454546 0.05748106060606067
cl4sbbe2n001o356fcwn1gqn6 0 0.6743750000000001 0.1275 0.025 0.034999999999999996
cl4sbbks3001w356fxefedoh2 0 0.3475520833333333 0.25833333333333336 0.03864583333333336 0.041388888888888906
cl4sbbo2u0020356fd0fnkq87 0 0.6622463474025974 0.6717622655122655 0.0296875 0.0375
cl4sbbrv50024356ficz1v42t 0 0.7447150735294118 0.649203431372549 0.0265625 0.03958333333333333
cl4sbk21q0027356fftapt7ed 0 0.7098721590909091 0.5264204545454546 0.037642045454545504 0.04791666666666667
cl4sbk8io002f356fwmcd3pjv 0 0.8015345982142857 0.3905877976190476 0.03906250000000009 0.04583333333333333
cl4sbkbh4002j356fm66s3m92 0 0.8549038461538462 0.47841346153846154 0.0296875 0.03333333333333333
cl4sbkem1002n356fxfddycqm 0 0.8453125 0.4384469696969697 0.040625 0.05416666666666667
cl4sbkjoj002r356fdo9o05v6 0 0.6111697635135135 0.07573198198198199 0.0265625 0.02500000000000001
cl4sbkmhx002v356flj7vcxfm 0 0.839453125 0.5307291666666667 0.030078125 0.03854166666666667
cl4sbkrjg002z356fw5lbw5td 0 0.8896701388888889 0.9321759259259259 0.0328125 0.04583333333333333
cl4sbl2xf003b356f7apltw6o 0 0.9747193567961165 0.7903317152103561 0.0234375 0.041666666666666664
cl4sbl6n7003f356fph1n1pui 0 0.8203125 0.7260416666666667 0.028125 0.027083333333333334
cl4sbldor003n356fz6nw845g 0 0.8437705592105263 0.5767269736842106 0.0265625 0.0375
cl4sblih1003r356fmkaegwgz 0 0.700536380597015 0.853467039800995 0.03125 0.04791666666666667
cl4sblncn003v356fdfwxtd52 0 0.15428240740740742 0.565625 0.028125 0.03958333333333333
cl4sbnp6l0043356f929tcrw6 0 0.5451948336252189 0.4635416666666667 0.034375 0.052083333333333336
cl4sbnxv00047356f8wdlcgvj 0 0.2997778096330275 0.24821292048929663 0.0359375 0.05625
cl4x5svmz0003356fdijlb1j7 0 0.61796875 0.478125 0.0234375 0.027083333333333334
cl4xuuxyo000n356f8derlp9a 0 0.59375 0.35104166666666664 0.034375 0.04791666666666667
cl4xvx69d000r356fyv9ewcu4 0 0.5888020833333333 0.7927083333333333 0.0421875 0.04791666666666667
cl4xvz0yd000v356fqpmftpn7 0 0.9778645833333333 0.7520833333333333 0.03385416666666661 0.052777777777777854
cl4xzgx0l000z356fdbvx7scy 0 0.94765625 0.7203125 0.028125 0.036458333333333336
cl4y18g4u0017356fzzyk4wss 0 0.299365234375 0.7076171875 0.04990234375 0.06627604166666666
cl4yjvzjp000f356fza9vdddz 0 0.8579427083333334 0.4609375 0.0234375 0.03125
cl4ykemum000n356fyzopq0xp 0 0.20078125 0.03359375 0.046875 0.059895833333333336
cl4z7h6ym000b3b6fjyo49iwn 0 0.7135190217391305 0.1975996376811594 0.01875 0.027083333333333334
cl4z8adui000f3b6f9zi2ft3x 0 0.01828589108910891 0.49228547854785476 0.03657178217821782 0.06542904290429045
cl4z8hbub00033b6fmxmwacsm 0 0.3277521306818182 0.24693418560606062 0.02787642045454546 0.03179450757575759
cl4z8hh2u00073b6f6317ib98 0 0.54375 0.37916666666666665 0.028125 0.041666666666666664
cl4z8hm9k000b3b6fuxp3lqdx 0 0.47109375 0.715625 0.0328125 0.06041666666666667
cl4z8hsbb000g3b6fvzerbblc 0 0.5335385647506925 0.4395833333333333 0.0375 0.05416666666666667
cl5nkakmt0003356f8n9jh92b 2 0.4765625 0.8625 0.021875 0.03333333333333333
