ckz3wzlij001f3867sol86pit 0 0.06770833333333333 0.23031798245614035 0.03300438596491227 0.054422514619883046
cl4sb9k3h0005356fgh2i05tl 0 0.05897902397260274 0.38852739726027397 0.028125 0.03333333333333333
cl4sb9r0t000a356f3fr22n3k 0 0.4214613970588236 0.2255514705882353 0.0390625 0.06041666666666667
cl4sba04d000i356feuxuanko 0 0.5691615513392858 0.22236793154761905 0.041392299107142795 0.05102306547619048
cl4sba4bd000l356fifxda70f 0 0.83234375 0.358125 0.0328125 0.03958333333333333
cl4sbacfa000t356f0n0vwnmu 0 0.934454719387755 0.11145833333333334 0.0328125 0.04791666666666667
cl4sbag3j000x356fg0qnddvw 0 0.6631755736714976 0.32395833333333335 0.0296875 0.03958333333333333
cl4sbajh60011356f1nlii7qd 0 0.6563802083333333 0.4102430555555555 0.021875 0.03333333333333333
cl4sbaodz0015356fso1rbddu 0 0.5655476485148514 0.4552702145214521 0.028125 0.04375
cl4sbb4jr001g356foa7q96fb 0 0.20186011904761908 0.4053571428571428 0.034970238095238096 0.042460317460317455
cl4sbb9kr001k356foz9ala52 0 0.3529017857142857 0.89375 0.04330357142857144 0.058333333333333334
cl4sbbe2n001o356fcwn1gqn6 0 0.3553125 0.5900000000000001 0.03374999999999999 0.044166666666666646
cl4sbbh2s001s356fijizhnbu 0 0.4801081730769231 0.9791666666666666 0.0421875 0.0375
cl4sbbks3001w356fxefedoh2 0 0.50859375 0.5625 0.02795138888888893 0.03333333333333333
cl4sbbo2u0020356fd0fnkq87 0 0.66484375 0.6739346100759144 0.0296875 0.0375
cl4sbbrv50024356ficz1v42t 0 0.7465944102112676 0.6517092136150234 0.0265625 0.03958333333333333
cl4sbk21q0027356fftapt7ed 0 0.7180855724299066 0.49255257009345793 0.0296875 0.04375
cl4sbk6i6002b356fpuhbse8f 0 0.634375 0.989375 0.0375 0.021249999999999977
cl4sbk8io002f356fwmcd3pjv 0 0.8336570945945946 0.3848536036036036 0.028125 0.0375
cl4sbkbh4002j356fm66s3m92 0 0.85390625 0.47917837078651687 0.0296875 0.03330992509363296
cl4sbkem1002n356fxfddycqm 0 0.8582664695945945 0.42664695945945946 0.0359375 0.05416666666666667
cl4sbkjoj002r356fdo9o05v6 0 0.61171875 0.09617374727668845 0.0265625 0.03333333333333333
cl4sbkmhx002v356flj7vcxfm 0 0.8484375 0.3645833333333333 0.021875 0.029166666666666667
cl4sbkrjg002z356fw5lbw5td 0 0.90078125 0.8962906504065041 0.0328125 0.04583333333333333
cl4sbl2xf003b356f7apltw6o 0 0.9793983080110497 0.7876151012891344 0.0234375 0.041666666666666664
cl4sbl6n7003f356fph1n1pui 0 0.8203125 0.72885609058927 0.028125 0.027083333333333334
cl4sbldor003n356fz6nw845g 0 0.8625120192307693 0.5656410256410257 0.0265625 0.0375
cl4sblih1003r356fmkaegwgz 0 0.7030257936507937 0.8510416666666667 0.03125 0.04791666666666667
cl4sblncn003v356fdfwxtd52 0 0.166796875 0.565625 0.028125 0.03958333333333333
cl4sbnp6l0043356f929tcrw6 0 0.546875 0.4635416666666667 0.034375 0.052083333333333336
cl4sbnxv00047356f8wdlcgvj 0 0.31199448529411766 0.23400735294117644 0.03048406862745101 0.04481209150326799
cl4x5svmz0003356fdijlb1j7 0 0.259375 0.428125 0.0375 0.05625
cl4xr03vs0003356f81sckspm 0 0.73125 0.5145833333333333 0.01875 0.025
cl4xu8pb0000b356fd0prmlo0 0 0.07395833333333333 0.4309027777777778 0.021875 0.03125
cl4xuuxyo000n356f8derlp9a 0 0.87984375 0.7804166666666668 0.0390625 0.05
cl4xzgx0l000z356fdbvx7scy 0 0.96796875 0.17604166666666668 0.0234375 0.03958333333333333
cl4y0u4f00013356f4rj5r02e 0 0.43 0.9520833333333333 0.040625 0.05
cl4z7h6ym000b3b6fjyo49iwn 0 0.7203125 0.17651209677419352 0.01875 0.027083333333333334
cl4z8adui000f3b6f9zi2ft3x 0 0.021869893790849672 0.47348175381263613 0.04296364379084967 0.06041666666666667
cl4z8hbub00033b6fmxmwacsm 0 0.34140625 0.22745098039215686 0.0296875 0.0375
cl4z8hh2u00073b6f6317ib98 0 0.54375 0.37916666666666665 0.028125 0.041666666666666664
cl4z8hm9k000b3b6fuxp3lqdx 0 0.47109375 0.715625 0.0328125 0.06041666666666667
cl4z8hsbb000g3b6fvzerbblc 0 0.534752640235457 0.4395833333333333 0.0375 0.05416666666666667
cl5nkakmt0003356f8n9jh92b 2 0.4765625 0.8625 0.021875 0.03333333333333333
