ckz3wzlij001f3867sol86pit 0 0.06751302083333333 0.23044133771929823 0.0330249451754386 0.05444992690058479
cl4sb9k3h0005356fgh2i05tl 0 0.0590111301369863 0.38861301369863016 0.028125 0.03333333333333333
cl4sb9r0t000a356f3fr22n3k 0 0.4222886029411764 0.2244485294117647 0.0390625 0.06041666666666667
cl4sba04d000i356feuxuanko 0 0.5690987723214286 0.2224516369047619 0.04143415178571423 0.05107886904761907
cl4sba4bd000l356fifxda70f 0 0.83515625 0.35 0.0328125 0.03958333333333333
cl4sbacfa000t356f0n0vwnmu 0 0.9342633928571429 0.11145833333333334 0.0328125 0.04791666666666667
cl4sbag3j000x356fg0qnddvw 0 0.6631302838164251 0.32395833333333335 0.0296875 0.03958333333333333
cl4sbajh60011356f1nlii7qd 0 0.65625 0.41041666666666665 0.021875 0.03333333333333333
cl4sbaodz0015356fso1rbddu 0 0.5654316212871288 0.4553630363036304 0.028125 0.04375
cl4sbb4jr001g356foa7q96fb 0 0.20191592261904762 0.4055803571428572 0.03508184523809525 0.04260912698412695
cl4sbb9kr001k356foz9ala52 0 0.35381944444444446 0.8947916666666667 0.04375 0.058101851851851904
cl4sbbe2n001o356fcwn1gqn6 0 0.3484375 0.5864583333333333 0.03125 0.041666666666666664
cl4sbbh2s001s356fijizhnbu 0 0.4822716346153846 0.9791666666666666 0.0421875 0.0375
cl4sbbks3001w356fxefedoh2 0 0.50625 0.5625 0.027430555555555534 0.03333333333333333
cl4sbbo2u0020356fd0fnkq87 0 0.66484375 0.6739087301587302 0.0296875 0.0375
cl4sbbrv50024356ficz1v42t 0 0.7465779049295775 0.65168720657277 0.0265625 0.03958333333333333
cl4sbk21q0027356fftapt7ed 0 0.7179979556074766 0.49266939252336445 0.0296875 0.04375
cl4sbk6i6002b356fpuhbse8f 0 0.6325892857142856 0.9898809523809523 0.0375 0.020238095238095256
cl4sbk8io002f356fwmcd3pjv 0 0.8334037162162161 0.3850225225225225 0.028125 0.0375
cl4sbkbh4002j356fm66s3m92 0 0.8538870782208589 0.47919222903885483 0.0296875 0.03333333333333333
cl4sbkem1002n356fxfddycqm 0 0.8582347972972973 0.4266047297297297 0.0359375 0.05416666666666667
cl4sbkjoj002r356fdo9o05v6 0 0.61171875 0.09609204793028323 0.0265625 0.03333333333333333
cl4sbkmhx002v356flj7vcxfm 0 0.847265625 0.36614583333333334 0.021875 0.029166666666666667
cl4sbkrjg002z356fw5lbw5td 0 0.90078125 0.8965955284552846 0.0328125 0.04583333333333333
cl4sbl2xf003b356f7apltw6o 0 0.9793724102209944 0.7877186924493554 0.0234375 0.041666666666666664
cl4sbl6n7003f356fph1n1pui 0 0.8203125 0.728823109058927 0.028125 0.027083333333333334
cl4sbldor003n356fz6nw845g 0 0.8624399038461539 0.5655448717948718 0.0265625 0.0375
cl4sblih1003r356fmkaegwgz 0 0.7031112938596491 0.8510416666666667 0.03125 0.04791666666666667
cl4sblncn003v356fdfwxtd52 0 0.16669921875 0.565625 0.028125 0.03958333333333333
cl4sbnp6l0043356f929tcrw6 0 0.546875 0.4635416666666667 0.034375 0.052083333333333336
cl4sbnxv00047356f8wdlcgvj 0 0.3119255514705882 0.23409926470588235 0.030805759803921574 0.0452410130718954
cl4x5svmz0003356fdijlb1j7 0 0.2703125 0.4270833333333333 0.0390625 0.052083333333333336
cl4xr03vs0003356f81sckspm 0 0.7330078125 0.5091145833333334 0.01875 0.025
cl4xu8pb0000b356fd0prmlo0 0 0.0703125 0.434375 0.021875 0.03125
cl4xuuxyo000n356f8derlp9a 0 0.8770312499999999 0.7777083333333332 0.0390625 0.049583333333333354
cl4xzgx0l000z356fdbvx7scy 0 0.964453125 0.18541666666666667 0.0234375 0.03958333333333333
cl4y0u4f00013356f4rj5r02e 0 0.4239583333333333 0.9569444444444444 0.040625 0.05
cl4z7h6ym000b3b6fjyo49iwn 0 0.7203125 0.17661290322580647 0.01875 0.027083333333333334
cl4z8adui000f3b6f9zi2ft3x 0 0.02183925653594771 0.4737472766884531 0.04293300653594771 0.06041666666666667
cl4z8hbub00033b6fmxmwacsm 0 0.34140625 0.22763480392156862 0.0296875 0.0375
cl4z8hh2u00073b6f6317ib98 0 0.54375 0.37916666666666665 0.028125 0.041666666666666664
cl4z8hm9k000b3b6fuxp3lqdx 0 0.47109375 0.715625 0.0328125 0.06041666666666667
cl4z8hsbb000g3b6fvzerbblc 0 0.5347429016620499 0.4395833333333333 0.0375 0.05416666666666667
cl5nkakmt0003356f8n9jh92b 2 0.4765625 0.8625 0.021875 0.03333333333333333
