ckz3wzlij001f3867sol86pit 0 0.02478693181818182 0.2725378787878788 0.034375 0.05625
cl4sb9k3h0005356fgh2i05tl 0 0.05625 0.3905151515151515 0.028125 0.03333333333333333
cl4sb9r0t000a356f3fr22n3k 0 0.5464488636363637 0.017708333333333333 0.040625 0.035416666666666666
cl4sba04d000i356feuxuanko 0 0.5453125 0.26979166666666665 0.0421875 0.05625
cl4sbacfa000t356f0n0vwnmu 0 0.9013275786713286 0.11109411421911422 0.0328125 0.04791666666666667
cl4sbag3j000x356fg0qnddvw 0 0.65940625 0.33849999999999997 0.0265625 0.03333333333333333
cl4sbajh60011356f1nlii7qd 0 0.6130087209302325 0.45612887596899226 0.0375 0.04375
cl4sbaodz0015356fso1rbddu 0 0.543330223880597 0.45865205223880595 0.0359375 0.041666666666666664
cl4sbb4jr001g356foa7q96fb 0 0.19423532196969698 0.40351957070707073 0.0359375 0.04375
cl4sbb9kr001k356foz9ala52 0 0.3267427884615385 0.9143429487179486 0.03930288461538458 0.05496794871794878
cl4sbbks3001w356fxefedoh2 0 0.1296875 0.06145833333333333 0.025 0.03333333333333333
cl4sbbo2u0020356fd0fnkq87 0 0.65859375 0.6682601686507936 0.0296875 0.0375
cl4sbbrv50024356ficz1v42t 0 0.7454190785356696 0.6501421047142261 0.0265625 0.03958333333333333
cl4sbk21q0027356fftapt7ed 0 0.6505067567567567 0.5276182432432432 0.0390625 0.047916666666666725
cl4sbk8io002f356fwmcd3pjv 0 0.7807976973684211 0.4163377192982456 0.03125 0.03333333333333333
cl4sbkbh4002j356fm66s3m92 0 0.8538115530303031 0.4791666666666667 0.0296875 0.03333333333333333
cl4sbkem1002n356fxfddycqm 0 0.8362034574468085 0.45376773049645386 0.040625 0.05416666666666667
cl4sbkjoj002r356fdo9o05v6 0 0.6056281887755102 0.07291666666666667 0.0265625 0.025
cl4sbkmhx002v356flj7vcxfm 0 0.8370703125000001 0.71484375 0.033984375 0.04135416666666671
cl4sbkrjg002z356fw5lbw5td 0 0.86015625 0.9754042288557214 0.0328125 0.04583333333333333
cl4sbl2xf003b356f7apltw6o 0 0.951953125 0.8276041666666667 0.0234375 0.041666666666666664
cl4sbl6n7003f356fph1n1pui 0 0.8203125 0.7260416666666667 0.028125 0.027083333333333334
cl4sbldor003n356fz6nw845g 0 0.82265625 0.5833333333333334 0.0265625 0.0375
cl4sblih1003r356fmkaegwgz 0 0.675 0.859375 0.03125 0.04791666666666667
cl4sblncn003v356fdfwxtd52 0 0.13159298780487805 0.5696392276422765 0.028125 0.03958333333333333
cl4sbnp6l0043356f929tcrw6 0 0.54375 0.4635416666666667 0.034375 0.052083333333333336
cl4sbnxv00047356f8wdlcgvj 0 0.2800480769230769 0.2826522435897436 0.0359375 0.05625000000000003
cl4x5svmz0003356fdijlb1j7 0 0.9421875 0.4708333333333333 0.025 0.025
cl4xuuxyo000n356f8derlp9a 0 0.41540178571428577 0.06547619047619048 0.02767857142857144 0.048809523809523817
cl4xvx69d000r356fyv9ewcu4 0 0.11953125 0.7209821428571428 0.0484375 0.05625
cl4y18g4u0017356fzzyk4wss 0 0.6212993421052632 0.7877741228070175 0.046875 0.05625
cl4yjvzjp000f356fza9vdddz 0 0.9017857142857142 0.9848214285714286 0.025 0.030357142857142822
cl4yl5ed5000z356fm9nkxgfo 0 0.9783103813559322 0.1987111581920904 0.025 0.04375
cl4ylk3hu0017356fm2i4n7b1 0 0.3421875 0.853125 0.046875 0.06875
cl4ym22tv001f356f8g69lzlj 0 0.7074573863636363 0.906344696969697 0.047017045454545416 0.06723484848484844
cl4ymgo9w001n356fkgsltgz1 0 0.13703125 0.103125 0.04156249999999999 0.04375
cl4yn37so001r356fvarvidkp 0 0.56796875 0.07395833333333333 0.0390625 0.04791666666666667
cl4z7h6ym000b3b6fjyo49iwn 0 0.6848505434782608 0.23374094202898552 0.01875 0.027083333333333334
cl4z8adui000f3b6f9zi2ft3x 0 0.01328125 0.5101154618473895 0.0265625 0.05416666666666667
cl4z8hbub00033b6fmxmwacsm 0 0.2966452205882353 0.2787990196078431 0.0265625 0.033333333333333305
cl4z8hh2u00073b6f6317ib98 0 0.54375 0.37916666666666665 0.028125 0.041666666666666664
cl4z8hm9k000b3b6fuxp3lqdx 0 0.47109375 0.715625 0.0328125 0.06041666666666667
cl4z8hsbb000g3b6fvzerbblc 0 0.5323699359418282 0.4395833333333333 0.0375 0.05416666666666667
cl5nkakmt0003356f8n9jh92b 2 0.4765625 0.8625 0.021875 0.03333333333333333
