cl31445hf0007396cqok6byk7 0 0.666015625 0.2484375 0.0453125 0.0625
cl3144hts000b396c4ihaxgzt 0 0.2451086956521739 0.7542572463768116 0.04375 0.05416666666666667
cl3144v7z000j396cntt1kvmx 2 0.2769752358490566 0.878125 0.04375 0.05625
cl31452bd000n396cl5uyjaty 0 0.87328125 0.6241666666666668 0.0515625 0.07083333333333333
cl31459ks000r396cqrqm7umg 0 0.55703125 0.0421875 0.05 0.06041666666666667
cl314etiv0013396cef6ngytu 0 0.025 0.748263888888889 0.05 0.06875
cl314jqvw0018396c8dtr2qtj 0 0.6328125 0.390625 0.05 0.058333333333333334
cl31722oi001o396catkehdu1 0 0.578125 0.940625 0.0515625 0.06041666666666667
cl3175c4i001s396cws1cud05 0 0.86953125 0.03958333333333333 0.0484375 0.052083333333333336
cl3178ar0001w396cxexl3rlk 0 0.289453125 0.019010416666666665 0.04375 0.03802083333333333
