ckz3xchc8000b3867qdckbwsx 0 0.4076171875 0.6051041666666667 0.0359375 0.04791666666666667
cl1q4slwo000a396bwuuaialo 0 0.09546874999999999 0.7404166666666666 0.03593749999999999 0.04791666666666667
cl1q4t360000e396buikeq0yt 0 0.21206597222222223 0.8449074074074073 0.0453125 0.06666666666666667
cl1q4tlda000h396b22tgu0tm 0 0.37802005597014926 0.2433613184079602 0.0390625 0.05625
cl1q4tsqd000k396bj9xzktnj 2 0.41646521226415095 0.2020243710691824 0.0359375 0.052083333333333336
cl1q4tzib000n396bku91irpm 0 0.46418876262626263 0.31245791245791243 0.0375 0.052083333333333336
cl1q4u81d000q396bjk6dyh70 0 0.776953125 0.45208333333333334 0.040625 0.05625
cl1q4uh0r000u396bmu73xkhg 0 0.6276227678571429 0.43072916666666666 0.04375 0.06041666666666667
cl1q4uov2000x396b1ak2gj95 0 0.3884765625 0.4393229166666667 0.0421875 0.058333333333333334
cl1q4v4np0011396btna91o1k 0 0.7096354166666667 0.078125 0.0375 0.05625
cl1q4vcut0014396bw3korj1i 0 0.9234122983870968 0.18430779569892472 0.0421875 0.06458333333333334
cl2u3prdt000e396c1o2vgo92 0 0.3517981150793651 0.6210648148148148 0.0421875 0.058333333333333334
cl2u3q2m7000j396cu4ux8sau 0 0.4602318548387097 0.571606182795699 0.0390625 0.052083333333333336
cl2u3qrc2000n396c9s3kkyo1 0 0.31729403409090906 0.5258996212121212 0.0328125 0.05
cl2u3r9cd000t396cj2nej9zr 0 0.391015625 0.484375 0.0390625 0.05
cl2u3s59g000x396c3fr70ijf 2 0.34690625 0.448 0.0390625 0.05416666666666667
cl2u3skfg0011396co4urj4aj 0 0.803125 0.9354166666666667 0.040625 0.058333333333333334
cl2u3sxy20015396c6p2mtiap 0 0.72609375 0.8569270833333333 0.034375 0.05
