ckz3xchc8000b3867qdckbwsx 0 0.37265625 0.6799107142857143 0.0359375 0.04791666666666667
cl1q4slwo000a396bwuuaialo 0 0.0958934294871795 0.7430822649572649 0.03593750000000001 0.04791666666666667
cl1q4t360000e396buikeq0yt 0 0.1953125 0.8208333333333333 0.0453125 0.06666666666666667
cl1q4tlda000h396b22tgu0tm 0 0.3685081845238095 0.23990575396825395 0.0390625 0.05625
cl1q4tsqd000k396bj9xzktnj 2 0.3728089755639098 0.20135494987468672 0.0359375 0.052083333333333336
cl1q4tzib000n396bku91irpm 0 0.4546875 0.3072916666666667 0.0375 0.052083333333333336
cl1q4uh0r000u396bmu73xkhg 0 0.6265625 0.521875 0.04375 0.06041666666666667
cl1q4vcut0014396bw3korj1i 0 0.866082974137931 0.11275143678160919 0.0421875 0.06458333333333334
cl2u3prdt000e396c1o2vgo92 0 0.35288461538461535 0.6096955128205128 0.0421875 0.058333333333333334
cl2u3q2m7000j396cu4ux8sau 0 0.4609834558823529 0.6169730392156862 0.0390625 0.052083333333333336
cl2u3qrc2000n396c9s3kkyo1 0 0.3041926245980707 0.5433681672025724 0.0328125 0.05000000000000006
cl2u3r9cd000t396cj2nej9zr 0 0.52890625 0.421875 0.0390625 0.05
cl2u3s59g000x396c3fr70ijf 2 0.3182255993150685 0.45416666666666666 0.0390625 0.05416666666666667
cl2u3skfg0011396co4urj4aj 0 0.803125 0.9354166666666667 0.040625 0.058333333333333334
cl2u3sxy20015396c6p2mtiap 0 0.6803308823529413 0.873406862745098 0.034375 0.05
cl2ubpprn0005396cwkzm7dof 0 0.5691692073170731 0.09047256097560977 0.04375 0.05208333333333334
cl2uc2kz30009396c7vg429f4 0 0.7534090909090909 0.9508522727272728 0.05 0.04791666666666667
