cl2udkxth0027396cjrirxqau 0 0.11296874999999999 0.2502083333333333 0.0375 0.058333333333333334
cl2udl5ii002b396calas596q 0 0.14921875 0.431875 0.0359375 0.04791666666666667
cl2udlavb002f396cr26b4twj 0 0.2060032894736842 0.47664473684210523 0.0453125 0.058333333333333334
cl2udljsx002j396cqvmp8k92 0 0.13995535714285715 0.39791666666666664 0.0421875 0.058333333333333334
cl2udlrxj002n396cq7vc183v 0 0.8842633928571428 0.5470238095238095 0.0421875 0.060416666666666605
cl2udlyc9002r396cukvwi44n 0 0.62578125 0.3333333333333333 0.0484375 0.0625
cl2udm4mw002v396c6mdmottx 0 0.8041843220338982 0.4788135593220339 0.046875 0.075
cl2udmra80037396c825qcin0 0 0.70546875 0.8072916666666666 0.0546875 0.07291666666666667
cl2udmy3e003c396cg9bct67t 0 0.47325367647058825 0.7576593137254902 0.046875 0.06875
cl2udn7s6003h396cssvi9o83 0 0.5658482142857143 0.5147321428571429 0.0390625 0.060416666666666605
cl2udp0pd003m396cvfkpo69k 0 0.6822544642857143 0.07589285714285715 0.040625 0.05000000000000001
cl2udsvf3003q396c37ertluo 0 0.9655034722222222 0.3386574074074074 0.0390625 0.058333333333333334
