ckz3xchc8000b3867qdckbwsx 0 0.3823153409090909 0.6114583333333333 0.0359375 0.04791666666666667
cl1q4slwo000a396bwuuaialo 0 0.10703125 0.7448784722222223 0.0359375 0.04791666666666667
cl1q4t360000e396buikeq0yt 0 0.21109375 0.8354166666666667 0.0453125 0.06666666666666667
cl1q4tlda000h396b22tgu0tm 0 0.37399720149253735 0.24443407960199004 0.0390625 0.05625
cl1q4tsqd000k396bj9xzktnj 2 0.4041100543478261 0.20520833333333333 0.0359375 0.052083333333333336
cl1q4tzib000n396bku91irpm 0 0.46201073232323236 0.3131839225589225 0.0375 0.052083333333333336
cl1q4u81d000q396bjk6dyh70 0 0.9055989583333334 0.47638888888888886 0.040625 0.05625
cl1q4uh0r000u396bmu73xkhg 0 0.629782196969697 0.4545770202020202 0.04375 0.06041666666666667
cl1q4uov2000x396b1ak2gj95 0 0.23567708333333334 0.4392361111111111 0.0421875 0.058333333333333334
cl1q4v4np0011396btna91o1k 0 0.721765988372093 0.06170058139534884 0.0375 0.05625
cl1q4vcut0014396bw3korj1i 0 0.9025475543478262 0.165625 0.0421875 0.06458333333333334
cl2u3prdt000e396c1o2vgo92 0 0.35472248134328355 0.6159825870646766 0.0421875 0.058333333333333334
cl2u3q2m7000j396cu4ux8sau 0 0.44694602272727274 0.5815340909090909 0.0390625 0.052083333333333336
cl2u3qrc2000n396c9s3kkyo1 0 0.3136882033762058 0.5307073954983923 0.0328125 0.05
cl2u3r9cd000t396cj2nej9zr 0 0.4282552083333333 0.4735243055555555 0.0390625 0.05
cl2u3s59g000x396c3fr70ijf 2 0.34453125 0.45267857142857143 0.0390625 0.05416666666666667
cl2u3skfg0011396co4urj4aj 0 0.803125 0.9354166666666667 0.040625 0.058333333333333334
cl2u3sxy20015396c6p2mtiap 0 0.7178365384615384 0.8623717948717948 0.034375 0.05
