cl2ucqlic000d396cf2q9ivy6 0 0.0240234375 0.36875 0.0421875 0.06666666666666667
cl2ucr50d000h396cr0l8f9ez 0 0.34711318597560975 0.24974593495934957 0.0453125 0.0625
cl2ucrbec000l396crh67eapj 0 0.5172439759036145 0.20932479919678715 0.04375 0.06458333333333334
cl2ucrs1x000p396c2z3axlap 0 0.7944668170103093 0.03333333333333333 0.0484375 0.06666666666666667
cl2ucsqmg000t396cytb7tb1r 0 0.6921875 0.8927083333333333 0.04375 0.06041666666666667
cl2ucsxpp000x396cdbuf0czr 0 0.8763671875 0.8302083333333333 0.0453125 0.06666666666666667
cl2uct5hl0011396cx2hm39g2 0 0.3078125 0.81875 0.04375 0.06666666666666667
cl2uctko10015396cqneyuaad 0 0.2189453125 0.496875 0.0390625 0.06041666666666667
cl2uctrmr0019396c46gysl78 0 0.2976728723404255 0.5583333333333333 0.04375 0.06666666666666667
cl2ucxeoq001d396cmlghy79f 0 0.009375 0.9791666666666666 0.01875 0.03333333333333333
cl2ucxml8001h396cg8shefje 0 0.05859375 0.9802083333333333 0.0421875 0.03958333333333333
cl2ucz1ed001l396caznqusgz 0 0.85625 0.37135416666666665 0.0421875 0.06458333333333334
