ckz3xchc8000b3867qdckbwsx 0 0.40546875 0.6085416666666668 0.0359375 0.04791666666666667
cl1q4slwo000a396bwuuaialo 0 0.09890625 0.7472916666666667 0.0359375 0.04791666666666667
cl1q4t360000e396buikeq0yt 0 0.2103515625 0.844140625 0.0453125 0.06666666666666667
cl1q4tlda000h396b22tgu0tm 0 0.3773787313432836 0.24353233830845772 0.0390625 0.05625
cl1q4tsqd000k396bj9xzktnj 2 0.41516804245283023 0.20332154088050317 0.0359375 0.052083333333333336
cl1q4tzib000n396bku91irpm 0 0.4638415404040404 0.31257365319865316 0.0375 0.052083333333333336
cl1q4u81d000q396bjk6dyh70 0 0.796875 0.45979166666666665 0.040625 0.05625
cl1q4uh0r000u396bmu73xkhg 0 0.6245535714285715 0.43645833333333334 0.04375 0.06041666666666667
cl1q4uov2000x396b1ak2gj95 0 0.36171875 0.44583333333333336 0.0421875 0.058333333333333334
cl1q4v4np0011396btna91o1k 0 0.7126420454545455 0.07642045454545454 0.0375 0.056249999999999994
cl1q4vcut0014396bw3korj1i 0 0.91796875 0.18172348484848486 0.0421875 0.06458333333333334
cl2u3prdt000e396c1o2vgo92 0 0.35288938492063493 0.6185185185185186 0.0421875 0.058333333333333334
cl2u3q2m7000j396cu4ux8sau 0 0.4582913306451613 0.5708669354838709 0.0390625 0.052083333333333336
cl2u3qrc2000n396c9s3kkyo1 0 0.3167080965909091 0.5266808712121213 0.0328125 0.05
cl2u3r9cd000t396cj2nej9zr 0 0.40078125 0.48125 0.0390625 0.05
cl2u3s59g000x396c3fr70ijf 2 0.34759375000000003 0.4498333333333333 0.0390625 0.05416666666666667
cl2u3skfg0011396co4urj4aj 0 0.803125 0.9354166666666667 0.040625 0.058333333333333334
cl2u3sxy20015396c6p2mtiap 0 0.724375 0.8575 0.034375 0.05
