cl2udkxth0027396cjrirxqau 0 0.08715277777777777 0.20532407407407408 0.03749999999999999 0.058333333333333334
cl2udl5ii002b396calas596q 0 0.17777673192771085 0.35588604417670683 0.0359375 0.04791666666666667
cl2udlavb002f396cr26b4twj 0 0.19973958333333336 0.4565972222222222 0.04531250000000002 0.058333333333333334
cl2udljsx002j396cqvmp8k92 0 0.37864583333333335 0.5013888888888889 0.0421875 0.058333333333333334
cl2udlrxj002n396cq7vc183v 0 0.5494791666666667 0.4878472222222222 0.0421875 0.06041666666666667
cl2udlyc9002r396cukvwi44n 0 0.62578125 0.3333333333333333 0.0484375 0.0625
cl2udm4mw002v396c6mdmottx 0 0.8414139851485147 0.46332508250825083 0.046875 0.075
cl2udmc6p002z396cojo0mrkm 0 0.8346354166666666 0.18125 0.0375 0.05625
cl2udmjjx0033396capn5p2c1 0 0.23354640151515152 0.96875 0.0578125 0.058333333333333334
cl2udmra80037396c825qcin0 0 0.708404356060606 0.8072916666666666 0.0546875 0.07291666666666667
cl2udmy3e003c396cg9bct67t 0 0.4953125 0.7209763071895424 0.046875 0.06875
cl2udn7s6003h396cssvi9o83 0 0.36484375 0.09236111111111112 0.0390625 0.06041666666666667
