ckz3xchc8000b3867qdckbwsx 0 0.38430397727272725 0.6175189393939394 0.035937499999999956 0.04791666666666667
cl1q4slwo000a396bwuuaialo 0 0.10703125 0.7440972222222223 0.0359375 0.04791666666666667
cl1q4t360000e396buikeq0yt 0 0.21390625000000002 0.8354166666666667 0.0453125 0.06666666666666667
cl1q4tlda000h396b22tgu0tm 0 0.3734724813432836 0.24457400497512438 0.0390625 0.05625
cl1q4tsqd000k396bj9xzktnj 2 0.4004415760869565 0.20520833333333333 0.0359375 0.052083333333333336
cl1q4tzib000n396bku91irpm 0 0.46172664141414144 0.3132786195286196 0.0375 0.052083333333333336
cl1q4u81d000q396bjk6dyh70 0 0.9191761363636364 0.4805871212121212 0.040625 0.05625
cl1q4uh0r000u396bmu73xkhg 0 0.6228693181818181 0.4597537878787879 0.04375 0.06041666666666667
cl1q4uov2000x396b1ak2gj95 0 0.21882102272727272 0.4365530303030303 0.042187499999999975 0.058333333333333334
cl1q4v4np0011396btna91o1k 0 0.7173295454545454 0.05539772727272728 0.0375 0.05625000000000001
cl1q4vcut0014396bw3korj1i 0 0.8988790760869565 0.165625 0.0421875 0.06458333333333334
cl2u3prdt000e396c1o2vgo92 0 0.3545125932835821 0.616962064676617 0.0421875 0.058333333333333334
cl2u3q2m7000j396cu4ux8sau 0 0.44630681818181817 0.5836647727272728 0.0390625 0.052083333333333336
cl2u3qrc2000n396c9s3kkyo1 0 0.31323603295819935 0.5313102893890674 0.0328125 0.04999999999999994
cl2u3r9cd000t396cj2nej9zr 0 0.43458806818181817 0.46382575757575756 0.0390625 0.05
cl2u3s59g000x396c3fr70ijf 2 0.34453125 0.4553571428571429 0.0390625 0.05416666666666667
cl2u3skfg0011396co4urj4aj 0 0.803125 0.9354166666666667 0.040625 0.058333333333333334
cl2u3sxy20015396c6p2mtiap 0 0.7169711538461538 0.8632371794871795 0.034375 0.05
