cl2udkxth0027396cjrirxqau 0 0.0615625 0.22979166666666667 0.0375 0.058333333333333334
cl2udl5ii002b396calas596q 0 0.17551769578313253 0.36140813253012044 0.0359375 0.04791666666666667
cl2udlavb002f396cr26b4twj 0 0.20345982142857144 0.4723214285714286 0.04531250000000002 0.058333333333333334
cl2udljsx002j396cqvmp8k92 0 0.37546875 0.4675 0.0421875 0.058333333333333334
cl2udlrxj002n396cq7vc183v 0 0.58890625 0.4891666666666667 0.0421875 0.06041666666666667
cl2udlyc9002r396cukvwi44n 0 0.62578125 0.3333333333333333 0.0484375 0.0625
cl2udm4mw002v396c6mdmottx 0 0.8398669554455445 0.4649752475247525 0.046875 0.075
cl2udmc6p002z396cojo0mrkm 0 0.8484375 0.22604166666666667 0.0375 0.05625
cl2udmjjx0033396capn5p2c1 0 0.22407670454545453 0.96875 0.0578125 0.058333333333333334
cl2udmra80037396c825qcin0 0 0.7080255681818182 0.8072916666666666 0.0546875 0.07291666666666667
cl2udmy3e003c396cg9bct67t 0 0.4953125 0.7275122549019607 0.046875 0.06875
cl2udn7s6003h396cssvi9o83 0 0.38069196428571433 0.11294642857142856 0.03906250000000004 0.06041666666666665
cl2udp0pd003m396cvfkpo69k 0 0.75859375 0.021875 0.040625 0.041666666666666664
