cl2udkxth0027396cjrirxqau 0 0.13524305555555555 0.31782407407407404 0.0375 0.058333333333333334
cl2udl5ii002b396calas596q 0 0.14921875 0.434375 0.0359375 0.04791666666666667
cl2udlavb002f396cr26b4twj 0 0.20643028846153846 0.47932692307692304 0.0453125 0.058333333333333334
cl2udljsx002j396cqvmp8k92 0 0.11086647727272728 0.37840909090909086 0.0421875 0.058333333333333334
cl2udlrxj002n396cq7vc183v 0 0.9182528409090909 0.5097537878787879 0.0421875 0.06041666666666667
cl2udlyc9002r396cukvwi44n 0 0.62578125 0.3333333333333333 0.0484375 0.0625
cl2udm4mw002v396c6mdmottx 0 0.8010063559322035 0.4798728813559322 0.04687500000000009 0.075
cl2udmra80037396c825qcin0 0 0.70546875 0.8072916666666666 0.0546875 0.07291666666666667
cl2udmy3e003c396cg9bct67t 0 0.47215073529411766 0.7598651960784314 0.046875 0.06875
cl2udn7s6003h396cssvi9o83 0 0.5882133152173913 0.5570199275362319 0.0390625 0.06041666666666667
cl2udp0pd003m396cvfkpo69k 0 0.7046875 0.09015151515151515 0.040625 0.05
cl2udsvf3003q396c37ertluo 0 0.9618576388888889 0.3421296296296296 0.0390625 0.058333333333333334
