ckz3xchc8000b3867qdckbwsx 0 0.39796875 0.6127083333333334 0.0359375 0.04791666666666667
cl1q4slwo000a396bwuuaialo 0 0.1045641447368421 0.7550986842105264 0.0359375 0.04791666666666667
cl1q4t360000e396buikeq0yt 0 0.2162109375 0.8454427083333333 0.0453125 0.06666666666666667
cl1q4tlda000h396b22tgu0tm 0 0.37621268656716417 0.24384328358208956 0.0390625 0.05625000000000003
cl1q4tsqd000k396bj9xzktnj 2 0.4126764112903226 0.20520833333333333 0.0359375 0.052083333333333336
cl1q4tzib000n396bku91irpm 0 0.46321022727272726 0.3127840909090909 0.0375 0.052083333333333336
cl1q4u81d000q396bjk6dyh70 0 0.8296875 0.47312499999999996 0.040625 0.05625
cl1q4uh0r000u396bmu73xkhg 0 0.6309375 0.443125 0.04375 0.06041666666666667
cl1q4uov2000x396b1ak2gj95 0 0.32046874999999997 0.43625 0.0421875 0.058333333333333334
cl1q4v4np0011396btna91o1k 0 0.7176235465116279 0.07090600775193798 0.0375 0.05625
cl1q4vcut0014396bw3korj1i 0 0.9051398026315789 0.1793311403508772 0.0421875 0.06458333333333334
cl2u3prdt000e396c1o2vgo92 0 0.3548735119047619 0.6138888888888889 0.0421875 0.058333333333333334
cl2u3q2m7000j396cu4ux8sau 0 0.45296875 0.5714583333333334 0.0390625 0.052083333333333336
cl2u3qrc2000n396c9s3kkyo1 0 0.31564275568181815 0.5281013257575757 0.0328125 0.05
cl2u3r9cd000t396cj2nej9zr 0 0.40703125 0.4704166666666667 0.0390625 0.05
cl2u3s59g000x396c3fr70ijf 2 0.34884375 0.45316666666666666 0.0390625 0.05416666666666667
cl2u3skfg0011396co4urj4aj 0 0.803125 0.9354166666666667 0.040625 0.058333333333333334
cl2u3sxy20015396c6p2mtiap 0 0.7214903846153846 0.8587179487179487 0.034375 0.05
