cl2ucqlic000d396cf2q9ivy6 0 0.24015625 0.2638888888888889 0.0421875 0.06666666666666664
cl2ucr50d000h396cr0l8f9ez 0 0.3530704941860465 0.24583333333333332 0.0453125 0.0625
cl2ucrbec000l396crh67eapj 0 0.5327658582089552 0.20455534825870647 0.04375 0.06458333333333334
cl2ucrs1x000p396c2z3axlap 0 0.801232280927835 0.03333333333333333 0.0484375 0.06666666666666667
cl2ucsqmg000t396cytb7tb1r 0 0.6921875 0.8927083333333333 0.04375 0.06041666666666667
cl2ucsxpp000x396cdbuf0czr 0 0.89671875 0.8994444444444445 0.0453125 0.06666666666666667
cl2uct5hl0011396cx2hm39g2 0 0.3078125 0.81875 0.04375 0.06666666666666667
cl2uctko10015396cqneyuaad 0 0.2683333333333333 0.6081249999999999 0.0375 0.06041666666666667
cl2uctrmr0019396c46gysl78 0 0.3196828358208955 0.5465485074626866 0.04375 0.06666666666666667
cl2ucxeoq001d396cmlghy79f 0 0.009375 0.9791666666666666 0.01875 0.03333333333333333
cl2ucxml8001h396cg8shefje 0 0.05859375 0.9802083333333333 0.0421875 0.03958333333333333
