cl2udkxth0027396cjrirxqau 0 0.103125 0.14583333333333334 0.0375 0.058333333333333334
cl2udl5ii002b396calas596q 0 0.16514295212765956 0.38481826241134753 0.0359375 0.04791666666666667
cl2udlavb002f396cr26b4twj 0 0.20696022727272728 0.4950284090909091 0.04531250000000002 0.058333333333333334
cl2udljsx002j396cqvmp8k92 0 0.28828125 0.471875 0.0421875 0.058333333333333334
cl2udlrxj002n396cq7vc183v 0 0.69296875 0.5885416666666666 0.0421875 0.06041666666666667
cl2udlyc9002r396cukvwi44n 0 0.62578125 0.3333333333333333 0.0484375 0.0625
cl2udm4mw002v396c6mdmottx 0 0.8320544554455445 0.4711427392739274 0.046875 0.075
cl2udmc6p002z396cojo0mrkm 0 0.921875 0.271875 0.0375 0.05625
cl2udmra80037396c825qcin0 0 0.7063967803030303 0.8072916666666666 0.0546875 0.07291666666666667
cl2udmy3e003c396cg9bct67t 0 0.4914434523809524 0.7408234126984127 0.046875 0.06875
cl2udn7s6003h396cssvi9o83 0 0.44453125 0.215625 0.0390625 0.06041666666666667
cl2udp0pd003m396cvfkpo69k 0 0.7292708333333333 0.022916666666666665 0.040625 0.04583333333333333
cl2udsvf3003q396c37ertluo 0 0.98046875 0.33541666666666664 0.0390625 0.058333333333333334
