cl2udkxth0027396cjrirxqau 0 0.08854166666666667 0.1861111111111111 0.03750000000000001 0.058333333333333334
cl2udl5ii002b396calas596q 0 0.16820146276595743 0.3787012411347518 0.0359375 0.04791666666666667
cl2udlavb002f396cr26b4twj 0 0.20958806818181816 0.49772727272727274 0.04531249999999998 0.058333333333333334
cl2udljsx002j396cqvmp8k92 0 0.30671875000000004 0.4775 0.0421875 0.058333333333333334
cl2udlrxj002n396cq7vc183v 0 0.6611979166666667 0.570486111111111 0.0421875 0.06041666666666667
cl2udlyc9002r396cukvwi44n 0 0.62578125 0.3333333333333333 0.0484375 0.0625
cl2udm4mw002v396c6mdmottx 0 0.8349938118811882 0.47017326732673265 0.046875 0.075
cl2udmc6p002z396cojo0mrkm 0 0.8921875 0.2934027777777778 0.0375 0.05625000000000003
cl2udmra80037396c825qcin0 0 0.7068323863636363 0.8072916666666666 0.0546875 0.07291666666666667
cl2udmy3e003c396cg9bct67t 0 0.4928125 0.7385416666666667 0.046875 0.06875
cl2udn7s6003h396cssvi9o83 0 0.42300347222222223 0.1841435185185185 0.0390625 0.06041666666666667
cl2udsvf3003q396c37ertluo 0 0.9819568452380952 0.32996031746031745 0.03608630952380949 0.058333333333333334
