cl2ucr50d000h396cr0l8f9ez 0 0.3453982469512195 0.25157520325203253 0.0453125 0.0625
cl2ucrbec000l396crh67eapj 0 0.5131777108433735 0.21293925702811245 0.04375 0.06458333333333334
cl2ucrs1x000p396c2z3axlap 0 0.7927271262886597 0.03333333333333333 0.04843749999999991 0.06666666666666667
cl2ucsqmg000t396cytb7tb1r 0 0.6921875 0.8927083333333333 0.04375 0.06041666666666667
cl2ucsxpp000x396cdbuf0czr 0 0.8614062499999999 0.81625 0.0453125 0.06666666666666667
cl2uct5hl0011396cx2hm39g2 0 0.3078125 0.81875 0.04375 0.06666666666666667
cl2uctko10015396cqneyuaad 0 0.23562500000000003 0.4745138888888889 0.0390625 0.06041666666666667
cl2uctrmr0019396c46gysl78 0 0.2911352040816327 0.5634353741496599 0.04375 0.06666666666666667
cl2ucxeoq001d396cmlghy79f 0 0.009375 0.9791666666666666 0.01875 0.03333333333333333
cl2ucxml8001h396cg8shefje 0 0.05859375 0.9802083333333333 0.0421875 0.03958333333333333
cl2ucz1ed001l396caznqusgz 0 0.8090533088235293 0.3244485294117647 0.04218749999999991 0.06458333333333334
