cl2ucr50d000h396cr0l8f9ez 0 0.3412471590909091 0.2564621212121212 0.0453125 0.06249999999999997
cl2ucrbec000l396crh67eapj 0 0.5061631944444445 0.2177662037037037 0.04375 0.06458333333333334
cl2ucrs1x000p396c2z3axlap 0 0.7809283088235294 0.03333333333333333 0.04843749999999991 0.06666666666666667
cl2ucsqmg000t396cytb7tb1r 0 0.6921875 0.8927083333333333 0.04375 0.06041666666666667
cl2ucsxpp000x396cdbuf0czr 0 0.82578125 0.7671195652173913 0.0453125 0.06666666666666667
cl2uct5hl0011396cx2hm39g2 0 0.3078125 0.81875 0.04375 0.06666666666666667
cl2uctko10015396cqneyuaad 0 0.22834374999999998 0.34279166666666666 0.0390625 0.06041666666666667
cl2uctrmr0019396c46gysl78 0 0.2717013888888889 0.5666666666666667 0.04375 0.06666666666666667
cl2ucxeoq001d396cmlghy79f 0 0.009375 0.9791666666666666 0.01875 0.03333333333333333
cl2ucxml8001h396cg8shefje 0 0.05859375 0.9802083333333333 0.0421875 0.03958333333333333
cl2ucz1ed001l396caznqusgz 0 0.64015625 0.099375 0.0421875 0.06458333333333334
cl2ud83u7001p396chrv60yl8 0 0.9790364583333332 0.6024305555555556 0.04192708333333339 0.07291666666666667
