cl2udkxth0027396cjrirxqau 0 0.08541666666666667 0.19027777777777777 0.03750000000000001 0.058333333333333334
cl2udl5ii002b396calas596q 0 0.1686003989361702 0.37790336879432623 0.0359375 0.04791666666666667
cl2udlavb002f396cr26b4twj 0 0.209375 0.496875 0.0453125 0.058333333333333334
cl2udljsx002j396cqvmp8k92 0 0.30929687499999997 0.47875 0.0421875 0.058333333333333334
cl2udlrxj002n396cq7vc183v 0 0.6580729166666667 0.5652777777777778 0.0421875 0.06041666666666667
cl2udlyc9002r396cukvwi44n 0 0.62578125 0.3333333333333333 0.0484375 0.0625
cl2udm4mw002v396c6mdmottx 0 0.8352258663366336 0.4699257425742574 0.046875 0.075
cl2udmc6p002z396cojo0mrkm 0 0.878125 0.30694444444444446 0.0375 0.05625
cl2udmra80037396c825qcin0 0 0.7068892045454546 0.8072916666666666 0.0546875 0.07291666666666667
cl2udmy3e003c396cg9bct67t 0 0.49299107142857146 0.7382440476190476 0.046875 0.06875
cl2udn7s6003h396cssvi9o83 0 0.4219618055555555 0.18171296296296297 0.0390625 0.06041666666666667
cl2udsvf3003q396c37ertluo 0 0.9822358630952381 0.33010912698412703 0.035528273809523725 0.058333333333333334
