ckz3xchc8000b3867qdckbwsx 0 0.39249999999999996 0.6116666666666667 0.0359375 0.04791666666666667
cl1q4slwo000a396bwuuaialo 0 0.10538651315789474 0.7523574561403509 0.0359375 0.04791666666666667
cl1q4t360000e396buikeq0yt 0 0.21767578125 0.8457682291666667 0.0453125 0.06666666666666667
cl1q4tlda000h396b22tgu0tm 0 0.3759211753731343 0.24392101990049753 0.0390625 0.05625
cl1q4tsqd000k396bj9xzktnj 2 0.4119203629032258 0.20520833333333333 0.0359375 0.052083333333333336
cl1q4tzib000n396bku91irpm 0 0.463052398989899 0.31283670033670036 0.0375 0.052083333333333336
cl1q4u81d000q396bjk6dyh70 0 0.8375 0.4720833333333333 0.040625 0.05625
cl1q4uh0r000u396bmu73xkhg 0 0.6325000000000001 0.4358333333333333 0.04375 0.06041666666666667
cl1q4uov2000x396b1ak2gj95 0 0.311875 0.4425 0.0421875 0.058333333333333334
cl1q4v4np0011396btna91o1k 0 0.7181686046511628 0.06969476744186046 0.0375 0.056249999999999994
cl1q4vcut0014396bw3korj1i 0 0.9047286184210526 0.178234649122807 0.0421875 0.06458333333333334
cl2u3prdt000e396c1o2vgo92 0 0.35536954365079365 0.6127314814814814 0.0421875 0.058333333333333334
cl2u3q2m7000j396cu4ux8sau 0 0.44984375 0.5735416666666667 0.0390625 0.052083333333333336
cl2u3qrc2000n396c9s3kkyo1 0 0.31537642045454545 0.5284564393939395 0.0328125 0.05000000000000006
cl2u3r9cd000t396cj2nej9zr 0 0.4109375 0.47250000000000003 0.0390625 0.05
cl2u3s59g000x396c3fr70ijf 2 0.34915625 0.45399999999999996 0.0390625 0.05416666666666667
cl2u3skfg0011396co4urj4aj 0 0.803125 0.9354166666666667 0.040625 0.058333333333333334
cl2u3sxy20015396c6p2mtiap 0 0.7210096153846154 0.8591987179487179 0.034375 0.05
