ckz3xchc8000b3867qdckbwsx 0 0.38046875 0.6447916666666667 0.0359375 0.04791666666666667
cl1q4slwo000a396bwuuaialo 0 0.10390625 0.7479166666666667 0.0359375 0.04791666666666667
cl1q4t360000e396buikeq0yt 0 0.19921875 0.8243055555555556 0.0453125 0.06666666666666667
cl1q4tlda000h396b22tgu0tm 0 0.3704241071428572 0.2373511904761905 0.0390625 0.05625
cl1q4tsqd000k396bj9xzktnj 2 0.38976463607594936 0.20170094936708863 0.035937499999999956 0.052083333333333336
cl1q4tzib000n396bku91irpm 0 0.45671672077922076 0.3093208874458874 0.0375 0.052083333333333336
cl1q4uh0r000u396bmu73xkhg 0 0.6375 0.490625 0.04375 0.06041666666666667
cl1q4uov2000x396b1ak2gj95 0 0.05140625 0.41625 0.0421875 0.058333333333333334
cl1q4v4np0011396btna91o1k 0 0.7321875 0.0407638888888889 0.0375 0.05625000000000001
cl1q4vcut0014396bw3korj1i 0 0.87265625 0.1454861111111111 0.0421875 0.06458333333333331
cl2u3prdt000e396c1o2vgo92 0 0.35271688432835824 0.625342039800995 0.0421875 0.058333333333333334
cl2u3q2m7000j396cu4ux8sau 0 0.4495659722222222 0.6086805555555556 0.0390625 0.052083333333333336
cl2u3qrc2000n396c9s3kkyo1 0 0.30936746382636654 0.5364683815648446 0.0328125 0.04999999999999994
cl2u3r9cd000t396cj2nej9zr 0 0.48203125 0.4527777777777778 0.0390625 0.05
cl2u3s59g000x396c3fr70ijf 2 0.332851957070707 0.45157828282828283 0.0390625 0.05416666666666667
cl2u3skfg0011396co4urj4aj 0 0.803125 0.9354166666666667 0.040625 0.058333333333333334
cl2u3sxy20015396c6p2mtiap 0 0.7030048076923077 0.8653846153846153 0.034375 0.05
cl2ubpprn0005396cwkzm7dof 0 0.5896874999999999 0.029375000000000002 0.04375 0.052083333333333336
