cl2ucr50d000h396cr0l8f9ez 0 0.33978125000000003 0.25841666666666663 0.0453125 0.06249999999999997
cl2ucrbec000l396crh67eapj 0 0.503125 0.21979166666666666 0.04375 0.06458333333333334
cl2ucrs1x000p396c2z3axlap 0 0.7719618055555555 0.03333333333333333 0.0484375 0.06666666666666667
cl2ucsqmg000t396cytb7tb1r 0 0.6921875 0.8927083333333333 0.04375 0.06041666666666667
cl2ucsxpp000x396cdbuf0czr 0 0.7802220394736843 0.7596491228070176 0.0453125 0.06666666666666667
cl2uct5hl0011396cx2hm39g2 0 0.3078125 0.81875 0.04375 0.06666666666666667
cl2uctko10015396cqneyuaad 0 0.2333470394736842 0.25433114035087717 0.0390625 0.06041666666666664
cl2uctrmr0019396c46gysl78 0 0.2559895833333333 0.5670138888888889 0.04375 0.06666666666666667
cl2ucxeoq001d396cmlghy79f 0 0.009375 0.9791666666666666 0.01875 0.03333333333333333
cl2ucxml8001h396cg8shefje 0 0.05859375 0.9802083333333333 0.0421875 0.03958333333333333
cl2ud83u7001p396chrv60yl8 0 0.9235197368421053 0.7487390350877193 0.04375 0.06458333333333334
cl2uddpw1001u396cndwjix22 0 0.08531249999999999 0.9791666666666666 0.04062499999999999 0.041666666666666664
