cl2udkxth0027396cjrirxqau 0 0.0224609375 0.22760416666666666 0.0375 0.058333333333333334
cl2udl5ii002b396calas596q 0 0.17133847891566265 0.37162399598393575 0.0359375 0.04791666666666667
cl2udlavb002f396cr26b4twj 0 0.2077414772727273 0.4903409090909091 0.04531250000000002 0.058333333333333334
cl2udljsx002j396cqvmp8k92 0 0.3206182065217391 0.4951086956521739 0.0421875 0.058333333333333334
cl2udlrxj002n396cq7vc183v 0 0.6270680147058824 0.5275122549019607 0.0421875 0.060416666666666605
cl2udlyc9002r396cukvwi44n 0 0.62578125 0.3333333333333333 0.0484375 0.0625
cl2udm4mw002v396c6mdmottx 0 0.8370049504950495 0.46802805280528054 0.046875 0.075
cl2udmc6p002z396cojo0mrkm 0 0.8625 0.28407738095238094 0.0375 0.05625
cl2udmra80037396c825qcin0 0 0.7073248106060606 0.8072916666666666 0.0546875 0.07291666666666667
cl2udmy3e003c396cg9bct67t 0 0.49436011904761906 0.7359623015873016 0.046875 0.06875
cl2udn7s6003h396cssvi9o83 0 0.4062959558823529 0.16035539215686273 0.03906249999999996 0.06041666666666667
cl2udp0pd003m396cvfkpo69k 0 0.7614583333333333 0.02341269841269841 0.040625 0.04583333333333333
cl2udsvf3003q396c37ertluo 0 0.984375 0.33125 0.03125 0.058333333333333334
