ckz3xchc8000b3867qdckbwsx 0 0.375390625 0.6298032407407407 0.0359375 0.04791666666666667
cl1q4slwo000a396bwuuaialo 0 0.10421875 0.739375 0.0359375 0.04791666666666667
cl1q4t360000e396buikeq0yt 0 0.20328125 0.83425 0.0453125 0.06666666666666667
cl1q4tlda000h396b22tgu0tm 0 0.3710565476190476 0.2365079365079365 0.0390625 0.05625
cl1q4tsqd000k396bj9xzktnj 2 0.3916015625 0.21041666666666667 0.0359375 0.052083333333333336
cl1q4tzib000n396bku91irpm 0 0.45947646103896106 0.3120806277056277 0.0375 0.052083333333333336
cl1q4uh0r000u396bmu73xkhg 0 0.6282986111111111 0.4707175925925926 0.04375 0.06041666666666667
cl1q4uov2000x396b1ak2gj95 0 0.12942708333333333 0.4305555555555555 0.0421875 0.058333333333333334
cl1q4v4np0011396btna91o1k 0 0.7076388888888889 0.03460648148148148 0.0375 0.05625
cl1q4vcut0014396bw3korj1i 0 0.8841145833333334 0.159375 0.0421875 0.06458333333333334
cl2u3prdt000e396c1o2vgo92 0 0.3535097947761194 0.6216417910447761 0.0421875 0.058333333333333334
cl2u3q2m7000j396cu4ux8sau 0 0.44453125 0.591550925925926 0.0390625 0.052083333333333336
cl2u3qrc2000n396c9s3kkyo1 0 0.3110756631832797 0.5341907824222937 0.0328125 0.05000000000000006
cl2u3r9cd000t396cj2nej9zr 0 0.4544270833333333 0.45 0.0390625 0.05
cl2u3s59g000x396c3fr70ijf 2 0.3382181186868687 0.45372474747474745 0.0390625 0.05416666666666667
cl2u3skfg0011396co4urj4aj 0 0.803125 0.9354166666666667 0.040625 0.058333333333333334
cl2u3sxy20015396c6p2mtiap 0 0.7060697115384615 0.8626602564102565 0.034375 0.05
