cl2ucr50d000h396cr0l8f9ez 0 0.33973011363636363 0.2584848484848485 0.0453125 0.06249999999999997
cl2ucrbec000l396crh67eapj 0 0.503125 0.21979166666666666 0.04375 0.06458333333333334
cl2ucrs1x000p396c2z3axlap 0 0.771701388888889 0.03333333333333333 0.0484375 0.06666666666666667
cl2ucsqmg000t396cytb7tb1r 0 0.6921875 0.8927083333333333 0.04375 0.06041666666666667
cl2ucsxpp000x396cdbuf0czr 0 0.7775082236842105 0.7616228070175438 0.04531249999999991 0.06666666666666667
cl2uct5hl0011396cx2hm39g2 0 0.3078125 0.81875 0.04375 0.06666666666666667
cl2uctko10015396cqneyuaad 0 0.23532072368421053 0.25301535087719296 0.0390625 0.06041666666666667
cl2uctrmr0019396c46gysl78 0 0.25559895833333335 0.5675347222222222 0.04375 0.06666666666666667
cl2ucxeoq001d396cmlghy79f 0 0.009375 0.9791666666666666 0.01875 0.03333333333333333
cl2ucxml8001h396cg8shefje 0 0.05859375 0.9802083333333333 0.0421875 0.03958333333333333
cl2ud83u7001p396chrv60yl8 0 0.9212993421052632 0.7546600877192983 0.04375 0.06458333333333334
cl2uddpw1001u396cndwjix22 0 0.09140625 0.9791666666666666 0.040625 0.041666666666666664
