ckz3xchc8000b3867qdckbwsx 0 0.38515625 0.6479166666666667 0.0359375 0.04791666666666667
cl1q4slwo000a396bwuuaialo 0 0.10390625 0.7502604166666667 0.0359375 0.04791666666666667
cl1q4t360000e396buikeq0yt 0 0.2015625 0.826388888888889 0.0453125 0.06666666666666667
cl1q4tlda000h396b22tgu0tm 0 0.37020089285714286 0.2376488095238095 0.0390625 0.05625
cl1q4tsqd000k396bj9xzktnj 2 0.38834058544303796 0.20106803797468356 0.0359375 0.052083333333333336
cl1q4tzib000n396bku91irpm 0 0.45574269480519486 0.30834686147186147 0.0375 0.052083333333333336
cl1q4uh0r000u396bmu73xkhg 0 0.6421875 0.496875 0.04375 0.06041666666666667
cl1q4uov2000x396b1ak2gj95 0 0.02734375 0.41041666666666665 0.0421875 0.058333333333333334
cl1q4v4np0011396btna91o1k 0 0.73125 0.03784722222222223 0.0375 0.05625
cl1q4vcut0014396bw3korj1i 0 0.875 0.14027777777777778 0.0421875 0.06458333333333331
cl2u3prdt000e396c1o2vgo92 0 0.35243703358208955 0.6266480099502487 0.0421875 0.058333333333333334
cl2u3q2m7000j396cu4ux8sau 0 0.44696180555555554 0.6107638888888889 0.0390625 0.052083333333333336
cl2u3qrc2000n396c9s3kkyo1 0 0.3087645699356913 0.5372722400857449 0.0328125 0.05
cl2u3r9cd000t396cj2nej9zr 0 0.4890625 0.45381944444444444 0.0390625 0.05
cl2u3s59g000x396c3fr70ijf 2 0.3309580176767677 0.4508207070707071 0.0390625 0.05416666666666667
cl2u3skfg0011396co4urj4aj 0 0.803125 0.9354166666666667 0.040625 0.058333333333333334
cl2u3sxy20015396c6p2mtiap 0 0.7019230769230769 0.8663461538461539 0.034375 0.05
cl2ubpprn0005396cwkzm7dof 0 0.6009375 0.039375 0.04375 0.052083333333333336
