ckz3xchc8000b3867qdckbwsx 0 0.37265625 0.6811011904761906 0.0359375 0.04791666666666667
cl1q4slwo000a396bwuuaialo 0 0.0960002670940171 0.7434383903133903 0.03593750000000001 0.04791666666666667
cl1q4t360000e396buikeq0yt 0 0.19270833333333334 0.8222222222222223 0.04531250000000002 0.06666666666666667
cl1q4tlda000h396b22tgu0tm 0 0.3684337797619047 0.24000496031746035 0.0390625 0.05625000000000003
cl1q4tsqd000k396bj9xzktnj 2 0.37196311090225564 0.20154291979949873 0.0359375 0.052083333333333336
cl1q4tzib000n396bku91irpm 0 0.4546875 0.3072916666666667 0.0375 0.052083333333333336
cl1q4uh0r000u396bmu73xkhg 0 0.6296875 0.5260416666666666 0.04375 0.06041666666666667
cl1q4vcut0014396bw3korj1i 0 0.8662984913793104 0.11188936781609196 0.0421875 0.06458333333333335
cl2u3prdt000e396c1o2vgo92 0 0.35216346153846156 0.6106570512820514 0.0421875 0.058333333333333334
cl2u3q2m7000j396cu4ux8sau 0 0.46043198529411766 0.6174632352941176 0.0390625 0.052083333333333336
cl2u3qrc2000n396c9s3kkyo1 0 0.30399165996784566 0.5436361200428724 0.0328125 0.04999999999999994
cl2u3r9cd000t396cj2nej9zr 0 0.5299479166666667 0.42256944444444444 0.0390625 0.05
cl2u3s59g000x396c3fr70ijf 2 0.3173694349315069 0.45416666666666666 0.0390625 0.05416666666666667
cl2u3skfg0011396co4urj4aj 0 0.803125 0.9354166666666667 0.040625 0.058333333333333334
cl2u3sxy20015396c6p2mtiap 0 0.6797181372549019 0.873733660130719 0.034375 0.05
cl2ubpprn0005396cwkzm7dof 0 0.5673399390243903 0.09189532520325203 0.04375 0.052083333333333336
cl2uc2kz30009396c7vg429f4 0 0.7542613636363636 0.9482007575757575 0.05 0.04791666666666667
