cl2udkxth0027396cjrirxqau 0 0.05798611111111111 0.09282407407407407 0.037500000000000006 0.058333333333333334
cl2udl5ii002b396calas596q 0 0.15931490384615385 0.39383012820512825 0.0359375 0.04791666666666667
cl2udlavb002f396cr26b4twj 0 0.18828125 0.47946428571428573 0.0453125 0.058333333333333334
cl2udljsx002j396cqvmp8k92 0 0.2689903846153846 0.4549679487179487 0.0421875 0.058333333333333334
cl2udlrxj002n396cq7vc183v 0 0.74609375 0.6393749999999999 0.0421875 0.06041666666666667
cl2udlyc9002r396cukvwi44n 0 0.62578125 0.3333333333333333 0.0484375 0.0625
cl2udm4mw002v396c6mdmottx 0 0.8247834158415841 0.4721122112211221 0.046875 0.075
cl2udmc6p002z396cojo0mrkm 0 0.9669921875 0.25390625 0.0375 0.05625
cl2udmra80037396c825qcin0 0 0.7055066287878787 0.8072916666666666 0.0546875 0.07291666666666667
cl2udmy3e003c396cg9bct67t 0 0.4890625 0.7447916666666666 0.046875 0.06875
cl2udn7s6003h396cssvi9o83 0 0.4650173611111111 0.27094907407407404 0.0390625 0.06041666666666664
cl2udsvf3003q396c37ertluo 0 0.98046875 0.3315686274509804 0.0390625 0.058333333333333334
