cl2ucr50d000h396cr0l8f9ez 0 0.3386903409090909 0.25987121212121217 0.0453125 0.06250000000000003
cl2ucrbec000l396crh67eapj 0 0.503125 0.21979166666666666 0.04375 0.06458333333333334
cl2ucrs1x000p396c2z3axlap 0 0.76796875 0.03333333333333333 0.0484375 0.06666666666666667
cl2ucsqmg000t396cytb7tb1r 0 0.6921875 0.8927083333333333 0.04375 0.06041666666666667
cl2ucsxpp000x396cdbuf0czr 0 0.7484786184210527 0.7767543859649123 0.0453125 0.06666666666666667
cl2uct5hl0011396cx2hm39g2 0 0.3078125 0.81875 0.04375 0.06666666666666667
cl2uctko10015396cqneyuaad 0 0.22253289473684212 0.2019188596491228 0.040625 0.06041666666666667
cl2uctrmr0019396c46gysl78 0 0.25 0.575 0.04375 0.06666666666666667
cl2ucxeoq001d396cmlghy79f 0 0.009375 0.9791666666666666 0.01875 0.03333333333333333
cl2ucxml8001h396cg8shefje 0 0.05859375 0.9802083333333333 0.0421875 0.03958333333333333
cl2ud83u7001p396chrv60yl8 0 0.8663651315789475 0.8477521929824562 0.04375 0.06458333333333334
cl2uddpw1001u396cndwjix22 0 0.19070723684210528 0.9528508771929824 0.04375 0.05
cl2udeago001z396cpuukphqg 0 0.028125 0.7410635964912281 0.0375 0.06458333333333334
cl2udgnxk0023396c2mkpm6qs 0 0.3734375 0.975189393939394 0.05625 0.04962121212121211
