cl2udkxth0027396cjrirxqau 0 0.11116071428571428 0.14761904761904762 0.0375 0.05833333333333335
cl2udl5ii002b396calas596q 0 0.16434507978723406 0.3864140070921986 0.0359375 0.04791666666666667
cl2udlavb002f396cr26b4twj 0 0.20568181818181816 0.49303977272727273 0.04531249999999998 0.058333333333333334
cl2udljsx002j396cqvmp8k92 0 0.28426339285714286 0.47276785714285713 0.0421875 0.058333333333333334
cl2udlrxj002n396cq7vc183v 0 0.6983258928571429 0.5938988095238095 0.0421875 0.06041666666666667
cl2udlyc9002r396cukvwi44n 0 0.62578125 0.3333333333333333 0.0484375 0.0625
cl2udm4mw002v396c6mdmottx 0 0.8311262376237624 0.47126650165016504 0.046875 0.075
cl2udmc6p002z396cojo0mrkm 0 0.9125 0.234375 0.0375 0.05625
cl2udmra80037396c825qcin0 0 0.706283143939394 0.8072916666666666 0.0546875 0.07291666666666667
cl2udmy3e003c396cg9bct67t 0 0.49108630952380955 0.7414186507936509 0.046875 0.06875
cl2udn7s6003h396cssvi9o83 0 0.44453125 0.22633928571428572 0.0390625 0.06041666666666667
cl2udp0pd003m396cvfkpo69k 0 0.7267708333333334 0.022916666666666665 0.040625 0.04583333333333333
cl2udsvf3003q396c37ertluo 0 0.98046875 0.34077380952380953 0.0390625 0.058333333333333334
