0 0.49765625 0.7303838039597533 0.0328125 0.03923239208049338
0 0.07254214791356185 0.8340707277694983 0.0328125 0.04791666666666667
0 0.24713541666666666 0.30327380952380956 0.0328125 0.04583333333333333
0 0.70703125 0.3333333333333333 0.0328125 0.04583333333333333
0 0.9171875 0.5697916666666667 0.03125 0.03125
0 0.846875 0.7864583333333334 0.0375 0.04375
0 0.1751580056179775 0.714688670411985 0.03125 0.04791666666666667
0 0.40608603395061726 0.2637088477366255 0.035937499999999956 0.058333333333333334
0 0.31640625 0.065625 0.0328125 0.04375
0 0.7125600961538462 0.06923076923076923 0.0390625 0.05000000000000001
