0 0.49765625 0.7297904495293736 0.0328125 0.04041910094125285
0 0.07265625 0.8303254437869823 0.03551220414201184 0.04881656804733723
0 0.2661830357142857 0.287797619047619 0.0328125 0.04702380952380949
0 0.7295472756410256 0.3954594017094017 0.0328125 0.04583333333333333
0 0.9171875 0.5697916666666667 0.03125 0.03125
0 0.846875 0.7864583333333334 0.0375 0.04375
0 0.17454785925196853 0.7120242782152232 0.035279281496062985 0.05160761154855642
0 0.41593703078078076 0.27879754754754754 0.0359375 0.058333333333333307
0 0.26875 0.25492424242424244 0.034375 0.05000000000000003
0 0.5024038461538461 0.4185096153846154 0.0375 0.052083333333333336
0 0.6481770833333333 0.25472222222222224 0.0390625 0.05000000000000003
