0 0.5015024038461539 0.7322916666666667 0.0328125 0.035416666666666666
0 0.07488839285714285 0.8335813492063492 0.0328125 0.04791666666666667
0 0.81875 0.5180059523809525 0.0375 0.047916666666666725
0 0.44211647727272724 0.2698863636363636 0.0328125 0.0458333333333333
0 0.846875 0.7635416666666667 0.0265625 0.0375
0 0.7075142045454546 0.3747348484848485 0.0328125 0.04583333333333333
0 0.9190168406072106 0.5770576375711575 0.03125 0.03125
0 0.8549744897959183 0.7901998299319728 0.0375 0.04375
0 0.1802480916030534 0.716412213740458 0.03337309160305344 0.05216284987277362
0 0.3569350961538461 0.19153846153846155 0.0359375 0.058333333333333334
0 0.10674715909090908 0.18513257575757575 0.02656249999999999 0.035416666666666666
0 0.20333806818181815 0.01789772727272727 0.029687499999999978 0.03125
0 0.76328125 0.009375 0.0296875 0.01875
0 0.807421875 0.9498263888888889 0.028125 0.035416666666666666
0 0.983984375 0.3125 0.0265625 0.041666666666666664
