0 0.49765625 0.7292001379422266 0.0328125 0.04159972411554686
0 0.07301682692307691 0.8262820512820513 0.039302884615384615 0.05
0 0.19765625 0.31312500000000004 0.0328125 0.05124999999999999
0 0.67109375 0.36041666666666666 0.0328125 0.04583333333333333
0 0.9171875 0.5697916666666667 0.03125 0.03125
0 0.846875 0.7864583333333334 0.0375 0.04375
0 0.17275775098425197 0.7183891076115486 0.03885949803149606 0.05797244094488185
0 0.4276475694444445 0.29126157407407405 0.038975694444444466 0.05914351851851851
0 0.29635416666666664 0.28958333333333336 0.034375 0.05
0 0.4015625 0.865625 0.0375 0.052083333333333336
0 0.79453125 0.2875 0.0390625 0.05
0 0.99375 0.9916666666666667 0.0125 0.016666666666666666
