0 0.49765625 0.7299243346316132 0.0328125 0.04015133073677373
0 0.07265625 0.8315458579881657 0.0346985946745562 0.048545364891518734
0 0.3209517045454545 0.21231060606060606 0.0328125 0.04583333333333333
0 0.7299236918604651 0.40823643410852717 0.0328125 0.04583333333333333
0 0.9171875 0.5697916666666667 0.03125 0.03125
0 0.846875 0.7864583333333334 0.0375 0.04375
0 0.17495386318897638 0.7105807086614173 0.03446727362204725 0.05016404199475062
0 0.4132530968468468 0.2757695195195195 0.035937499999999956 0.058333333333333334
0 0.2558894230769231 0.1969551282051282 0.034375 0.05
0 0.45107421875 0.28567708333333336 0.0375 0.05
0 0.78046875 0.29583333333333334 0.0390625 0.05
