0 0.4998961975524476 0.7322916666666667 0.0328125 0.035416666666666666
0 0.07332589285714286 0.8321924603174603 0.0328125 0.04791666666666667
0 0.90625 0.465625 0.028125 0.03958333333333333
0 0.2603794642857143 0.3244047619047619 0.0328125 0.04583333333333333
0 0.719832454819277 0.376531124497992 0.0328125 0.04583333333333333
0 0.9194526802656547 0.5753142789373814 0.03125 0.03125
0 0.8528911564625851 0.7895053854875284 0.0375 0.04375
0 0.17849475190839695 0.7123210877862595 0.03161975190839694 0.048656170483460555
0 0.36188221153846156 0.19813461538461538 0.0359375 0.058333333333333334
0 0.23359375 0.021625000000000002 0.0296875 0.043250000000000004
0 0.9346507352941176 0.24546568627450982 0.034375 0.041666666666666664
0 0.99140625 0.7291666666666666 0.0171875 0.0375
