0 0.49765625 0.7313179568321974 0.0328125 0.03736408633560527
0 0.07182726341281669 0.8321643691008446 0.0328125 0.04791666666666667
0 0.28390624999999997 0.27902777777777776 0.0328125 0.04583333333333333
0 0.7145312500000001 0.38999999999999996 0.0328125 0.04583333333333333
0 0.9187889004149378 0.5708592669432918 0.03125 0.03125
0 0.8482308201058201 0.78736221340388 0.0375 0.04375
0 0.17711070959264125 0.7141631077529565 0.03125 0.04791666666666667
0 0.3853567477876106 0.23399705014749264 0.0367809734513274 0.058333333333333334
0 0.21870404411764705 0.10943627450980392 0.0328125 0.041666666666666664
0 0.84423828125 0.8822916666666667 0.0375 0.04583333333333333
0 0.5248437499999999 0.47 0.0328125 0.0375
0 0.46875 0.12958333333333333 0.034375 0.041666666666666664
0 0.21822916666666664 0.11574074074074074 0.034375 0.05
