0 0.49765625 0.7310988721194417 0.0328125 0.03780225576111652
0 0.07199492362146051 0.8326114629905613 0.0328125 0.04791666666666667
0 0.3211805555555555 0.2474537037037037 0.0328125 0.04583333333333333
0 0.7515625 0.409375 0.0328125 0.04583333333333333
0 0.9183220954356847 0.5705480636237897 0.03125 0.03125
0 0.8478339947089948 0.7870976631393298 0.0375 0.04375
0 0.17696287779237846 0.7145573258869908 0.03125 0.04791666666666667
0 0.3928595430107527 0.24480286738351253 0.0375 0.058333333333333334
0 0.883203125 0.9046875 0.0375 0.04583333333333333
0 0.6140625 0.6195833333333333 0.0328125 0.0375
0 0.34739583333333335 0.05023148148148149 0.034375 0.04166666666666667
0 0.16796875 0.01875 0.0421875 0.0375
