0 0.4995356206293707 0.7322916666666667 0.0328125 0.035416666666666666
0 0.07297512755102041 0.8318806689342403 0.0328125 0.04791666666666667
0 0.97578125 0.5614583333333333 0.028125 0.03958333333333333
0 0.2649857954545455 0.3806818181818182 0.0328125 0.04583333333333333
0 0.717761671686747 0.3745983935742972 0.0328125 0.04583333333333333
0 0.9195505218216319 0.5749229127134724 0.03125 0.03125
0 0.852423469387755 0.7893494897959185 0.0375 0.04375
0 0.1781208935611038 0.7114692838370564 0.03125 0.04791666666666667
0 0.3629927884615385 0.1996153846153846 0.0359375 0.058333333333333334
0 0.23359375 0.021166666666666667 0.0296875 0.042333333333333334
0 0.9859375 0.2828125 0.025 0.03125
