0 0.49765625 0.7298665206101915 0.0328125 0.040266958779616974
0 0.07265625 0.8310188609467455 0.035049926035502964 0.04866247534516776
0 0.29951171875 0.2576822916666667 0.0328125 0.04583333333333333
0 0.7335536858974359 0.4061431623931624 0.0328125 0.04583333333333333
0 0.9171875 0.5697916666666667 0.03125 0.03125
0 0.846875 0.7864583333333334 0.0375 0.04375
0 0.17477854330708661 0.7112040682414699 0.03481791338582678 0.05078740157480309
0 0.4144120683183183 0.27707707707707707 0.035937499999999956 0.058333333333333307
0 0.2527644230769231 0.2221153846153846 0.034375 0.05
0 0.4794270833333333 0.3350694444444445 0.0375 0.05
0 0.7236979166666667 0.275 0.0390625 0.05
