0 0.49765625 0.7306394027913015 0.0328125 0.038721194417396985
0 0.07234654433681073 0.8335491182314952 0.0328125 0.04791666666666667
0 0.33234375 0.26999999999999996 0.0328125 0.04583333333333333
0 0.7386340725806452 0.35618279569892475 0.0328125 0.04583333333333333
0 0.917343101659751 0.5698954011065006 0.03125 0.03125
0 0.8470017636684304 0.7865428424456202 0.0375 0.04375
0 0.17665284165571615 0.7153840889180902 0.03125 0.04791666666666667
0 0.40048643867924527 0.25625 0.038649764150943386 0.058333333333333334
0 0.7697265625 0.9434895833333333 0.0328125 0.0375
0 0.32310267857142855 0.09672619047619048 0.03504464285714284 0.04761904761904763
0 0.91015625 0.2125 0.0390625 0.05
0 0.4606158088235294 0.038357843137254904 0.0421875 0.04583333333333333
