0 0.49765625 0.7311627718273288 0.0328125 0.03767445634534248
0 0.07194602272727273 0.8324810606060605 0.0328125 0.04791666666666667
0 0.3455729166666667 0.24208333333333334 0.0328125 0.04583333333333333
0 0.7448784722222223 0.40532407407407406 0.0328125 0.04583333333333333
0 0.9184582468879668 0.5706388312586446 0.03125 0.03125
0 0.8479497354497354 0.7871748236331569 0.0375 0.04375
0 0.17700599540078843 0.7144423455978974 0.03125 0.04791666666666667
0 0.39205613938053097 0.24151917404129797 0.037486172566371635 0.05833333333333336
0 0.185 0.021041666666666667 0.0328125 0.03458333333333333
0 0.9046875 0.8375 0.0375 0.04583333333333333
0 0.5865985576923076 0.5931089743589744 0.0328125 0.0375
0 0.38046875 0.07604166666666666 0.034375 0.041666666666666664
0 0.18385416666666668 0.020833333333333332 0.03333333333333335 0.041666666666666664
