0 0.49765625 0.730365546900357 0.0328125 0.0392689061992859
0 0.0725561195976155 0.8341079855936414 0.0328125 0.04791666666666667
0 0.24282670454545455 0.3143939393939394 0.0328125 0.04583333333333333
0 0.7055006377551021 0.334608843537415 0.0328125 0.04583333333333333
0 0.9171875 0.5697916666666667 0.03125 0.03125
0 0.846875 0.7864583333333334 0.0375 0.04375
0 0.17494733146067415 0.7145482209737827 0.03125 0.04791666666666667
0 0.406201774691358 0.2643261316872428 0.035937499999999956 0.058333333333333307
0 0.32578125 0.078125 0.0328125 0.04375
0 0.24203125 0.013125 0.03718750000000002 0.02625
0 0.6981026785714286 0.06815476190476191 0.0390625 0.05
