0 0.49765625 0.7294709509899384 0.0328125 0.041058098020123286
0 0.07265625 0.8274130917159764 0.03745377218934911 0.04946375739644975
0 0.29508272058823526 0.2479779411764706 0.0328125 0.04791666666666667
0 0.7141741071428571 0.3667261904761905 0.0328125 0.04583333333333333
0 0.9171875 0.5697916666666667 0.03125 0.03125
0 0.846875 0.7864583333333334 0.0375 0.04375
0 0.17357898622047246 0.715469160104987 0.037217027559055114 0.05505249343832024
0 0.4223418731231231 0.2860235235235235 0.0359375 0.058333333333333334
0 0.27701065891472865 0.258187984496124 0.034375 0.04999999999999997
0 0.564453125 0.71875 0.0375 0.052083333333333336
0 0.70859375 0.4479166666666667 0.0390625 0.05
0 0.78125 0.95625 0.034375 0.041666666666666664
