0 0.49765625 0.7317743833171048 0.0328125 0.03645123336579038
0 0.0714779713114754 0.8312329234972677 0.0328125 0.04791666666666667
0 0.31417410714285715 0.2505952380952381 0.0328125 0.0458333333333333
0 0.6719350961538462 0.3522435897435897 0.0328125 0.04583333333333333
0 0.9197614107883817 0.5715076071922545 0.03125 0.03125
0 0.8490575396825397 0.7879133597883599 0.0375 0.04375
0 0.17741869250985545 0.7133418199737188 0.03125 0.04791666666666667
0 0.3731297348484849 0.21938131313131312 0.0359375 0.058333333333333334
0 0.14765625 0.25625 0.0359375 0.04583333333333333
0 0.27546875000000004 0.15958333333333333 0.0328125 0.0375
0 0.4580729166666667 0.08020833333333334 0.0359375 0.03958333333333333
