0 0.49765625 0.7296961213891594 0.0328125 0.04060775722168124
0 0.07265625 0.8294656065088757 0.03608542899408285 0.049007642998027616
0 0.29809375 0.30812500000000004 0.0328125 0.04791666666666667
0 0.7315716911764706 0.39025735294117647 0.0328125 0.04583333333333333
0 0.9171875 0.5697916666666667 0.03125 0.03125
0 0.846875 0.7864583333333334 0.0375 0.04375
0 0.17426181102362204 0.7130413385826773 0.035851377952755906 0.052624671916010494
0 0.41782798423423423 0.28093093093093097 0.0359375 0.05833333333333336
0 0.27521802325581396 0.2546027131782946 0.034375 0.05000000000000003
0 0.4921875 0.44479166666666664 0.0375 0.052083333333333336
0 0.5899857954545454 0.3134469696969697 0.0390625 0.05
