0 0.5006173513986014 0.7322916666666667 0.0328125 0.035416666666666666
0 0.07402742346938776 0.8328160430839002 0.0328125 0.04791666666666667
0 0.75 0.38083333333333336 0.025 0.041666666666666664
0 0.3411221590909091 0.24204545454545456 0.0328125 0.04583333333333333
0 0.7251802884615385 0.38814102564102565 0.0328125 0.04583333333333333
0 0.9192569971537002 0.5760970113851992 0.03125 0.03125
0 0.8538265306122449 0.7898171768707483 0.0375 0.04375
0 0.17928196564885496 0.7141579198473283 0.032406965648854966 0.050230597964376615
0 0.3596610576923077 0.19517307692307692 0.0359375 0.058333333333333334
0 0.10703125 0.17604166666666668 0.0265625 0.035416666666666666
0 0.24140625 0.06354166666666666 0.0296875 0.0375
0 0.7805397727272727 0.19848484848484851 0.034375 0.041666666666666664
