0 0.49765625 0.7307672022070757 0.0328125 0.03846559558584879
0 0.07224874254843518 0.8332883134624939 0.0328125 0.04791666666666667
0 0.27444196428571427 0.321577380952381 0.0328125 0.04583333333333333
0 0.7553544207317073 0.3784044715447154 0.0328125 0.04583333333333333
0 0.9176154045643153 0.5700769363762103 0.03125 0.03125
0 0.8472332451499118 0.7866971634332746 0.0375 0.04375
0 0.17673907687253615 0.7151541283399037 0.03125 0.04791666666666667
0 0.39770047169811323 0.25625 0.03803066037735849 0.058333333333333334
0 0.73984375 0.839375 0.0328125 0.0375
0 0.27278645833333337 0.05069444444444445 0.0359375 0.041666666666666664
0 0.85578125 0.07881944444444446 0.0359375 0.043750000000000004
0 0.460546875 0.1359375 0.0421875 0.04583333333333333
0 0.8943749999999999 0.8883333333333333 0.03125 0.05
