0 0.49765625 0.7304446608244076 0.0328125 0.03911067835118468
0 0.07249557563338302 0.8339465350223547 0.0328125 0.04791666666666667
0 0.268359375 0.2704166666666667 0.0328125 0.045833333333333365
0 0.7134650735294118 0.338235294117647 0.0328125 0.04583333333333333
0 0.9171875 0.5697916666666667 0.03125 0.03125
0 0.846875 0.7864583333333334 0.0375 0.04375
0 0.17586025280898876 0.7151568352059925 0.03125 0.04791666666666667
0 0.4057002314814815 0.26165123456790124 0.0359375 0.058333333333333307
0 0.30546875 0.041666666666666664 0.0375 0.04375
0 0.7592447916666667 0.09027777777777778 0.0390625 0.05000000000000001
