0 0.49765625 0.7312814427134048 0.0328125 0.03743711457319054
0 0.071855206780924 0.8322388847491307 0.0328125 0.04791666666666667
0 0.2986979166666667 0.2939814814814815 0.0328125 0.04583333333333333
0 0.7208705357142857 0.39630952380952383 0.0328125 0.04583333333333333
0 0.9187110995850623 0.5708073997233748 0.03125 0.03125
0 0.8481646825396826 0.7873181216931218 0.0375 0.04375
0 0.17708607095926412 0.7142288107752957 0.03125 0.04791666666666667
0 0.38693307522123893 0.2357669616519174 0.03694690265486722 0.058333333333333334
0 0.23353587962962963 0.08996913580246914 0.0328125 0.041666666666666664
0 0.88759765625 0.8947916666666667 0.0375 0.04583333333333333
0 0.5372395833333333 0.50625 0.0328125 0.0375
0 0.4494791666666667 0.1234375 0.034375 0.041666666666666664
0 0.2361111111111111 0.09027777777777778 0.034375 0.05000000000000001
0 0.94609375 0.015625 0.0359375 0.03125
