0 0.49765625 0.7293431515741643 0.0328125 0.04131369685167149
0 0.07265625 0.826248150887574 0.03823039940828403 0.049722633136094645
0 0.24232536764705884 0.2403799019607843 0.0328125 0.04791666666666667
0 0.6919270833333333 0.3625 0.0328125 0.04583333333333333
0 0.9171875 0.5697916666666667 0.03125 0.03125
0 0.846875 0.7864583333333334 0.0375 0.04375
0 0.17319143700787404 0.7168471128608923 0.037992125984251966 0.0564304461942258
0 0.42490381006006006 0.28891391391391397 0.0359375 0.05833333333333336
0 0.2780281007751938 0.26022286821705426 0.034375 0.05
0 0.48828125 0.7802083333333333 0.0375 0.052083333333333336
0 0.805108173076923 0.4075320512820513 0.03906249999999991 0.05
0 0.89875 0.9815625 0.03624999999999989 0.03687499999999998
