0 0.5006610576923076 0.7322916666666667 0.0328125 0.035416666666666666
0 0.07406994047619048 0.832853835978836 0.0328125 0.04791666666666667
0 0.7428571428571429 0.37380952380952376 0.025 0.041666666666666664
0 0.34578125000000004 0.24041666666666667 0.0328125 0.04583333333333333
0 0.7256610576923077 0.38985042735042735 0.0328125 0.04583333333333333
0 0.9192451375711576 0.57614444971537 0.03125 0.03125
0 0.8538832199546486 0.7898360733182161 0.0375 0.04375
0 0.17932967557251905 0.7142692430025446 0.03245467557251909 0.05032601781170491
0 0.3595264423076923 0.19499358974358974 0.0359375 0.058333333333333334
0 0.11863839285714287 0.18080357142857145 0.0265625 0.035416666666666666
0 0.24609375 0.06875 0.0296875 0.0375
0 0.7697443181818182 0.1871212121212121 0.034375 0.041666666666666664
