0 0.5008686625874126 0.7322916666666667 0.0328125 0.035416666666666666
0 0.0742718962585034 0.8330333522297807 0.0328125 0.04791666666666667
0 0.7431919642857143 0.3811011904761905 0.0296875 0.04494047619047622
0 0.37039930555555556 0.2386574074074074 0.0328125 0.04583333333333333
0 0.9684151785714287 0.9383928571428571 0.0265625 0.0375
0 0.72421875 0.3921875 0.0328125 0.04583333333333333
0 0.9191888045540797 0.5763697817836813 0.03125 0.03125
0 0.8541524943310657 0.7899258314436887 0.0375 0.04375
0 0.17955629770992365 0.7147980279898218 0.03268129770992367 0.05077926208651403
0 0.35888701923076927 0.19414102564102562 0.0359375 0.058333333333333334
0 0.18609375 0.21229166666666668 0.0265625 0.035416666666666666
0 0.21796875 0.058333333333333334 0.0296875 0.03333333333333333
0 0.728125 0.13125 0.034375 0.041666666666666664
