0 0.49765625 0.7292366520610192 0.0328125 0.04152669587796171
0 0.07265625 0.8252773668639054 0.03887758875739644 0.04993836291913212
0 0.20269886363636364 0.2827651515151515 0.0328125 0.04791666666666667
0 0.674755859375 0.36061197916666665 0.0328125 0.04583333333333333
0 0.9171875 0.5697916666666667 0.03125 0.03125
0 0.846875 0.7864583333333334 0.0375 0.04375
0 0.17286847933070865 0.7179954068241469 0.03863804133858269 0.057578740157480365
0 0.4270387575075075 0.29132257257257255 0.0359375 0.058333333333333307
0 0.2943181818181818 0.28825757575757577 0.034375 0.05000000000000003
0 0.409375 0.8260416666666667 0.0375 0.052083333333333336
0 0.80390625 0.3203125 0.0390625 0.05
0 0.976171875 0.9901041666666667 0.03671875 0.019791666666666666
