0 0.49765625 0.7310136725089257 0.0328125 0.03797265498214865
0 0.07206012481371088 0.8327853328365624 0.0328125 0.04791666666666667
0 0.2755580357142857 0.25565476190476194 0.0328125 0.045833333333333365
0 0.7602741745283019 0.4141509433962264 0.0328125 0.04583333333333333
0 0.9181405601659751 0.57042704011065 0.03125 0.03125
0 0.8476796737213403 0.7869947824808936 0.0375 0.04375
0 0.17690538764783179 0.7147106329391152 0.03125 0.04791666666666667
0 0.3938004032258065 0.24919354838709679 0.03750000000000005 0.05833333333333336
0 0.97578125 0.9151041666666667 0.03046875 0.04583333333333333
0 0.668359375 0.6703125 0.0328125 0.0375
0 0.29263392857142856 0.026190476190476195 0.034375 0.041666666666666664
0 0.24192708333333335 0.06319444444444446 0.0390625 0.037500000000000006
