0 0.4999180506993007 0.7322916666666667 0.0328125 0.035416666666666666
0 0.07334715136054422 0.8322113567649282 0.0328125 0.04791666666666667
0 0.9098958333333333 0.4552083333333333 0.028125 0.03958333333333333
0 0.26127232142857143 0.32202380952380955 0.0328125 0.04583333333333333
0 0.7199579568273092 0.3766482597054886 0.0328125 0.04583333333333333
0 0.9194467504743834 0.5753379981024669 0.03125 0.03125
0 0.8529195011337869 0.7895148337112623 0.0375 0.04375
0 0.178518606870229 0.7123767493638676 0.031643606870229005 0.04870388040712458
0 0.3618149038461539 0.1980448717948718 0.0359375 0.058333333333333334
0 0.23359375 0.021652777777777778 0.0296875 0.043305555555555555
0 0.9291360294117647 0.24448529411764708 0.034375 0.041666666666666664
0 0.99140625 0.7322916666666667 0.0171875 0.0375
