0 0.500191215034965 0.7322916666666667 0.0328125 0.035416666666666666
0 0.07361288265306123 0.8324475623582767 0.0328125 0.04791666666666667
0 0.8694196428571429 0.3919642857142857 0.028125 0.03958333333333333
0 0.28546875 0.2704166666666667 0.0328125 0.045833333333333365
0 0.7215267319277109 0.3781124497991968 0.0328125 0.04583333333333333
0 0.9193726280834914 0.5756344876660342 0.03125 0.03125
0 0.8532738095238095 0.7896329365079365 0.0375 0.04375
0 0.17881679389312977 0.7130725190839695 0.03194179389312977 0.04930025445292626
0 0.3609735576923077 0.19692307692307692 0.0359375 0.058333333333333334
0 0.23510044642857145 0.02321428571428571 0.026674107142857163 0.04107142857142857
0 0.859014423076923 0.2325320512820513 0.034375 0.041666666666666664
0 0.98671875 0.8260416666666667 0.0203125 0.03958333333333333
0 0.98271484375 0.26419270833333336 0.0267578125 0.04921875
