0 0.49765625 0.7304355322947096 0.0328125 0.03912893541058094
0 0.07250256147540983 0.8339651639344262 0.0328125 0.04791666666666667
0 0.26484375 0.27291666666666664 0.0328125 0.04583333333333333
0 0.7125 0.3375 0.0328125 0.04583333333333333
0 0.9171875 0.5697916666666667 0.03125 0.03125
0 0.846875 0.7864583333333334 0.0375 0.04375
0 0.17575491573033708 0.7150866104868914 0.03125 0.04791666666666667
0 0.4057581018518518 0.26195987654320985 0.035937499999999956 0.058333333333333307
0 0.30714285714285716 0.04657738095238096 0.0375 0.043750000000000004
0 0.7518229166666667 0.08611111111111111 0.0390625 0.05000000000000001
