0 0.49765625 0.7309832440765985 0.0328125 0.038033511846803
0 0.0720834109538003 0.8328474292101341 0.0328125 0.04791666666666667
0 0.26142113095238095 0.2665674603174603 0.0328125 0.045833333333333365
0 0.7614534198113208 0.4098270440251572 0.0328125 0.04583333333333333
0 0.9180757261410788 0.5703838174273859 0.03125 0.03125
0 0.8476245590828924 0.786958039388595 0.0375 0.04375
0 0.17688485545335086 0.714765385457731 0.03125 0.04791666666666667
0 0.3941364247311828 0.2507616487455197 0.0375 0.05833333333333336
0 0.6865451388888889 0.6719907407407407 0.0328125 0.0375
0 0.27040441176470587 0.019117647058823527 0.03272058823529411 0.03284313725490196
0 0.26796875 0.0875 0.0390625 0.0375
