0 0.49830091783216784 0.7322916666666667 0.0328125 0.035416666666666666
0 0.07177402210884354 0.8308130196523054 0.0328125 0.04791666666666667
0 0.422265625 0.416875 0.0328125 0.04583333333333333
0 0.7106708082329317 0.3679802543507363 0.0328125 0.04583333333333333
0 0.919885555028463 0.573582779886148 0.03125 0.03125
0 0.8508219954648526 0.7888156651549509 0.0375 0.04375
0 0.17788887976346912 0.7120879872974157 0.03125 0.04791666666666667
0 0.36647958032490974 0.20557310469314077 0.0359375 0.058333333333333334
0 0.178515625 0.32916666666666666 0.028125 0.041666666666666664
0 0.99296875 0.34270833333333334 0.0140625 0.03333333333333333
