0 0.49765625 0.731932611165206 0.0328125 0.03613477766958783
0 0.07135688338301042 0.8309100223546946 0.0328125 0.04791666666666667
0 0.39015625 0.22208333333333333 0.0328125 0.04583333333333333
0 0.6808799342105263 0.35027412280701753 0.0328125 0.04583333333333333
0 0.9200985477178424 0.5717323651452283 0.03125 0.03125
0 0.8493441358024691 0.7881044238683128 0.0375 0.04375
0 0.17752545992115637 0.7130571068769164 0.03125 0.04791666666666667
0 0.3714716832129964 0.21622292418772562 0.0359375 0.058333333333333334
0 0.0515625 0.29270833333333335 0.03125 0.04375
0 0.18203125 0.04 0.0328125 0.0375
0 0.5284375 0.02583333333333333 0.034375 0.03333333333333333
