0 0.5020159527972028 0.7322916666666667 0.0328125 0.035416666666666666
0 0.07538796768707483 0.8340254157218443 0.0328125 0.04791666666666667
0 0.7584375 0.625625 0.0375 0.04791666666666667
0 0.47578125 0.3854166666666667 0.0328125 0.04583333333333333
0 0.73515625 0.6652777777777777 0.0265625 0.0375
0 0.6913352272727272 0.37206439393939394 0.0328125 0.04583333333333333
0 0.918877490512334 0.5776150379506642 0.03125 0.03125
0 0.20338541666666665 0.03854166666666667 0.03281249999999998 0.035416666666666666
0 0.855640589569161 0.7904218631897204 0.0375 0.04375
0 0.18080868320610688 0.7177202608142494 0.03393368320610686 0.05328403307888045
0 0.35535336538461537 0.18942948717948718 0.0359375 0.058333333333333334
0 0.0502840909090909 0.06846590909090908 0.03125 0.031249999999999993
