0 0.49765625 0.7309436871145732 0.0328125 0.03811262577085361
0 0.07211368293591655 0.8329281544957774 0.0328125 0.04791666666666667
0 0.24508928571428573 0.2834821428571429 0.0328125 0.045833333333333365
0 0.7629864386792453 0.4042059748427673 0.0328125 0.04583333333333333
0 0.9179914419087136 0.5703276279391425 0.03125 0.03125
0 0.8475529100529101 0.7869102733686067 0.0375 0.04375
0 0.17685816360052561 0.7148365637319317 0.03125 0.04791666666666667
0 0.394573252688172 0.2528001792114695 0.03749999999999996 0.058333333333333334
0 0.72109375 0.7041666666666667 0.0328125 0.0375
0 0.24296875 0.011458333333333333 0.0390625 0.022916666666666665
0 0.30572916666666666 0.11215277777777778 0.040625 0.0451388888888889
0 0.984375 0.9083333333333333 0.028125 0.04583333333333333
