0 0.49765625 0.7294557367737747 0.0328125 0.04108852645245046
0 0.07265625 0.8272744082840237 0.03754622781065089 0.04949457593688358
0 0.28910845588235295 0.24123774509803922 0.0328125 0.04791666666666667
0 0.7119419642857143 0.3655357142857143 0.0328125 0.04583333333333333
0 0.9171875 0.5697916666666667 0.03125 0.03125
0 0.846875 0.7864583333333334 0.0375 0.04375
0 0.17353284940944882 0.7156332020997376 0.03730930118110236 0.05521653543307086
0 0.4226468656156156 0.28636761761761764 0.0359375 0.05833333333333336
0 0.2771317829457364 0.2584302325581395 0.034375 0.04999999999999997
0 0.5572916666666667 0.7309027777777778 0.0375 0.052083333333333336
0 0.72421875 0.44627192982456143 0.0390625 0.05
0 0.7991071428571429 0.9547619047619047 0.034375 0.041666666666666664
