0 0.49765625 0.7300338769879909 0.0328125 0.03993224602401817
0 0.07265625 0.8325443786982248 0.03403291420118344 0.04832347140039452
0 0.3275173611111111 0.25625 0.0328125 0.04583333333333333
0 0.70859375 0.3972222222222222 0.0328125 0.04583333333333333
0 0.9171875 0.5697916666666667 0.03125 0.03125
0 0.846875 0.7864583333333334 0.0375 0.04375
0 0.17227879213483147 0.7127691947565542 0.03356741573033708 0.04946161048689142
0 0.41105715090090095 0.27329204204204205 0.035937500000000046 0.058333333333333334
0 0.27847222222222223 0.10648148148148148 0.034375 0.05
0 0.378515625 0.20130208333333333 0.0375 0.05
0 0.71181640625 0.3048177083333333 0.0390625 0.05
