0 0.49765625 0.7292762090230445 0.0328125 0.0414475819539111
0 0.07265625 0.8256379437869822 0.03863720414201184 0.04985823471400389
0 0.20731534090909093 0.2618371212121212 0.0328125 0.04791666666666667
0 0.68173828125 0.3631510416666667 0.0328125 0.04583333333333333
0 0.9171875 0.5697916666666667 0.03125 0.03125
0 0.846875 0.7864583333333334 0.0375 0.04375
0 0.1729884350393701 0.7175688976377953 0.038398129921259835 0.05715223097112864
0 0.42624577702702704 0.29042792792792793 0.0359375 0.05833333333333336
0 0.28781249999999997 0.27625 0.034375 0.05
0 0.44955357142857144 0.7930059523809524 0.0375 0.052083333333333336
0 0.8156850961538462 0.3557692307692308 0.0390625 0.05
0 0.94140625 0.9860416666666667 0.0390625 0.02791666666666662
