0 0.49765625 0.7304477036676403 0.0328125 0.039104592664719225
0 0.07249324701937407 0.8339403253849975 0.0328125 0.04791666666666667
0 0.26953125 0.26958333333333334 0.0328125 0.04583333333333333
0 0.7137867647058823 0.33848039215686276 0.0328125 0.04583333333333333
0 0.9171875 0.5697916666666667 0.03125 0.03125
0 0.846875 0.7864583333333334 0.0375 0.04375
0 0.17589536516853932 0.7151802434456929 0.03125 0.04791666666666667
0 0.4056809413580247 0.261548353909465 0.0359375 0.058333333333333334
0 0.30491071428571426 0.04002976190476191 0.0375 0.04375
0 0.76171875 0.09166666666666666 0.0390625 0.05
