0 0.16815308988764044 0.3800561797752809 0.028125 0.041666666666666664
0 0.5336979166666667 0.18020833333333333 0.0390625 0.04375
0 0.52890625 0.1454861111111111 0.0328125 0.03541666666666665
0 0.025 0.375 0.03125 0.041666666666666664
0 0.25114889705882354 0.5435866013071896 0.0328125 0.033333333333333395
0 0.7511801861702128 0.5333333333333333 0.0328125 0.04583333333333333
0 0.4411099137931035 0.9657686781609196 0.03125 0.04375
0 0.4839613970588236 0.628125 0.0390625 0.052083333333333336
0 0.5153645833333333 0.8989583333333333 0.0359375 0.04375
0 0.2828125 0.8354166666666667 0.040625 0.041666666666666664
0 0.9775135869565219 0.41480978260869567 0.04497282608695645 0.06041666666666667
0 0.944290515988372 0.7244125484496123 0.05625 0.06458333333333334
0 0.33541666666666664 0.627662037037037 0.028125 0.03958333333333333
0 0.575 0.9038477891156462 0.025 0.03333333333333333
2 0.16629464285714285 0.47440476190476194 0.025 0.041666666666666664
0 0.9096354166666666 0.020486111111111108 0.0296875 0.035416666666666666
0 0.08371147260273973 0.31422659817351595 0.0375 0.04375
1 0.83125 0.9552083333333333 0.065625 0.08958333333333333
1 0.940625 0.959375 0.06875 0.08125
1 0.09928430944055944 0.42778263403263406 0.1328125 0.17916666666666667
1 0.43845071231617644 0.9515395220588235 0.0875 0.09166666666666666
