0 0.1639732142857143 0.36065476190476187 0.028125 0.041666666666666664
0 0.0671875 0.2 0.03125 0.0375
0 0.5480246443089432 0.18789803523035228 0.0390625 0.04375
0 0.5587357954545454 0.12376893939393939 0.0328125 0.035416666666666666
0 0.025 0.375 0.03125 0.041666666666666664
0 0.2578835227272727 0.5235795454545454 0.0328125 0.03333333333333333
0 0.7539274057059961 0.5333333333333333 0.0328125 0.04583333333333333
0 0.516796875 0.8979166666666667 0.03125 0.04375
0 0.1453125 0.7072916666666667 0.0390625 0.052083333333333336
0 0.61875 0.8958333333333334 0.0359375 0.04375
0 0.2828125 0.8354166666666667 0.040625 0.041666666666666664
0 0.09156249999999999 0.2175 0.03749999999999999 0.05
0 0.9719512195121951 0.47832825203252033 0.053125 0.06041666666666667
0 0.9553860294117648 0.718860294117647 0.047205882352941056 0.05453431372549022
0 0.53046875 0.5 0.0453125 0.058333333333333334
0 0.650390625 0.8828125 0.028125 0.03958333333333333
0 0.5730208333333333 0.895324074074074 0.025 0.03333333333333333
0 0.10621093749999999 0.3592708333333333 0.03749999999999999 0.04375
1 0.83125 0.9552083333333333 0.065625 0.08958333333333333
1 0.940625 0.959375 0.06875 0.08125
1 0.10234375 0.447 0.1328125 0.17916666666666667
1 0.43583984375 0.94921875 0.0875 0.09166666666666666
