0 0.15839770599250938 0.375 0.028125 0.041666666666666664
0 0.51171875 0.190625 0.0390625 0.04375
0 0.6795089285714286 0.39738095238095233 0.04375 0.058333333333333334
0 0.025 0.375 0.03125 0.041666666666666664
0 0.2653029336734694 0.5725510204081632 0.0328125 0.03333333333333333
0 0.7364630681818182 0.5391477272727273 0.0328125 0.04583333333333339
0 0.434375 0.9552083333333333 0.03125 0.04375
0 0.2828125 0.8354166666666667 0.040625 0.041666666666666664
0 0.9390625 0.203125 0.0375 0.06041666666666667
0 0.89609375 0.7421875 0.05625 0.06458333333333334
0 0.5729600219058051 0.8980033771449434 0.025 0.03333333333333333
0 0.40787500000000004 0.9440416666666667 0.034375000000000044 0.04375
0 0.141484375 0.5247916666666667 0.0421875 0.05833333333333327
0 0.55078125 0.6720238095238095 0.04375 0.05625
0 0.33359375 0.9083333333333333 0.0390625 0.04583333333333333
0 0.26421875 0.9729166666666667 0.0328125 0.041666666666666664
0 0.06906991839762612 0.3249350890207715 0.0375 0.04375
1 0.83125 0.9552083333333333 0.065625 0.08958333333333333
1 0.940625 0.959375 0.06875 0.08125
1 0.09921875 0.4270833333333333 0.1328125 0.17916666666666667
1 0.4390625 0.9520833333333333 0.0875 0.09166666666666666
0 0.975390625 0.9833333333333333 0.0234375 0.03333333333333333
