0 0.16563670411985018 0.3750234082397004 0.028125 0.041666666666666664
0 0.5171144334532374 0.18972571942446045 0.0390625 0.04375
0 0.63515625 0.29598214285714286 0.0328125 0.035416666666666666
0 0.025 0.375 0.03125 0.041666666666666664
0 0.26583227040816326 0.5697278911564626 0.0328125 0.03333333333333333
0 0.7411789772727273 0.5375757575757576 0.0328125 0.04583333333333339
0 0.442394578313253 0.9572916666666667 0.03125 0.04375
0 0.97890625 0.6819940476190476 0.0390625 0.052083333333333336
0 0.2828125 0.8354166666666667 0.040625 0.041666666666666664
0 0.9660267857142857 0.3113988095238095 0.0375 0.06041666666666667
0 0.91871875 0.7357777777777778 0.05625 0.06458333333333334
0 0.5738122946330778 0.899707922599489 0.025 0.03333333333333333
0 0.10625 0.6697916666666667 0.0359375 0.04791666666666667
0 0.746484375 0.76015625 0.0296875 0.041666666666666664
0 0.5241071428571429 0.9516369047619048 0.034375 0.04375
0 0.171875 0.7517045454545455 0.059375 0.06666666666666667
0 0.12552083333333333 0.8756944444444444 0.04375 0.05
0 0.925 0.8854166666666666 0.034375 0.04583333333333333
0 0.284765625 0.06197916666666667 0.0359375 0.041666666666666664
0 0.07530845469255663 0.3192590345199568 0.0375 0.04375
1 0.83125 0.9552083333333333 0.065625 0.08958333333333333
1 0.940625 0.959375 0.06875 0.08125
1 0.09921875 0.4270833333333333 0.1328125 0.17916666666666667
1 0.4390625 0.9520833333333333 0.0875 0.09166666666666666
