0 0.16583567415730338 0.3754213483146067 0.028125 0.041666666666666664
0 0.5186432104316546 0.1894709232613909 0.0390625 0.04375
0 0.6371651785714285 0.272172619047619 0.0328125 0.035416666666666666
0 0.025 0.375 0.03125 0.041666666666666664
0 0.2659045493197279 0.5693424036281179 0.0328125 0.03333333333333333
0 0.7419577205882353 0.5372549019607843 0.0328125 0.04583333333333333
0 0.44463478915662646 0.9572916666666667 0.03125 0.04375
0 0.9534598214285713 0.652529761904762 0.0390625 0.052083333333333336
0 0.2828125 0.8354166666666667 0.040625 0.041666666666666664
0 0.9684806034482758 0.3445043103448276 0.0375 0.06041666666666667
0 0.91978125 0.7353055555555555 0.05625 0.06458333333333334
0 0.573928669222344 0.8999406717780212 0.025 0.03333333333333333
0 0.09296875 0.5489583333333333 0.0359375 0.04791666666666667
0 0.7518973214285715 0.6416666666666667 0.0296875 0.041666666666666664
0 0.527517361111111 0.9716435185185186 0.0296875 0.03125
0 0.1665625 0.7866666666666667 0.059375 0.06666666666666667
0 0.0984375 0.9020833333333333 0.04375 0.05
0 0.8982142857142857 0.9657738095238095 0.034375 0.04583333333333333
0 0.351953125 0.019791666666666666 0.0421875 0.035416666666666666
0 0.07591019417475728 0.3188005663430421 0.0375 0.04375
1 0.83125 0.9552083333333333 0.065625 0.08958333333333333
1 0.940625 0.959375 0.06875 0.08125
1 0.09921875 0.4270833333333333 0.1328125 0.17916666666666667
1 0.4390625 0.9520833333333333 0.0875 0.09166666666666666
