0 0.16694756554307116 0.37764513108614234 0.028125 0.041666666666666664
0 0.5279916158536586 0.18183434959349593 0.0390625 0.04375
0 0.5861979166666667 0.16145833333333334 0.0328125 0.035416666666666666
0 0.025 0.375 0.03125 0.041666666666666664
0 0.2663084608843537 0.5671882086167801 0.0328125 0.03333333333333333
0 0.7467204211229946 0.535138146167558 0.0328125 0.04583333333333333
0 0.44390432098765437 0.9572916666666667 0.03125 0.04375
0 0.7232940051020409 0.6469175170068027 0.0390625 0.052083333333333336
0 0.47474609375 0.954921875 0.0359375 0.04375
0 0.2828125 0.8354166666666667 0.040625 0.041666666666666664
0 0.9690728782287822 0.3871502152521525 0.0375 0.06041666666666667
0 0.9302552688953488 0.7306504360465116 0.05625 0.06458333333333334
0 0.11586538461538462 0.39110576923076923 0.028125 0.03958333333333333
0 0.5745789978094196 0.9012413289521723 0.025 0.03333333333333333
0 0.6891493055555555 0.05590277777777778 0.0296875 0.03541666666666667
0 0.7809375000000001 0.09895833333333333 0.0265625 0.03333333333333333
0 0.09453125 0.09375 0.0328125 0.03333333333333333
0 0.6634548611111111 0.06712962962962962 0.0296875 0.041666666666666664
0 0.1122869318181818 0.9704545454545455 0.05781249999999999 0.058333333333333334
0 0.07927285598705501 0.31623853829557713 0.0375 0.04375
1 0.83125 0.9552083333333333 0.065625 0.08958333333333333
1 0.940625 0.959375 0.06875 0.08125
1 0.09921875 0.4270833333333333 0.1328125 0.17916666666666667
1 0.4390625 0.9520833333333333 0.0875 0.09166666666666666
