0 0.16808286516853932 0.37991573033707865 0.028125 0.041666666666666664
0 0.53359375 0.1793516355140187 0.0390625 0.04375
0 0.53859375 0.1404166666666667 0.0328125 0.03541666666666668
0 0.025 0.375 0.03125 0.041666666666666664
0 0.2501233552631579 0.5441885964912281 0.0328125 0.03333333333333333
0 0.7510713853965184 0.5333333333333333 0.0328125 0.04583333333333333
0 0.44175646551724135 0.9631824712643678 0.03125 0.04375
0 0.4994591346153846 0.6229967948717949 0.0390625 0.052083333333333336
0 0.49382102272727274 0.9038825757575758 0.0359375 0.04375
0 0.2828125 0.8354166666666667 0.040625 0.041666666666666664
0 0.9807291666666668 0.40520833333333334 0.038541666666666606 0.06041666666666667
0 0.9434729287790697 0.7247759205426356 0.05625 0.06458333333333334
0 0.31223958333333335 0.6230902777777777 0.028125 0.03958333333333333
0 0.575 0.90359268707483 0.025 0.03333333333333333
2 0.1484375 0.42916666666666664 0.025 0.041666666666666664
0 0.89375 0.021875 0.0296875 0.035416666666666666
0 0.08270631067961165 0.313622572815534 0.0375 0.04375
1 0.83125 0.9552083333333333 0.065625 0.08958333333333333
1 0.940625 0.959375 0.06875 0.08125
1 0.09921875 0.4270833333333333 0.1328125 0.17916666666666667
1 0.4385541130514706 0.9516314338235294 0.08749999999999995 0.09166666666666666
