0 0.14138257575757576 0.3726641414141414 0.028125 0.041666666666666664
0 0.51171875 0.190625 0.0390625 0.04375
0 0.74609375 0.5729166666666666 0.04375 0.058333333333333334
0 0.025 0.375 0.03125 0.041666666666666664
0 0.26484375 0.575 0.0328125 0.03333333333333333
0 0.73515625 0.5395833333333333 0.0328125 0.04583333333333333
0 0.434375 0.9552083333333333 0.03125 0.04375
0 0.2828125 0.8354166666666667 0.040625 0.041666666666666664
0 0.9390625 0.203125 0.0375 0.06041666666666667
0 0.8890625 0.746875 0.05625 0.06458333333333334
0 0.5720084884994524 0.8961003103322381 0.025 0.03333333333333333
0 0.4140625 0.9385416666666667 0.034375 0.04375
0 0.02421875 0.18541666666666667 0.0421875 0.058333333333333334
0 0.446142578125 0.9051595052083333 0.03896484375 0.05146484375
0 0.398828125 0.78125 0.0328125 0.041666666666666664
0 0.8 0.5145833333333333 0.0375 0.05
0 0.8251116071428571 0.566220238095238 0.0421875 0.052083333333333336
0 0.9546274038461539 0.5877403846153847 0.0390625 0.05625
0 0.0548915059347181 0.3404024480712166 0.0375 0.04375
1 0.83125 0.9552083333333333 0.065625 0.08958333333333333
1 0.940625 0.959375 0.06875 0.08125
1 0.09921875 0.4270833333333333 0.1328125 0.17916666666666667
1 0.4390625 0.9520833333333333 0.0875 0.09166666666666666
