0 0.15599489795918367 0.37257653061224494 0.028125 0.041666666666666664
0 0.51171875 0.190625 0.0390625 0.04375
0 0.704539695945946 0.4659628378378378 0.04375 0.058333333333333334
0 0.025 0.375 0.03125 0.041666666666666664
0 0.2650988520408163 0.5736394557823129 0.0328125 0.03333333333333333
0 0.73515625 0.5395833333333333 0.0328125 0.04583333333333333
0 0.434375 0.9552083333333333 0.03125 0.04375
0 0.2828125 0.8354166666666667 0.040625 0.041666666666666664
0 0.9390625 0.203125 0.0375 0.06041666666666667
0 0.8890625 0.746875 0.05625 0.06458333333333334
0 0.57263143483023 0.8973462029937933 0.025 0.03333333333333333
0 0.4140625 0.9385416666666667 0.034375 0.04375
0 0.10845170454545454 0.4414772727272727 0.0421875 0.058333333333333334
0 0.45406250000000004 0.844375 0.04375 0.05625
0 0.19505208333333335 0.7256944444444444 0.03906250000000002 0.04583333333333333
0 0.30122767857142857 0.9014880952380953 0.0328125 0.041666666666666664
0 0.06640625 0.9479166666666666 0.0234375 0.03333333333333333
0 0.36953125 0.946875 0.028125 0.052083333333333336
0 0.0641737759643917 0.3302763353115727 0.0375 0.04375
1 0.83125 0.9552083333333333 0.065625 0.08958333333333333
1 0.940625 0.959375 0.06875 0.08125
1 0.09921875 0.4270833333333333 0.1328125 0.17916666666666667
1 0.4390625 0.9520833333333333 0.0875 0.09166666666666666
