0 0.17227637614678898 0.34529816513761463 0.028125 0.041666666666666664
0 0.13125 0.16041666666666668 0.03125 0.0375
0 0.5510480182926829 0.18689024390243902 0.0390625 0.04375
0 0.51171875 0.10752314814814816 0.0328125 0.035416666666666666
0 0.025 0.375 0.03125 0.041666666666666664
0 0.25619318181818185 0.5201988636363636 0.0328125 0.03333333333333333
0 0.7550063467117989 0.5333333333333333 0.0328125 0.04583333333333333
0 0.55078125 0.8916666666666667 0.0265625 0.041666666666666664
0 0.05546875 0.921875 0.0359375 0.052083333333333336
0 0.10390625 0.85625 0.0390625 0.052083333333333336
0 0.6453725961538461 0.9550480769230769 0.0359375 0.04375
0 0.2828125 0.8354166666666667 0.040625 0.041666666666666664
0 0.0875 0.4008333333333333 0.0375 0.05
0 0.96875 0.4969401041666667 0.044921875 0.05221354166666667
0 0.9606026785714287 0.7131448412698412 0.0375 0.04375
0 0.95 0.6145833333333334 0.03125 0.0375
0 0.5755 0.8942222222222223 0.025 0.03333333333333333
0 0.08694196428571428 0.3095450680272109 0.03749999999999999 0.04375
1 0.83125 0.9552083333333333 0.065625 0.08958333333333333
1 0.940625 0.959375 0.06875 0.08125
1 0.10234374999999998 0.4378534226190476 0.12410714285714283 0.17191220238095237
1 0.434814453125 0.9483072916666667 0.0875 0.09166666666666666
