0 0.16817064606741575 0.38009129213483145 0.028125 0.041666666666666664
0 0.5340104166666666 0.18020833333333333 0.0390625 0.04375
0 0.53203125 0.1482638888888889 0.0328125 0.03541666666666668
0 0.025 0.375 0.03125 0.041666666666666664
0 0.25142463235294116 0.5434640522875818 0.0328125 0.03333333333333333
0 0.7512073863636364 0.5333333333333333 0.0328125 0.04583333333333333
0 0.440948275862069 0.9664152298850575 0.03125 0.04375
0 0.47954963235294124 0.628125 0.0390625 0.052083333333333336
0 0.5114583333333333 0.8927083333333333 0.0359375 0.04375
0 0.2828125 0.8354166666666667 0.040625 0.041666666666666664
0 0.9766983695652174 0.4137228260869565 0.04660326086956523 0.06041666666666667
0 0.9444949127906976 0.7243217054263567 0.05625 0.06458333333333334
0 0.33854166666666663 0.6304398148148148 0.028125 0.03958333333333333
0 0.575 0.9039115646258504 0.025 0.03333333333333333
0 0.91328125 0.017708333333333333 0.0296875 0.035416666666666666
0 0.0841609589041096 0.3145690639269406 0.0375 0.04375
1 0.83125 0.9552083333333333 0.065625 0.08958333333333333
1 0.940625 0.959375 0.06875 0.08125
1 0.09931708916083917 0.4281322843822844 0.1328125 0.17916666666666667
1 0.4384248621323529 0.9515165441176471 0.08749999999999995 0.09166666666666666
