0 0.15702327806122449 0.37394770408163264 0.028125 0.041666666666666664
0 0.51171875 0.190625 0.0390625 0.04375
0 0.6925223214285714 0.4226190476190476 0.04375 0.058333333333333334
0 0.025 0.375 0.03125 0.041666666666666664
0 0.2651902636054422 0.5731519274376418 0.0328125 0.03333333333333333
0 0.7354592803030303 0.5394823232323233 0.0328125 0.04583333333333333
0 0.434375 0.9552083333333333 0.03125 0.04375
0 0.2828125 0.8354166666666667 0.040625 0.041666666666666664
0 0.9390625 0.203125 0.0375 0.06041666666666667
0 0.8906929347826088 0.7457880434782608 0.05625 0.06458333333333334
0 0.5727786144578313 0.897640562248996 0.025 0.03333333333333333
0 0.4140625 0.9385416666666667 0.034375 0.04375
0 0.12473958333333332 0.4840277777777778 0.0421875 0.058333333333333334
0 0.46875 0.759375 0.04375 0.05625
0 0.26328125 0.8083333333333333 0.0390625 0.04583333333333333
0 0.27578125 0.91875 0.0328125 0.041666666666666664
0 0.06636683976261128 0.32788390207715135 0.0375 0.04375
1 0.83125 0.9552083333333333 0.065625 0.08958333333333333
1 0.940625 0.959375 0.06875 0.08125
1 0.09921875 0.4270833333333333 0.1328125 0.17916666666666667
1 0.4390625 0.9520833333333333 0.0875 0.09166666666666666
0 0.97734375 0.8791666666666667 0.0234375 0.03333333333333333
