0 0.15921699438202247 0.375 0.028125 0.041666666666666664
0 0.51171875 0.190625 0.0390625 0.04375
0 0.6729480421686747 0.3884538152610442 0.04375 0.058333333333333334
0 0.025 0.375 0.03125 0.041666666666666664
0 0.2653624574829932 0.5722335600907029 0.0328125 0.03333333333333333
0 0.7369933712121213 0.5389709595959595 0.0328125 0.045833333333333275
0 0.434375 0.9552083333333333 0.03125 0.04375
0 0.2828125 0.8354166666666667 0.040625 0.041666666666666664
0 0.939886675824176 0.20715430402930401 0.0375 0.06041666666666667
0 0.8987053571428572 0.7405654761904762 0.05625 0.06458333333333334
0 0.5730558598028478 0.8981950529390288 0.025 0.03333333333333333
0 0.402625 0.9487083333333334 0.034375 0.04375
0 0.16117187500000002 0.530625 0.0421875 0.058333333333333334
0 0.6046875 0.6824519230769232 0.04375 0.05625
0 0.2390625 0.9854166666666667 0.0203125 0.029166666666666667
0 0.07049795994065282 0.3233772255192878 0.0375 0.04375
1 0.83125 0.9552083333333333 0.065625 0.08958333333333333
1 0.940625 0.959375 0.06875 0.08125
1 0.09921875 0.4270833333333333 0.1328125 0.17916666666666667
1 0.4390625 0.9520833333333333 0.0875 0.09166666666666666
