0 0.1737815366972477 0.3432912844036697 0.028125 0.041666666666666664
0 0.15364583333333331 0.15069444444444444 0.03125 0.037499999999999985
0 0.5515815548780487 0.18671239837398373 0.0390625 0.04375
0 0.4919270833333333 0.07847222222222222 0.0328125 0.03541666666666666
0 0.025 0.375 0.03125 0.041666666666666664
0 0.2558948863636364 0.5196022727272728 0.0328125 0.033333333333333395
0 0.755196748065764 0.5333333333333333 0.0328125 0.04583333333333333
0 0.5294270833333333 0.9 0.0265625 0.041666666666666664
0 0.03046875 0.865625 0.0359375 0.052083333333333336
0 0.10234375 0.890625 0.0390625 0.052083333333333336
0 0.63359375 0.971875 0.0359375 0.04375
0 0.2828125 0.8354166666666667 0.040625 0.041666666666666664
0 0.11796875 0.43645833333333334 0.0375 0.05
0 0.98671875 0.13541666666666666 0.0265625 0.04583333333333333
0 0.9713068181818182 0.49166666666666664 0.034375 0.041666666666666664
0 0.9613839285714286 0.7124503968253968 0.0375 0.04375
0 0.5759375 0.8940277777777778 0.025 0.03333333333333333
0 0.08459821428571428 0.3077593537414966 0.03749999999999999 0.04375
1 0.83125 0.9552083333333333 0.065625 0.08958333333333333
1 0.940625 0.959375 0.06875 0.08125
1 0.10234374999999998 0.4364211309523809 0.12254464285714284 0.17061011904761905
1 0.43463350183823535 0.9481464460784313 0.08750000000000005 0.09166666666666666
