0 0.1659058988764045 0.375561797752809 0.028125 0.041666666666666664
0 0.5191827787769785 0.18938099520383694 0.0390625 0.04375
0 0.6262834821428571 0.2681547619047619 0.0328125 0.035416666666666693
0 0.025 0.375 0.03125 0.041666666666666664
0 0.26593005952380955 0.5692063492063492 0.0328125 0.03333333333333333
0 0.7422585227272728 0.5371212121212121 0.0328125 0.04583333333333333
0 0.44542545180722887 0.9572916666666667 0.03125 0.04375
0 0.9421875 0.653125 0.0390625 0.052083333333333336
0 0.2828125 0.8354166666666667 0.040625 0.041666666666666664
0 0.9639547413793104 0.349676724137931 0.0375 0.06041666666666667
0 0.92015625 0.7351388888888889 0.05625 0.06458333333333334
0 0.5739697426067908 0.900022818546915 0.025 0.03333333333333333
0 0.09921875 0.5010416666666667 0.0359375 0.04791666666666667
0 0.73265625 0.6033333333333334 0.0296875 0.041666666666666664
0 0.5302455357142857 0.984375 0.0296875 0.03125
0 0.16201923076923078 0.7998397435897435 0.059375 0.06666666666666667
0 0.128125 0.9140625 0.04375 0.05
0 0.3765625 0.013541666666666667 0.034375 0.027083333333333334
0 0.07612257281553399 0.3186387540453074 0.0375 0.04375
1 0.83125 0.9552083333333333 0.065625 0.08958333333333333
1 0.940625 0.959375 0.06875 0.08125
1 0.09921875 0.4270833333333333 0.1328125 0.17916666666666667
1 0.4390625 0.9520833333333333 0.0875 0.09166666666666666
