0 0.15795880149812733 0.375 0.028125 0.041666666666666664
0 0.51171875 0.190625 0.0390625 0.04375
0 0.6831919642857143 0.40452380952380956 0.04375 0.058333333333333334
0 0.025 0.375 0.03125 0.041666666666666664
0 0.26527104591836737 0.5727210884353742 0.0328125 0.03333333333333333
0 0.7361789772727272 0.5392424242424242 0.0328125 0.045833333333333275
0 0.434375 0.9552083333333333 0.03125 0.04375
0 0.2828125 0.8354166666666667 0.040625 0.041666666666666664
0 0.9390625 0.203125 0.0375 0.06041666666666667
0 0.8945652173913043 0.7432065217391305 0.05625 0.06458333333333334
0 0.5729086801752464 0.8979006936838263 0.025 0.03333333333333333
0 0.4106875 0.9415416666666666 0.034374999999999954 0.04375
0 0.13046875 0.5104166666666666 0.0421875 0.058333333333333334
0 0.5290625 0.7127083333333334 0.04375 0.05625
0 0.30338541666666663 0.8909722222222223 0.0390625 0.04583333333333333
0 0.257421875 0.9635416666666666 0.0328125 0.041666666666666664
0 0.06830489614243324 0.3257696587537092 0.0375 0.04375
1 0.83125 0.9552083333333333 0.065625 0.08958333333333333
1 0.940625 0.959375 0.06875 0.08125
1 0.09921875 0.4270833333333333 0.1328125 0.17916666666666667
1 0.4390625 0.9520833333333333 0.0875 0.09166666666666666
0 0.9768229166666667 0.9534722222222223 0.0234375 0.03333333333333333
