0 0.16698852996254682 0.37772705992509364 0.028125 0.041666666666666664
0 0.528391768292683 0.1811229674796748 0.0390625 0.04375
0 0.5860085227272728 0.17509469696969698 0.0328125 0.035416666666666666
0 0.025 0.375 0.03125 0.041666666666666664
0 0.2663233418367347 0.567108843537415 0.0328125 0.03333333333333333
0 0.7468958890374331 0.5350601604278075 0.0328125 0.045833333333333275
0 0.4437692901234568 0.9572916666666667 0.03125 0.04375
0 0.7139934098639455 0.6475127551020408 0.0390625 0.052083333333333336
0 0.474609375 0.9609375 0.0359375 0.04375
0 0.2828125 0.8354166666666667 0.040625 0.041666666666666664
0 0.9695168357933579 0.3875807195571956 0.0375 0.06041666666666667
0 0.9307321947674418 0.730438468992248 0.05625 0.06458333333333334
0 0.1240056818181818 0.40066287878787876 0.028125 0.03958333333333333
0 0.5746029572836802 0.9012892479006938 0.025 0.03333333333333333
0 0.70078125 0.059375 0.0296875 0.035416666666666666
0 0.80546875 0.1 0.0265625 0.03333333333333333
0 0.0796875 0.10104166666666667 0.0328125 0.03333333333333333
0 0.66859375 0.05416666666666667 0.0296875 0.041666666666666664
0 0.1234375 0.9729166666666667 0.05 0.05416666666666667
0 0.0793967435275081 0.31614414778856526 0.0375 0.04375
1 0.83125 0.9552083333333333 0.065625 0.08958333333333333
1 0.940625 0.959375 0.06875 0.08125
1 0.09921875 0.4270833333333333 0.1328125 0.17916666666666667
1 0.4390625 0.9520833333333333 0.0875 0.09166666666666666
