0 0.15293560606060605 0.3688131313131313 0.028125 0.041666666666666664
0 0.51171875 0.190625 0.0390625 0.04375
0 0.7356770833333333 0.5399305555555556 0.04375 0.05833333333333339
0 0.025 0.375 0.03125 0.041666666666666664
0 0.26484375 0.575 0.0328125 0.03333333333333333
0 0.73515625 0.5395833333333333 0.0328125 0.04583333333333333
0 0.434375 0.9552083333333333 0.03125 0.04375
0 0.2828125 0.8354166666666667 0.040625 0.041666666666666664
0 0.9390625 0.203125 0.0375 0.06041666666666667
0 0.8890625 0.746875 0.05625 0.06458333333333334
0 0.572217278203724 0.8965178897407813 0.025 0.03333333333333333
0 0.4140625 0.9385416666666667 0.034375 0.04375
0 0.0546875 0.2755208333333333 0.0421875 0.058333333333333334
0 0.44562500000000005 0.9037499999999999 0.03875000000000002 0.049583333333333354
0 0.38033854166666664 0.8536458333333333 0.0328125 0.041666666666666664
0 0.01171875 0.7895833333333333 0.0234375 0.03333333333333333
0 0.69765625 0.6958333333333333 0.0375 0.05
0 0.92265625 0.596875 0.0421875 0.052083333333333336
0 0.96796875 0.7822916666666667 0.0390625 0.05625
0 0.05800259643916914 0.33700853115727003 0.0375 0.04375
1 0.83125 0.9552083333333333 0.065625 0.08958333333333333
1 0.940625 0.959375 0.06875 0.08125
1 0.09921875 0.4270833333333333 0.1328125 0.17916666666666667
1 0.4390625 0.9520833333333333 0.0875 0.09166666666666666
