0 0.1614346590909091 0.3716856060606061 0.028125 0.041666666666666664
0 0.021562500000000002 0.19208333333333333 0.03125 0.0375
0 0.5458376024590164 0.1882684426229508 0.0390625 0.04375
0 0.57078125 0.151875 0.0328125 0.035416666666666666
0 0.025 0.375 0.03125 0.041666666666666664
0 0.259583849009901 0.5283003300330033 0.0328125 0.03333333333333328
0 0.7531839337524178 0.5333333333333333 0.0328125 0.04583333333333333
0 0.5 0.9541666666666667 0.03125 0.04375
0 0.21573660714285717 0.6378472222222222 0.03906250000000002 0.052083333333333336
0 0.61015625 0.9260416666666667 0.0359375 0.04375
0 0.2828125 0.8354166666666667 0.040625 0.041666666666666664
0 0.16696428571428573 0.15238095238095237 0.0375 0.05
0 0.9679866412213741 0.4727178753180662 0.053125 0.06041666666666667
0 0.9518281882591093 0.7222208164642374 0.05625 0.06458333333333334
0 0.2556919642857143 0.5065476190476191 0.0453125 0.05833333333333339
0 0.584375 0.759375 0.028125 0.03958333333333333
0 0.5722371244635193 0.8967989985693848 0.025 0.03333333333333333
0 0.11510416666666667 0.8395833333333333 0.025 0.03333333333333333
0 0.104609375 0.35500000000000004 0.0375 0.04375
1 0.83125 0.9552083333333333 0.065625 0.08958333333333333
1 0.940625 0.959375 0.06875 0.08125
1 0.10169908216783216 0.45354020979020976 0.1328125 0.17916666666666667
1 0.43654641544117645 0.9498468137254902 0.0875 0.09166666666666666
