0 0.1677258895131086 0.3792017790262172 0.028125 0.041666666666666664
0 0.53359375 0.1746008566978193 0.0390625 0.04375
0 0.53671875 0.171875 0.0328125 0.035416666666666666
0 0.025 0.375 0.03125 0.041666666666666664
0 0.25390625 0.5541666666666667 0.0328125 0.03333333333333333
0 0.7500543114973263 0.5336564171122994 0.0328125 0.045833333333333275
0 0.4421875 0.9591817010309279 0.03125 0.04375
0 0.5738597972972973 0.6363738738738739 0.0390625 0.052083333333333336
0 0.492578125 0.9640625 0.0359375 0.04375
0 0.2828125 0.8354166666666667 0.040625 0.041666666666666664
0 0.9775080719557195 0.39532979704797044 0.0375 0.06041666666666667
0 0.9393168604651162 0.7266230620155039 0.05625 0.06458333333333334
0 0.23258928571428572 0.559970238095238 0.028125 0.03958333333333333
0 0.575 0.9022959183673469 0.025 0.03333333333333333
2 0.1529296875 0.31536458333333334 0.025 0.041666666666666664
0 0.8595312500000001 0.05145833333333334 0.0296875 0.03541666666666667
0 0.08162671925566342 0.3144451186623517 0.0375 0.04375
1 0.83125 0.9552083333333333 0.065625 0.08958333333333333
1 0.940625 0.959375 0.06875 0.08125
1 0.09921875 0.4270833333333333 0.1328125 0.17916666666666667
1 0.4390625 0.9520833333333333 0.0875 0.09166666666666666
