0 0.16617445054945054 0.3791895604395605 0.028125 0.041666666666666664
0 0.5420380806010929 0.18421561930783242 0.0390625 0.04375
0 0.5520833333333333 0.17222222222222222 0.0328125 0.035416666666666666
0 0.025 0.375 0.03125 0.041666666666666664
0 0.2605282738095238 0.5366071428571428 0.0328125 0.03333333333333328
0 0.7523769946808511 0.5333333333333333 0.0328125 0.04583333333333333
0 0.4973958333333333 0.9649305555555556 0.03125 0.04375
0 0.29765625 0.6150297619047619 0.0390625 0.052083333333333336
0 0.60078125 0.934375 0.0359375 0.04375
0 0.2828125 0.8354166666666667 0.040625 0.041666666666666664
0 0.1671875 0.0625 0.0375 0.05
0 0.9626789122137405 0.4698870865139949 0.053125 0.06041666666666667
0 0.9490131578947368 0.7229714912280703 0.05625 0.06458333333333334
0 0.02265625 0.6989583333333333 0.0453125 0.058333333333333334
0 0.49502840909090906 0.6761931818181818 0.028125 0.03958333333333333
0 0.5734307939914163 0.8999821173104435 0.025 0.03333333333333333
0 0.15625 0.7166666666666667 0.0375 0.04583333333333333
0 0.1015625 0.34618055555555555 0.0375 0.04375
1 0.83125 0.9552083333333333 0.065625 0.08958333333333333
1 0.940625 0.959375 0.06875 0.08125
1 0.10072661713286712 0.44316724941724944 0.1328125 0.17916666666666667
1 0.43731330422794124 0.9505284926470589 0.08750000000000005 0.09166666666666666
