0 0.16795411985018727 0.3796582397003745 0.028125 0.041666666666666664
0 0.53359375 0.1776382398753894 0.0390625 0.04375
0 0.5546875 0.16041666666666668 0.0328125 0.035416666666666666
0 0.025 0.375 0.03125 0.041666666666666664
0 0.24831414473684213 0.5453947368421053 0.0328125 0.03333333333333333
0 0.750871917311412 0.5333333333333333 0.0328125 0.04583333333333333
0 0.4421875 0.9608569587628867 0.03125 0.04375
0 0.5303385416666667 0.6279513888888889 0.0390625 0.052083333333333336
0 0.49703125000000004 0.90375 0.0359375 0.04375
0 0.2828125 0.8354166666666667 0.040625 0.041666666666666664
0 0.9799815498154981 0.3977283210332103 0.0375 0.06041666666666667
0 0.9419740188953488 0.7254421027131782 0.05625 0.06458333333333334
0 0.2796875 0.6018749999999999 0.028125 0.03958333333333333
0 0.575 0.903125 0.025 0.03333333333333333
2 0.13125 0.415625 0.025 0.041666666666666664
0 0.884765625 0.090625 0.0296875 0.035416666666666666
0 0.08231694983818769 0.3139192286947141 0.03749999999999999 0.04375
1 0.83125 0.9552083333333333 0.065625 0.08958333333333333
1 0.940625 0.959375 0.06875 0.08125
1 0.09921875 0.4270833333333333 0.1328125 0.17916666666666667
1 0.43874368106617645 0.9517999387254902 0.0875 0.09166666666666666
