0 0.1714162844036697 0.34644495412844034 0.028125 0.041666666666666664
0 0.13052083333333334 0.16444444444444445 0.03125 0.0375
0 0.5507431402439025 0.18699186991869918 0.0390625 0.04375
0 0.5171066810344828 0.10420258620689654 0.0328125 0.035416666666666666
0 0.025 0.375 0.03125 0.041666666666666664
0 0.25636363636363635 0.5205397727272728 0.0328125 0.033333333333333395
0 0.7548975459381044 0.5333333333333333 0.0328125 0.04583333333333333
0 0.53671875 0.8729166666666667 0.0265625 0.041666666666666664
0 0.06015625 0.953125 0.0359375 0.052083333333333336
0 0.09921875 0.8302083333333333 0.0390625 0.052083333333333336
0 0.65390625 0.9385416666666667 0.0359375 0.04375
0 0.2828125 0.8354166666666667 0.040625 0.041666666666666664
0 0.1 0.3958333333333333 0.0375 0.05
0 0.96875 0.5004557291666667 0.051953125 0.059244791666666664
0 0.96015625 0.7135416666666666 0.0375 0.04375
0 0.9098958333333333 0.58125 0.04375 0.052777777777777854
0 0.57525 0.8943333333333333 0.025 0.03333333333333333
0 0.08828125 0.3105654761904762 0.0375 0.04375
1 0.83125 0.9552083333333333 0.065625 0.08958333333333333
1 0.940625 0.959375 0.06875 0.08125
1 0.10234375 0.438671875 0.125 0.17265625
1 0.43491785386029413 0.9483992034313726 0.0875 0.09166666666666666
