0 0.16948107798165138 0.3490252293577981 0.028125 0.041666666666666664
0 0.115625 0.16458333333333333 0.03125 0.0375
0 0.5500571646341463 0.18722052845528453 0.0390625 0.04375
0 0.5298437500000001 0.10229166666666667 0.037812499999999985 0.04541666666666666
0 0.025 0.375 0.03125 0.041666666666666664
0 0.25674715909090906 0.5213068181818182 0.0328125 0.033333333333333395
0 0.7546527441972921 0.5333333333333333 0.0328125 0.04583333333333333
0 0.55234375 0.85 0.0265625 0.041666666666666664
0 0.10194052419354838 0.7902889784946237 0.039062499999999986 0.052083333333333336
0 0.63046875 0.934837962962963 0.0359375 0.04375
0 0.2828125 0.8354166666666667 0.040625 0.041666666666666664
0 0.1 0.3416666666666667 0.0375 0.05
0 0.9734375 0.4943033854166667 0.053125 0.06041666666666667
0 0.9591517857142857 0.7144345238095239 0.0375 0.04375
0 0.7998697916666666 0.5942708333333333 0.0518229166666667 0.05451388888888881
0 0.5746875 0.8945833333333333 0.025 0.03333333333333333
0 0.09129464285714287 0.3128613945578231 0.0375 0.04375
1 0.83125 0.9552083333333333 0.065625 0.08958333333333333
1 0.940625 0.959375 0.06875 0.08125
1 0.10234375 0.4405133928571428 0.12700892857142856 0.1743303571428571
1 0.4351505055147059 0.9486060049019608 0.0875 0.09166666666666666
