0 0.16693000936329588 0.3776100187265918 0.028125 0.041666666666666664
0 0.5278201219512195 0.1821392276422764 0.0390625 0.04375
0 0.5893229166666667 0.16145833333333334 0.0328125 0.035416666666666666
0 0.025 0.375 0.03125 0.041666666666666664
0 0.26630208333333333 0.5672222222222222 0.0328125 0.03333333333333333
0 0.7466452205882353 0.535171568627451 0.0328125 0.04583333333333333
0 0.44396219135802467 0.9572916666666667 0.03125 0.04375
0 0.727279974489796 0.6466624149659864 0.0390625 0.052083333333333336
0 0.4748046875 0.95234375 0.0359375 0.04375
0 0.2828125 0.8354166666666667 0.040625 0.041666666666666664
0 0.968882610701107 0.3869657134071341 0.0375 0.06041666666666667
0 0.9300508720930232 0.7307412790697675 0.05625 0.06458333333333334
0 0.11189903846153845 0.38629807692307694 0.028125 0.03958333333333333
0 0.5745687294633078 0.9012207922599489 0.025 0.03333333333333333
0 0.6839409722222223 0.05798611111111111 0.0296875 0.03541666666666667
0 0.7720312500000001 0.10208333333333333 0.0265625 0.03333333333333333
0 0.09609375 0.084375 0.0328125 0.03333333333333333
0 0.6624131944444445 0.07685185185185185 0.0296875 0.04166666666666666
0 0.10930397727272727 0.9693181818181817 0.0578125 0.058333333333333334
0 0.07921976132686084 0.31627899137001075 0.0375 0.04375
1 0.83125 0.9552083333333333 0.065625 0.08958333333333333
1 0.940625 0.959375 0.06875 0.08125
1 0.09921875 0.4270833333333333 0.1328125 0.17916666666666667
1 0.4390625 0.9520833333333333 0.0875 0.09166666666666666
