0 0.16652621722846442 0.37680243445692885 0.028125 0.041666666666666664
0 0.5239489658273382 0.18858663069544365 0.0390625 0.04375
0 0.628125 0.18958333333333333 0.0328125 0.035416666666666666
0 0.025 0.375 0.03125 0.041666666666666664
0 0.26615539965986396 0.5680045351473922 0.0328125 0.03333333333333333
0 0.74491560828877 0.535940285204991 0.0328125 0.04583333333333333
0 0.4452932098765432 0.9572916666666667 0.03125 0.04375
0 0.8189572704081632 0.6407950680272109 0.0390625 0.052083333333333336
0 0.4888147865853658 0.9209603658536586 0.0359375 0.04375
0 0.2828125 0.8354166666666667 0.040625 0.041666666666666664
0 0.9645064575645756 0.38272217097170974 0.0375 0.06041666666666667
0 0.925349745639535 0.7328306686046512 0.05625 0.06458333333333334
0 0.0484375 0.246875 0.028125 0.03958333333333333
0 0.5743325575027383 0.9007484483388097 0.025 0.03333333333333333
0 0.63046875 0.09761904761904762 0.0265625 0.03333333333333333
0 0.2171875 0.013541666666666667 0.0359375 0.027083333333333334
0 0.16875 0.146875 0.0359375 0.04791666666666667
0 0.6734375 0.30124999999999996 0.0296875 0.041666666666666664
0 0.10703125 0.9052083333333333 0.059375 0.06666666666666667
0 0.05208333333333333 0.9836805555555554 0.03854166666666666 0.032638888888888926
0 0.07799858414239483 0.3172094120819849 0.0375 0.04375
1 0.83125 0.9552083333333333 0.065625 0.08958333333333333
1 0.940625 0.959375 0.06875 0.08125
1 0.09921875 0.4270833333333333 0.1328125 0.17916666666666667
1 0.4390625 0.9520833333333333 0.0875 0.09166666666666666
