0 0.16610486891385767 0.37595973782771536 0.028125 0.041666666666666664
0 0.5207115557553956 0.18912619904076738 0.0390625 0.04375
0 0.6221875 0.245 0.0328125 0.035416666666666666
0 0.025 0.375 0.03125 0.041666666666666664
0 0.26600233843537413 0.5688208616780045 0.0328125 0.03333333333333333
0 0.7431107954545454 0.5367424242424242 0.0328125 0.04583333333333333
0 0.44668209876543213 0.9572916666666667 0.03125 0.04375
0 0.9103742732558139 0.6384932170542635 0.0390625 0.052083333333333336
0 0.52265625 0.978125 0.0359375 0.04375
0 0.2828125 0.8354166666666667 0.040625 0.041666666666666664
0 0.9546875 0.36770833333333336 0.0375 0.06041666666666667
0 0.9212187500000001 0.7346666666666667 0.05625 0.06458333333333334
0 0.574086117196057 0.9002555677254472 0.025 0.03333333333333333
0 0.0890625 0.3734375 0.0359375 0.04791666666666667
0 0.683984375 0.5229166666666667 0.0296875 0.041666666666666664
0 0.1375 0.8375 0.059375 0.06666666666666667
0 0.1140625 0.95625 0.04375 0.05
0 0.07672431229773463 0.3181802858683927 0.0375 0.04375
1 0.83125 0.9552083333333333 0.065625 0.08958333333333333
1 0.940625 0.959375 0.06875 0.08125
1 0.09921875 0.4270833333333333 0.1328125 0.17916666666666667
1 0.4390625 0.9520833333333333 0.0875 0.09166666666666666
