0 0.16631554307116106 0.3763810861423221 0.028125 0.041666666666666664
0 0.5223302607913669 0.18885641486810553 0.0390625 0.04375
0 0.6118389423076923 0.2313301282051282 0.0328125 0.035416666666666666
0 0.025 0.375 0.03125 0.041666666666666664
0 0.26607886904761907 0.5684126984126985 0.0328125 0.03333333333333333
0 0.7440132018716578 0.5363413547237077 0.0328125 0.04583333333333333
0 0.44598765432098764 0.9572916666666667 0.03125 0.04375
0 0.8667889030612244 0.6377338435374149 0.0390625 0.052083333333333336
0 0.5065104166666667 0.9482638888888889 0.0359375 0.04375
0 0.2828125 0.8354166666666667 0.040625 0.041666666666666664
0 0.9598798076923076 0.3757852564102564 0.0375 0.06041666666666667
0 0.922896984011628 0.7339207848837209 0.05625 0.06458333333333334
0 0.0140625 0.215625 0.028125 0.03958333333333333
0 0.5742093373493976 0.9005020080321285 0.025 0.03333333333333333
0 0.53984375 0.020833333333333332 0.0265625 0.03333333333333333
0 0.1203125 0.2642361111111111 0.0359375 0.0479166666666667
0 0.6716145833333333 0.4201388888888889 0.0296875 0.041666666666666664
0 0.12987132352941178 0.8794117647058823 0.059375 0.06666666666666667
0 0.078125 0.9729166666666667 0.04375 0.05
0 0.07736144822006472 0.3176948489751888 0.0375 0.04375
1 0.83125 0.9552083333333333 0.065625 0.08958333333333333
1 0.940625 0.959375 0.06875 0.08125
1 0.09921875 0.4270833333333333 0.1328125 0.17916666666666667
1 0.4390625 0.9520833333333333 0.0875 0.09166666666666666
