0 0.15766900510204082 0.37480867346938773 0.028125 0.041666666666666664
0 0.51171875 0.190625 0.0390625 0.04375
0 0.6858928571428572 0.40976190476190477 0.04375 0.058333333333333334
0 0.025 0.375 0.03125 0.041666666666666664
0 0.26524766156462587 0.5728458049886621 0.0328125 0.03333333333333333
0 0.7359706439393939 0.5393118686868686 0.0328125 0.04583333333333333
0 0.434375 0.9552083333333333 0.03125 0.04375
0 0.2828125 0.8354166666666667 0.040625 0.041666666666666664
0 0.9390625 0.203125 0.0375 0.06041666666666667
0 0.8934442934782609 0.7439538043478261 0.05625 0.06458333333333334
0 0.5728710295728369 0.897825392479007 0.025 0.03333333333333333
0 0.41275000000000006 0.9397083333333334 0.034375000000000044 0.04375
0 0.13255208333333332 0.49756944444444445 0.0421875 0.058333333333333334
0 0.5165625 0.71625 0.04375 0.05625
0 0.30755208333333334 0.8583333333333333 0.0390625 0.04583333333333333
0 0.26261160714285714 0.9389880952380952 0.0328125 0.041666666666666664
0 0.06774387982195845 0.3263816765578635 0.03749999999999999 0.04375
1 0.83125 0.9552083333333333 0.065625 0.08958333333333333
1 0.940625 0.959375 0.06875 0.08125
1 0.09921875 0.4270833333333333 0.1328125 0.17916666666666667
1 0.4390625 0.9520833333333333 0.0875 0.09166666666666666
0 0.97578125 0.9479166666666666 0.0234375 0.03333333333333333
