0 0.1606507490636704 0.375 0.028125 0.041666666666666664
0 0.51171875 0.190625 0.0390625 0.04375
0 0.6618787650602409 0.3786144578313253 0.04375 0.058333333333333334
0 0.025 0.375 0.03125 0.041666666666666664
0 0.2654666241496598 0.5716780045351474 0.0328125 0.03333333333333333
0 0.7379214015151515 0.5386616161616161 0.0328125 0.04583333333333333
0 0.434375 0.9552083333333333 0.03125 0.04375
0 0.2828125 0.8354166666666667 0.040625 0.041666666666666664
0 0.9424107142857142 0.21949404761904762 0.0375 0.06041666666666667
0 0.901330357142857 0.7399821428571428 0.05625 0.06458333333333334
0 0.5732235761226725 0.8985304855786783 0.025 0.03333333333333333
0 0.4045572916666667 0.9609157986111111 0.034375000000000044 0.04375
0 0.2016927083333333 0.5722222222222222 0.05651041666666665 0.06527777777777774
0 0.24296875 0.9697916666666667 0.04375 0.05
0 0.6821875000000001 0.7210416666666667 0.04375 0.05625
0 0.921875 0.9770833333333333 0.0375 0.041666666666666664
0 0.07226436084142394 0.3215783441208198 0.0375 0.04375
1 0.83125 0.9552083333333333 0.065625 0.08958333333333333
1 0.940625 0.959375 0.06875 0.08125
1 0.09921875 0.4270833333333333 0.1328125 0.17916666666666667
1 0.4390625 0.9520833333333333 0.0875 0.09166666666666666
