0 0.16035814606741575 0.375 0.028125 0.041666666666666664
0 0.51171875 0.190625 0.0390625 0.04375
0 0.6641378012048194 0.3806224899598394 0.04375 0.058333333333333334
0 0.025 0.375 0.03125 0.041666666666666664
0 0.2654453656462585 0.5717913832199546 0.0328125 0.03333333333333333
0 0.7377320075757575 0.5387247474747474 0.0328125 0.045833333333333275
0 0.434375 0.9552083333333333 0.03125 0.04375
0 0.2828125 0.8354166666666667 0.040625 0.041666666666666664
0 0.9418956043956044 0.2169757326007326 0.0375 0.06041666666666667
0 0.900794642857143 0.7401011904761905 0.05625 0.06458333333333334
0 0.5731893483023002 0.8984620299379336 0.025 0.03333333333333333
0 0.4032552083333333 0.9580946180555556 0.034374999999999954 0.04375
0 0.18932291666666665 0.5583333333333333 0.042187499999999975 0.058333333333333334
0 0.66484375 0.7208333333333333 0.04375 0.05625
0 0.95 0.9765625 0.0375 0.041666666666666664
0 0.0720873786407767 0.32171318770226537 0.0375 0.04375
1 0.83125 0.9552083333333333 0.065625 0.08958333333333333
1 0.940625 0.959375 0.06875 0.08125
1 0.09921875 0.4270833333333333 0.1328125 0.17916666666666667
1 0.4390625 0.9520833333333333 0.0875 0.09166666666666666
