0 0.16290379213483147 0.375 0.028125 0.041666666666666664
0 0.5128428507194245 0.1904376498800959 0.0390625 0.04375
0 0.6567708333333333 0.32377136752136754 0.04375 0.058333333333333334
0 0.025 0.375 0.03125 0.041666666666666664
0 0.26563031462585035 0.5708049886621315 0.0328125 0.03333333333333333
0 0.7393797348484848 0.538175505050505 0.0328125 0.04583333333333333
0 0.4361351656626506 0.9572916666666667 0.03125 0.04375
0 0.2828125 0.8354166666666667 0.040625 0.041666666666666664
0 0.9532762096774194 0.2589717741935484 0.0375 0.06041666666666667
0 0.9054553571428572 0.7390654761904761 0.05625 0.06458333333333334
0 0.5734871303395399 0.8990575940124133 0.025 0.03333333333333333
0 0.23984375 0.9260416666666667 0.0359375 0.04791666666666667
0 0.4323863636363637 0.9673295454545454 0.034375 0.04375
0 0.21215277777777777 0.624537037037037 0.059375 0.06666666666666667
0 0.1875 0.9395833333333333 0.04375 0.05
0 0.8046875 0.7607638888888889 0.04375 0.05625
0 0.1005859375 0.2640625 0.0359375 0.041666666666666664
0 0.07362712378640776 0.32054004854368934 0.0375 0.04375
1 0.83125 0.9552083333333333 0.065625 0.08958333333333333
1 0.940625 0.959375 0.06875 0.08125
1 0.09921875 0.4270833333333333 0.1328125 0.17916666666666667
1 0.4390625 0.9520833333333333 0.0875 0.09166666666666666
