0 0.16774344569288388 0.37923689138576777 0.028125 0.041666666666666664
0 0.53359375 0.17483450155763242 0.0390625 0.04375
0 0.53671875 0.180625 0.0328125 0.035416666666666666
0 0.025 0.375 0.03125 0.041666666666666664
0 0.2533014112903226 0.5533602150537634 0.0328125 0.03333333333333333
0 0.7501295120320856 0.5336229946524064 0.0328125 0.04583333333333333
0 0.4421875 0.9593105670103093 0.03125 0.04375
0 0.5705025337837838 0.6359515765765766 0.0390625 0.052083333333333336
0 0.49484374999999997 0.9614583333333333 0.0359375 0.04375
0 0.2828125 0.8354166666666667 0.040625 0.041666666666666664
0 0.9776983394833948 0.39551429889298895 0.0375 0.06041666666666667
0 0.9395212572674418 0.726532218992248 0.05625 0.06458333333333334
0 0.2359375 0.5635416666666667 0.028125 0.03958333333333333
0 0.575 0.9023596938775511 0.025 0.03333333333333333
2 0.15234375 0.3177083333333333 0.025 0.041666666666666664
0 0.87265625 0.06770833333333333 0.0296875 0.035416666666666666
0 0.08167981391585762 0.314404665587918 0.03750000000000001 0.04375
1 0.83125 0.9552083333333333 0.065625 0.08958333333333333
1 0.940625 0.959375 0.06875 0.08125
1 0.09921875 0.4270833333333333 0.1328125 0.17916666666666667
1 0.4390538832720588 0.9520756740196078 0.08749999999999995 0.09166666666666666
