0 0.16559573970037453 0.375 0.028125 0.041666666666666664
0 0.5169795413669065 0.18974820143884893 0.0390625 0.04375
0 0.6364062500000001 0.295625 0.0328125 0.035416666666666666
0 0.025 0.375 0.03125 0.041666666666666664
0 0.26582589285714286 0.5697619047619047 0.0328125 0.03333333333333333
0 0.7411221590909091 0.537594696969697 0.0328125 0.04583333333333339
0 0.4421969126506024 0.9572916666666667 0.03125 0.04375
0 0.98046875 0.684375 0.0390625 0.052083333333333336
0 0.2828125 0.8354166666666667 0.040625 0.041666666666666664
0 0.9649553571428571 0.31086309523809524 0.0375 0.06041666666666667
0 0.9186249999999999 0.7358194444444445 0.05625 0.06458333333333334
0 0.5738020262869661 0.8996873859072654 0.025 0.03333333333333333
0 0.1091796875 0.6796875 0.0359375 0.04791666666666667
0 0.740625 0.7703125 0.0296875 0.041666666666666664
0 0.5229910714285715 0.9492559523809524 0.034375 0.04375
0 0.1765625 0.75 0.059375 0.06666666666666667
0 0.13333333333333333 0.8798611111111111 0.04375 0.05
0 0.9109375 0.8901041666666667 0.034375 0.04583333333333333
0 0.28030427631578947 0.06699561403508772 0.0359375 0.04166666666666666
0 0.07525536003236247 0.31929948759439053 0.0375 0.04375
1 0.83125 0.9552083333333333 0.065625 0.08958333333333333
1 0.940625 0.959375 0.06875 0.08125
1 0.09921875 0.4270833333333333 0.1328125 0.17916666666666667
1 0.4390625 0.9520833333333333 0.0875 0.09166666666666666
