0 0.15877808988764044 0.375 0.028125 0.041666666666666664
0 0.51171875 0.190625 0.0390625 0.04375
0 0.6763365963855421 0.3914658634538153 0.04375 0.058333333333333334
0 0.025 0.375 0.03125 0.041666666666666664
0 0.26533056972789115 0.5724036281179139 0.0328125 0.03333333333333333
0 0.7367092803030303 0.5390656565656565 0.0328125 0.04583333333333333
0 0.434375 0.9552083333333333 0.03125 0.04375
0 0.2828125 0.8354166666666667 0.040625 0.041666666666666664
0 0.9391140109890109 0.2033768315018315 0.0375 0.06041666666666667
0 0.8974184782608695 0.741304347826087 0.05625 0.06458333333333334
0 0.5730045180722891 0.8980923694779116 0.025 0.03333333333333333
0 0.4054375 0.9462083333333333 0.034375000000000044 0.04375
0 0.150625 0.5275 0.0421875 0.058333333333333334
0 0.58125 0.6739583333333333 0.04375 0.05625
0 0.35171874999999997 0.94375 0.0390625 0.04583333333333333
0 0.2375 0.9854166666666667 0.028125 0.029166666666666667
0 0.06973293768545993 0.32421179525222554 0.0375 0.04375
1 0.83125 0.9552083333333333 0.065625 0.08958333333333333
1 0.940625 0.959375 0.06875 0.08125
1 0.09921875 0.4270833333333333 0.1328125 0.17916666666666667
1 0.4390625 0.9520833333333333 0.0875 0.09166666666666666
