0 0.1542251275510204 0.3702168367346939 0.028125 0.041666666666666664
0 0.51171875 0.190625 0.0390625 0.04375
0 0.715625 0.5122023809523809 0.04375 0.05833333333333327
0 0.025 0.375 0.03125 0.041666666666666664
0 0.2649415391156463 0.5744784580498866 0.0328125 0.03333333333333333
0 0.73515625 0.5395833333333333 0.0328125 0.04583333333333333
0 0.434375 0.9552083333333333 0.03125 0.04375
0 0.2828125 0.8354166666666667 0.040625 0.041666666666666664
0 0.9390625 0.203125 0.0375 0.06041666666666667
0 0.8890625 0.746875 0.05625 0.06458333333333334
0 0.5723781489594743 0.8968396312522818 0.025 0.03333333333333333
0 0.4140625 0.9385416666666667 0.034375 0.04375
0 0.054296875 0.34427083333333336 0.0421875 0.058333333333333334
0 0.4654017857142857 0.9022321428571428 0.04375 0.05625
0 0.049034926470588235 0.6867647058823529 0.0390625 0.04583333333333333
0 0.35390625 0.8729166666666667 0.0328125 0.041666666666666664
0 0.0220703125 0.8481770833333333 0.0234375 0.03333333333333333
0 0.5484375 0.7578125 0.0375 0.05
0 0.9796875 0.684375 0.03125 0.04791666666666667
0 0.96484375 0.32083333333333336 0.0328125 0.03958333333333333
0 0.931875 0.9254166666666667 0.0375 0.041666666666666664
0 0.060399666172106826 0.3343935459940653 0.0375 0.04375
1 0.83125 0.9552083333333333 0.065625 0.08958333333333333
1 0.940625 0.959375 0.06875 0.08125
1 0.09921875 0.4270833333333333 0.1328125 0.17916666666666667
1 0.4390625 0.9520833333333333 0.0875 0.09166666666666666
