0 0.15728635204081634 0.3742984693877551 0.028125 0.041666666666666664
0 0.51171875 0.190625 0.0390625 0.04375
0 0.6898214285714286 0.4173809523809524 0.04375 0.058333333333333334
0 0.025 0.375 0.03125 0.041666666666666664
0 0.2652136479591837 0.5730272108843537 0.0328125 0.03333333333333333
0 0.7356676136363636 0.5394128787878788 0.0328125 0.04583333333333339
0 0.434375 0.9552083333333333 0.03125 0.04375
0 0.2828125 0.8354166666666667 0.040625 0.041666666666666664
0 0.9390625 0.203125 0.0375 0.06041666666666667
0 0.8918138586956521 0.7450407608695653 0.05625 0.06458333333333334
0 0.572816265060241 0.8977158634538153 0.025 0.03333333333333333
0 0.4140625 0.9385416666666667 0.034375 0.04375
0 0.1279224537037037 0.48954475308641976 0.0421875 0.058333333333333334
0 0.4882291666666667 0.7418055555555555 0.04375 0.05625
0 0.2897078804347826 0.8201992753623188 0.0390625 0.04583333333333333
0 0.269140625 0.9369791666666667 0.0328125 0.041666666666666664
0 0.06692785608308606 0.327271884272997 0.037500000000000006 0.04375
1 0.83125 0.9552083333333333 0.065625 0.08958333333333333
1 0.940625 0.959375 0.06875 0.08125
1 0.09921875 0.4270833333333333 0.1328125 0.17916666666666667
1 0.4390625 0.9520833333333333 0.0875 0.09166666666666666
0 0.98828125 0.9090277777777778 0.0234375 0.03333333333333333
