0 0.15198863636363635 0.3691287878787879 0.028125 0.041666666666666664
0 0.51171875 0.190625 0.0390625 0.04375
0 0.7369791666666667 0.548611111111111 0.04375 0.05833333333333327
0 0.025 0.375 0.03125 0.041666666666666664
0 0.26484375 0.575 0.0328125 0.03333333333333333
0 0.73515625 0.5395833333333333 0.0328125 0.04583333333333333
0 0.434375 0.9552083333333333 0.03125 0.04375
0 0.2828125 0.8354166666666667 0.040625 0.041666666666666664
0 0.9390625 0.203125 0.0375 0.06041666666666667
0 0.8890625 0.746875 0.05625 0.06458333333333334
0 0.5722001642935377 0.8964836619204088 0.025 0.03333333333333333
0 0.4140625 0.9385416666666667 0.034375 0.04375
0 0.0568359375 0.2375 0.0421875 0.058333333333333334
0 0.44328125000000007 0.9016666666666666 0.03718750000000002 0.04750000000000002
0 0.371875 0.8510416666666667 0.0328125 0.041666666666666664
0 0.7203125 0.7 0.0375 0.05
0 0.9109375 0.6072916666666667 0.0421875 0.052083333333333336
0 0.9703125 0.7604166666666666 0.0390625 0.05625
0 0.05774758902077152 0.33728672106824925 0.0375 0.04375
1 0.83125 0.9552083333333333 0.065625 0.08958333333333333
1 0.940625 0.959375 0.06875 0.08125
1 0.09921875 0.4270833333333333 0.1328125 0.17916666666666667
1 0.4390625 0.9520833333333333 0.0875 0.09166666666666666
