0 0.16377232142857143 0.3611904761904762 0.028125 0.041666666666666664
0 0.064375 0.19375 0.03125000000000001 0.0375
0 0.547948424796748 0.18792344173441736 0.0390625 0.04375
0 0.5572265625 0.12552083333333333 0.0328125 0.035416666666666666
0 0.025 0.375 0.03125 0.041666666666666664
0 0.25792613636363637 0.5236647727272727 0.0328125 0.03333333333333333
0 0.7539002055125725 0.5333333333333333 0.0328125 0.04583333333333333
0 0.5142780172413792 0.9008261494252873 0.03125 0.04375
0 0.14677734375 0.7018229166666666 0.0390625 0.052083333333333336
0 0.61796875 0.8993749999999999 0.0359375 0.04375
0 0.2828125 0.8354166666666667 0.040625 0.041666666666666664
0 0.0965625 0.21125000000000002 0.0375 0.05
0 0.9718368902439025 0.4780233739837398 0.053125 0.06041666666666667
0 0.955220588235294 0.7190808823529411 0.047867647058823515 0.055269607843137315
0 0.52421875 0.4895833333333333 0.0453125 0.058333333333333334
0 0.6459374999999999 0.8797916666666666 0.028125 0.03958333333333333
0 0.5729583333333333 0.8953518518518518 0.025 0.03333333333333333
0 0.10615234375 0.35911458333333335 0.0375 0.04375
1 0.83125 0.9552083333333333 0.065625 0.08958333333333333
1 0.940625 0.959375 0.06875 0.08125
1 0.10234375 0.4487499999999999 0.1328125 0.1791666666666666
1 0.4358656939338236 0.9492417279411764 0.0875 0.09166666666666666
