0 0.16492275280898877 0.375 0.028125 0.041666666666666664
0 0.5159453687050359 0.18992056354916068 0.0390625 0.04375
0 0.6541406249999999 0.2892708333333333 0.036093749999999945 0.04229166666666669
0 0.025 0.375 0.03125 0.041666666666666664
0 0.2657769982993197 0.5700226757369614 0.0328125 0.03333333333333333
0 0.7406865530303031 0.537739898989899 0.0328125 0.04583333333333333
0 0.4406814759036145 0.9572916666666667 0.03125 0.04375
0 0.2828125 0.8354166666666667 0.040625 0.041666666666666664
0 0.95640625 0.305 0.0375 0.06041666666666667
0 0.91790625 0.7361388888888889 0.05625 0.06458333333333334
0 0.5737233023001095 0.8995299379335524 0.025 0.03333333333333333
0 0.1326171875 0.7549479166666667 0.0359375 0.04791666666666667
0 0.7356026785714286 0.8470238095238095 0.0296875 0.041666666666666664
0 0.509375 0.9440972222222223 0.034375 0.04375
0 0.1859375 0.7136904761904762 0.059375 0.06666666666666667
0 0.15106907894736843 0.8921052631578947 0.04375 0.05
0 0.8921875 0.8395833333333333 0.034375 0.04583333333333333
0 0.24234375 0.1 0.0359375 0.041666666666666664
0 0.07484830097087378 0.3196096278317152 0.0375 0.04375
1 0.83125 0.9552083333333333 0.065625 0.08958333333333333
1 0.940625 0.959375 0.06875 0.08125
1 0.09921875 0.4270833333333333 0.1328125 0.17916666666666667
1 0.4390625 0.9520833333333333 0.0875 0.09166666666666666
