0 0.16870903558052436 0.38116807116104867 0.028125 0.041666666666666664
0 0.5404585040983607 0.182530737704918 0.0390625 0.04375
0 0.53984375 0.1459280303030303 0.0328125 0.035416666666666666
0 0.025 0.375 0.03125 0.041666666666666664
0 0.25832589285714286 0.5388095238095238 0.0328125 0.03333333333333333
0 0.7520415256286267 0.5333333333333333 0.0328125 0.04583333333333333
0 0.478125 0.978125 0.03125 0.04375
0 0.34921875 0.6079861111111111 0.0390625 0.052083333333333336
0 0.56703125 0.9385416666666667 0.039687500000000056 0.04541666666666657
0 0.2828125 0.8354166666666667 0.040625 0.041666666666666664
0 0.19322916666666665 0.03333333333333333 0.03749999999999998 0.05
0 0.9653257978723404 0.44501329787234045 0.053125 0.06041666666666667
0 0.9478428643724696 0.7232835695006747 0.05625 0.06458333333333334
0 0.4494791666666667 0.6628472222222223 0.028125 0.03958333333333333
0 0.5739270386266094 0.9013054363376252 0.025 0.03333333333333333
0 0.1543323863636364 0.6553977272727273 0.0265625 0.03958333333333333
0 0.09711538461538463 0.33234508547008546 0.03750000000000001 0.04375
1 0.83125 0.9552083333333333 0.065625 0.08958333333333333
1 0.940625 0.959375 0.06875 0.08125
1 0.10032233391608392 0.4388548951048951 0.1328125 0.17916666666666667
1 0.4376321231617647 0.950811887254902 0.08749999999999995 0.09166666666666666
