0 0.15334024234693877 0.36903698979591837 0.028125 0.041666666666666664
0 0.51171875 0.190625 0.0390625 0.04375
0 0.7375 0.528125 0.04375 0.058333333333333334
0 0.025 0.375 0.03125 0.041666666666666664
0 0.26486288265306124 0.5748979591836735 0.0328125 0.03333333333333333
0 0.73515625 0.5395833333333333 0.0328125 0.04583333333333333
0 0.434375 0.9552083333333333 0.03125 0.04375
0 0.2828125 0.8354166666666667 0.040625 0.041666666666666664
0 0.9390625 0.203125 0.0375 0.06041666666666667
0 0.8890625 0.746875 0.05625 0.06458333333333334
0 0.5722515060240964 0.896586345381526 0.025 0.03333333333333333
0 0.4140625 0.9385416666666667 0.034375 0.04375
0 0.06082589285714286 0.28095238095238095 0.0421875 0.058333333333333334
0 0.4496875 0.904375 0.040000000000000036 0.05124999999999993
0 0.380859375 0.8572916666666667 0.0328125 0.041666666666666664
0 0.01171875 0.7958333333333333 0.0234375 0.03333333333333333
0 0.66728515625 0.7111979166666667 0.0375 0.05
0 0.9126953125 0.6169270833333333 0.041015625 0.0515625
0 0.98359375 0.209375 0.0328125 0.03958333333333333
0 0.96171875 0.809375 0.0390625 0.05625
0 0.05851261127596439 0.3364521513353116 0.03749999999999999 0.04375
1 0.83125 0.9552083333333333 0.065625 0.08958333333333333
1 0.940625 0.959375 0.06875 0.08125
1 0.09921875 0.4270833333333333 0.1328125 0.17916666666666667
1 0.4390625 0.9520833333333333 0.0875 0.09166666666666666
