0 0.16719335205992508 0.3781367041198502 0.028125 0.041666666666666664
0 0.5303925304878049 0.17756605691056912 0.0390625 0.04375
0 0.5734644396551725 0.14414511494252874 0.0328125 0.035416666666666666
0 0.025 0.375 0.03125 0.041666666666666664
0 0.26639774659863946 0.5667120181405896 0.0328125 0.03333333333333333
0 0.7477732286096257 0.5346702317290553 0.0328125 0.045833333333333275
0 0.44309413580246915 0.9572916666666667 0.03125 0.04375
0 0.672509765625 0.6472005208333333 0.0390625 0.052083333333333336
0 0.4763888888888889 0.978125 0.0359375 0.04375
0 0.2828125 0.8354166666666667 0.040625 0.041666666666666664
0 0.9717366236162361 0.3897332410824108 0.0375 0.06041666666666667
0 0.933116824127907 0.7293786337209303 0.05625 0.06458333333333334
0 0.15440340909090908 0.45274621212121213 0.028125 0.03958333333333333
0 0.5747227546549836 0.9015288426433005 0.025 0.03333333333333333
2 0.08203125 0.16666666666666666 0.025 0.041666666666666664
0 0.7496394230769231 0.049839743589743586 0.0296875 0.03541666666666666
0 0.88015625 0.09273809523809523 0.0265625 0.03333333333333333
0 0.0078125 0.13645833333333332 0.015625 0.027083333333333334
0 0.1484375 0.9885416666666667 0.03125 0.022916666666666665
0 0.08001618122977347 0.3156721952535059 0.0375 0.04375
1 0.83125 0.9552083333333333 0.065625 0.08958333333333333
1 0.940625 0.959375 0.06875 0.08125
1 0.09921875 0.4270833333333333 0.1328125 0.17916666666666667
1 0.4390625 0.9520833333333333 0.0875 0.09166666666666666
