0 0.17148795871559633 0.3463493883792049 0.028125 0.041666666666666664
0 0.13072916666666667 0.1638888888888889 0.03125 0.0375
0 0.5507685467479675 0.18698340108401085 0.0390625 0.04375
0 0.5165678879310345 0.10513649425287357 0.0328125 0.035416666666666666
0 0.025 0.375 0.03125 0.041666666666666664
0 0.2563494318181818 0.5205113636363637 0.0328125 0.033333333333333395
0 0.7549066126692456 0.5333333333333333 0.0328125 0.04583333333333333
0 0.5375 0.878125 0.0265625 0.041666666666666664
0 0.059765625 0.9513020833333333 0.0359375 0.052083333333333336
0 0.099609375 0.8317708333333333 0.0390625 0.052083333333333336
0 0.65234375 0.9447916666666667 0.0359375 0.04375
0 0.2828125 0.8354166666666667 0.040625 0.041666666666666664
0 0.10364583333333333 0.3951388888888889 0.03749999999999999 0.05
0 0.96875 0.5001627604166666 0.0513671875 0.05865885416666667
0 0.9601934523809523 0.7135085978835979 0.0375 0.04375
0 0.91640625 0.5708333333333333 0.0453125 0.058333333333333334
0 0.5752708333333334 0.8943240740740741 0.025 0.03333333333333333
0 0.08816964285714286 0.3104804421768707 0.0375 0.04375
1 0.83125 0.9552083333333333 0.065625 0.08958333333333333
1 0.940625 0.959375 0.06875 0.08125
1 0.10234375 0.4386036706349207 0.12492559523809525 0.17259424603174606
1 0.4349092371323529 0.9483915441176471 0.08749999999999995 0.09166666666666666
