0 0.16632139513108615 0.37639279026217226 0.028125 0.041666666666666664
0 0.5223752248201439 0.18884892086330934 0.0390625 0.04375
0 0.6112379807692307 0.23197115384615383 0.0328125 0.035416666666666666
0 0.025 0.375 0.03125 0.041666666666666664
0 0.26608099489795917 0.5684013605442177 0.0328125 0.03333333333333333
0 0.7440382687165775 0.5363302139037434 0.0328125 0.04583333333333333
0 0.44596836419753083 0.9572916666666667 0.03125 0.04375
0 0.8654602465986395 0.6378188775510204 0.0390625 0.052083333333333336
0 0.5063020833333334 0.9479861111111112 0.0359375 0.04375
0 0.2828125 0.8354166666666667 0.040625 0.041666666666666664
0 0.9600240384615384 0.37600961538461536 0.0375 0.06041666666666667
0 0.9229651162790697 0.733890503875969 0.05625 0.06458333333333334
0 0.015104166666666669 0.2170138888888889 0.028125 0.03958333333333333
0 0.5742127601314349 0.900508853596203 0.025 0.03333333333333333
0 0.54140625 0.022916666666666665 0.0265625 0.03333333333333333
0 0.12109375 0.26145833333333335 0.0359375 0.04791666666666667
0 0.67109375 0.4166666666666667 0.0296875 0.041666666666666664
0 0.1295955882352941 0.8790441176470588 0.059375 0.06666666666666667
0 0.08229166666666668 0.9652777777777778 0.04375000000000001 0.05
0 0.07737914644012946 0.3176813646170442 0.0375 0.04375
1 0.83125 0.9552083333333333 0.065625 0.08958333333333333
1 0.940625 0.959375 0.06875 0.08125
1 0.09921875 0.4270833333333333 0.1328125 0.17916666666666667
1 0.4390625 0.9520833333333333 0.0875 0.09166666666666666
