0 0.16780196629213484 0.37935393258426964 0.028125 0.041666666666666664
0 0.53359375 0.17561331775700934 0.0390625 0.04375
0 0.537109375 0.19479166666666667 0.0328125 0.035416666666666666
0 0.025 0.375 0.03125 0.041666666666666664
0 0.2512852822580645 0.5506720430107527 0.0328125 0.03333333333333333
0 0.7503801804812834 0.5335115864527629 0.0328125 0.045833333333333275
0 0.4421875 0.9597401202749141 0.03125 0.04375
0 0.5593116554054054 0.6345439189189189 0.0390625 0.052083333333333336
0 0.49546875 0.9452083333333333 0.0359375 0.04375
0 0.2828125 0.8354166666666667 0.040625 0.041666666666666664
0 0.9783325645756458 0.39612930504305044 0.0375 0.06041666666666667
0 0.9402025799418604 0.7262294089147286 0.05625 0.06458333333333334
0 0.25 0.5739583333333333 0.028125 0.03958333333333333
0 0.575 0.9025722789115647 0.025 0.03333333333333333
2 0.1496875 0.3375 0.025 0.041666666666666664
0 0.83828125 0.07673611111111112 0.0296875 0.035416666666666666
0 0.08185679611650484 0.31426982200647247 0.03749999999999999 0.04375
1 0.83125 0.9552083333333333 0.065625 0.08958333333333333
1 0.940625 0.959375 0.06875 0.08125
1 0.09921875 0.4270833333333333 0.1328125 0.17916666666666667
1 0.4389677159926471 0.9519990808823529 0.08750000000000005 0.09166666666666666
