0 0.16926605504587156 0.3493119266055046 0.028125 0.041666666666666664
0 0.1184375 0.16958333333333334 0.03125 0.0375
0 0.5499809451219513 0.18724593495934957 0.0390625 0.04375
0 0.53234375 0.10562500000000001 0.03656249999999996 0.04291666666666667
0 0.025 0.375 0.03125 0.041666666666666664
0 0.2567897727272727 0.5213920454545454 0.0328125 0.03333333333333328
0 0.7546255440038685 0.5333333333333333 0.0328125 0.04583333333333333
0 0.53671875 0.8697916666666666 0.0265625 0.041666666666666664
0 0.1022429435483871 0.7858534946236558 0.0390625 0.052083333333333336
0 0.6329687500000001 0.9235416666666667 0.0359375 0.04375
0 0.2828125 0.8354166666666667 0.040625 0.041666666666666664
0 0.08385416666666667 0.34791666666666665 0.03750000000000001 0.05
0 0.9734375 0.49342447916666665 0.053125 0.06041666666666667
0 0.9590401785714286 0.7145337301587301 0.0375 0.04375
0 0.7895833333333334 0.5829861111111112 0.050000000000000086 0.05347222222222226
0 0.5746249999999999 0.8946111111111111 0.025 0.03333333333333333
0 0.09162946428571428 0.31311649659863944 0.03749999999999999 0.04375
1 0.83125 0.9552083333333333 0.065625 0.08958333333333333
1 0.940625 0.959375 0.06875 0.08125
1 0.10234374999999998 0.4407180059523809 0.12723214285714285 0.17451636904761905
1 0.4351763556985294 0.9486289828431372 0.08750000000000005 0.09166666666666666
