ckyw7qq3p002r3867g7ntncq2 0 0.08434851694915255 0.3642302259887006 0.028125 0.04583333333333333
ckyx0p8bu00073p678ma1nwz9 0 0.17362847222222222 0.7045601851851852 0.028923611111111126 0.027361111111111096
ckyx0pf8t000b3p67u6biy0y4 0 0.36382120253164557 0.5770068565400843 0.028125 0.03125
ckyx0pu50000f3p67k0qf8n66 0 0.372332702020202 0.07647306397306397 0.01875 0.030387205387205386
ckyx0q2xm000n3p6724s6mdc7 0 0.7567997685185185 0.20491255144032922 0.02255015432098766 0.03482510288065844
ckyx0qoib000v3p67ci0368q4 0 0.65107421875 0.7497395833333333 0.0248046875 0.0375
ckyx0qtt7000z3p6705syt8ow 0 0.426171875 0.8716145833333333 0.0265625 0.03333333333333333
ckyx2gylk002i3p67md8s90pn 0 0.7921875 0.925 0.021875 0.03333333333333333
ckyx2u8if002m3p67nqz93mnc 0 0.7643229166666667 0.22152777777777777 0.0203125 0.03333333333333333
ckyx38aw2002y3p67lhj2e7qj 0 0.8953125 0.14375 0.0234375 0.03125
ckyx3cplu00363p67n95kdosc 0 0.09066611842105263 0.004166666666666667 0.0171875 0.008333333333333333
