ckyw7qq3p002r3867g7ntncq2 0 0.14763513513513513 0.1459177927927928 0.034375 0.039583333333333345
ckyx0p24500033p676mfyier1 0 0.07890625 0.8822916666666667 0.0203125 0.027083333333333334
ckyx0p8bu00073p678ma1nwz9 0 0.17421875 0.703662109375 0.0328125 0.03125
ckyx0pf8t000b3p67u6biy0y4 0 0.3609375 0.5494237588652483 0.028125 0.03125
ckyx0pu50000f3p67k0qf8n66 0 0.3748487103174603 0.0725132275132275 0.034677579365079356 0.04166666666666666
ckyx0pyml000j3p672kmjurxo 0 0.6398674242424243 0.04621212121212121 0.03125 0.041666666666666664
ckyx0q2xm000n3p6724s6mdc7 0 0.7798828125 0.16927083333333334 0.03125 0.035416666666666666
ckyx0q7mh000r3p67ffu5cr0h 0 0.903125 0.48072916666666665 0.0296875 0.0375
ckyx0qoib000v3p67ci0368q4 0 0.5740624999999999 0.6319444444444444 0.03125 0.0375
ckyx0qtt7000z3p6705syt8ow 0 0.48671875 0.7833333333333333 0.0265625 0.03333333333333333
ckyx0r72g00163p67jwcn3suz 0 0.7560369318181819 0.16089015151515149 0.0234375 0.03125
