ckyw7qq3p002r3867g7ntncq2 0 0.15 0.19834104938271607 0.034375 0.03958333333333333
ckyx0p8bu00073p678ma1nwz9 0 0.17679090142428786 0.7033092828585708 0.03170680284857572 0.030144302848575676
ckyx0pf8t000b3p67u6biy0y4 0 0.36266040874524713 0.5598027566539924 0.028125 0.03125
ckyx0pu50000f3p67k0qf8n66 0 0.36861979166666664 0.07881944444444446 0.0328125 0.04166666666666667
ckyx0q2xm000n3p6724s6mdc7 0 0.77578125 0.18149621212121214 0.0234375 0.035416666666666666
ckyx0q7mh000r3p67ffu5cr0h 0 0.8944196428571429 0.5647321428571428 0.0296875 0.0375
ckyx0qoib000v3p67ci0368q4 0 0.5922341417910448 0.6802860696517413 0.03125 0.0375
ckyx0qtt7000z3p6705syt8ow 0 0.48234374999999996 0.8929166666666667 0.0265625 0.03333333333333333
ckyx1ir2e001e3p67xsx4qrbg 0 0.8927455357142857 0.38720238095238096 0.0296875 0.03333333333333333
ckyx1my69001i3p67ee1tasgm 0 0.16234375 0.979375 0.0265625 0.03125
ckyx1t1c2001q3p6769mv3eh9 0 0.4557291666666667 0.13506944444444444 0.025 0.027083333333333317
