ckyw7qq3p002r3867g7ntncq2 0 0.12640625 0.2920833333333333 0.034375 0.03958333333333333
ckyx0p8bu00073p678ma1nwz9 0 0.17524479947526236 0.7038246501749126 0.02861459895052474 0.027052098950524694
ckyx0pf8t000b3p67u6biy0y4 0 0.3626077586206896 0.5702227011494253 0.028125 0.03125
ckyx0pu50000f3p67k0qf8n66 0 0.3752215485074627 0.07328980099502488 0.030573694029850752 0.04092039800995025
ckyx0q2xm000n3p6724s6mdc7 0 0.7672157379518072 0.19371234939759038 0.0234375 0.035416666666666666
ckyx0q7mh000r3p67ffu5cr0h 0 0.8355113636363637 0.618844696969697 0.0296875 0.0375
ckyx0qoib000v3p67ci0368q4 0 0.6141644021739131 0.6870923913043477 0.03125 0.0375
ckyx0qtt7000z3p6705syt8ow 0 0.35328125 0.765 0.0265625 0.03333333333333333
ckyx1ir2e001e3p67xsx4qrbg 0 0.96015625 0.10916666666666666 0.0296875 0.03333333333333333
ckyx2afup00263p67j6oifbjc 0 0.603125 0.08520833333333333 0.025 0.03125
ckyx2coed002a3p672qervr0q 0 0.17359375 0.9783333333333334 0.0234375 0.029166666666666667
ckyx2d60s002e3p67p51tggne 0 0.051207386363636365 0.3371212121212121 0.0296875 0.03333333333333333
ckyx2gylk002i3p67md8s90pn 0 0.8989062499999999 0.690625 0.0421875 0.04375
