ckyw7qq3p002r3867g7ntncq2 0 0.06528532608695652 0.4472826086956522 0.028125 0.04583333333333333
ckyx0p8bu00073p678ma1nwz9 0 0.17265625 0.702457264957265 0.0328125 0.03125
ckyx0pf8t000b3p67u6biy0y4 0 0.36285996835443035 0.5808517932489451 0.028125 0.03125
ckyx0pu50000f3p67k0qf8n66 0 0.374089068825911 0.07326248313090418 0.01875 0.03333333333333333
ckyx0q2xm000n3p6724s6mdc7 0 0.7551444575471697 0.215625 0.0234375 0.035416666666666666
ckyx0qoib000v3p67ci0368q4 0 0.6927083333333333 0.789699074074074 0.025 0.027083333333333334
ckyx0qtt7000z3p6705syt8ow 0 0.3765625 0.9372685185185186 0.028125 0.03333333333333333
ckyx2u8if002m3p67nqz93mnc 0 0.7741319444444444 0.34456018518518516 0.021875 0.03125
ckyx3cplu00363p67n95kdosc 0 0.08477909482758621 0.031501436781609195 0.0203125 0.018749999999999996
ckyxalijp00033p679rse7nxq 0 0.3290798611111111 0.40752314814814816 0.0234375 0.03125
ckyxaqw1300073p67tv2twa44 0 0.8150173611111111 0.9728009259259259 0.0234375 0.03125
ckyxaz1ye000f3p67ejlkg8pi 0 0.16223958333333335 0.9788194444444444 0.024479166666666673 0.027083333333333334
