ckyw7qq3p002r3867g7ntncq2 0 0.14767736486486488 0.14574887387387386 0.034375 0.03958333333333332
ckyx0p24500033p676mfyier1 0 0.07779017857142857 0.8849702380952381 0.0203125 0.027083333333333334
ckyx0p8bu00073p678ma1nwz9 0 0.17421875 0.7036458333333333 0.0328125 0.03125
ckyx0pf8t000b3p67u6biy0y4 0 0.3609375 0.549357269503546 0.028125 0.03125
ckyx0pu50000f3p67k0qf8n66 0 0.37484375000000003 0.0725 0.03468749999999998 0.04166666666666666
ckyx0pyml000j3p672kmjurxo 0 0.6397727272727273 0.046259469696969695 0.03125 0.041666666666666664
ckyx0q2xm000n3p6724s6mdc7 0 0.7799072265625 0.16920572916666668 0.0314453125 0.035416666666666666
ckyx0q7mh000r3p67ffu5cr0h 0 0.90322265625 0.48040364583333334 0.0296875 0.0375
ckyx0qoib000v3p67ci0368q4 0 0.57375 0.63125 0.03125 0.0375
ckyx0qtt7000z3p6705syt8ow 0 0.4860491071428571 0.781547619047619 0.0265625 0.03333333333333333
ckyx0r72g00163p67jwcn3suz 0 0.7593039772727272 0.16335227272727273 0.0234375 0.03125
