ckyw7qq3p002r3867g7ntncq2 0 0.06994047619047619 0.39791666666666664 0.023363095238095245 0.04265873015873017
ckyx0p8bu00073p678ma1nwz9 0 0.17271180555555557 0.7051712962962963 0.03259027777777777 0.031027777777777744
ckyx0pf8t000b3p67u6biy0y4 0 0.3632990506329114 0.5790954641350211 0.028125 0.03125
ckyx0pu50000f3p67k0qf8n66 0 0.3733743686868687 0.07508417508417509 0.01875 0.03316498316498317
ckyx0q2xm000n3p6724s6mdc7 0 0.75546875 0.2110309829059829 0.0234375 0.035416666666666666
ckyx0qoib000v3p67ci0368q4 0 0.64234375 0.77625 0.025937499999999947 0.029166666666666667
ckyx0qtt7000z3p6705syt8ow 0 0.34828125 0.7829166666666667 0.0265625 0.03333333333333333
ckyx2u8if002m3p67nqz93mnc 0 0.9640625 0.4791666666666667 0.019791666666666784 0.03333333333333333
ckyx3cplu00363p67n95kdosc 0 0.08700284090909091 0.016950757575757577 0.0203125 0.01875
ckyxalijp00033p679rse7nxq 0 0.08046875 0.390625 0.0234375 0.03125
ckyxaqw1300073p67tv2twa44 0 0.62421875 0.8439903846153847 0.0234375 0.03125
