ckyw7qq3p002r3867g7ntncq2 0 0.09742005813953489 0.33275193798449615 0.02812500000000001 0.04583333333333333
ckyx0p8bu00073p678ma1nwz9 0 0.17439678598200897 0.7041073213393304 0.02691857196401799 0.025356071964018057
ckyx0pf8t000b3p67u6biy0y4 0 0.36369133141762455 0.5745569923371647 0.028125 0.03125
ckyx0pu50000f3p67k0qf8n66 0 0.3726254618226601 0.07608271756978653 0.021251539408866992 0.03250205254515599
ckyx0q2xm000n3p6724s6mdc7 0 0.7603665865384615 0.20478766025641024 0.0234375 0.035416666666666666
ckyx0qoib000v3p67ci0368q4 0 0.59921875 0.7854166666666667 0.0234375 0.0375
ckyx0qtt7000z3p6705syt8ow 0 0.33055098684210527 0.85625 0.0265625 0.03333333333333333
ckyx2gylk002i3p67md8s90pn 0 0.63046875 0.74375 0.021875 0.03333333333333333
ckyx2u8if002m3p67nqz93mnc 0 0.8175575657894736 0.5551535087719298 0.0203125 0.03333333333333333
ckyx2xnzm002q3p67zdo7t656 0 0.1578125 0.9947916666666666 0.025 0.010416666666666666
ckyx2xxxr002u3p67ogf9zbkf 0 0.08400493421052632 0.5986293859649123 0.0265625 0.034100877192982534
