ckyw7qq3p002r3867g7ntncq2 0 0.15167410714285715 0.2080357142857143 0.034375 0.03958333333333333
ckyx0p8bu00073p678ma1nwz9 0 0.17662223575712144 0.7033655047476262 0.03136947151424287 0.029806971514242876
ckyx0pf8t000b3p67u6biy0y4 0 0.36308816539923955 0.5609434410646388 0.028125 0.03125
ckyx0pu50000f3p67k0qf8n66 0 0.36879656456953647 0.07850441501103753 0.0328125 0.04166666666666667
ckyx0q2xm000n3p6724s6mdc7 0 0.7748645833333334 0.1835138888888889 0.0234375 0.035416666666666666
ckyx0q7mh000r3p67ffu5cr0h 0 0.88709375 0.5862499999999999 0.0296875 0.0375
ckyx0qoib000v3p67ci0368q4 0 0.5890056818181818 0.6753787878787879 0.03125 0.0375
ckyx0qtt7000z3p6705syt8ow 0 0.4392755681818182 0.9314393939393939 0.0265625 0.03333333333333333
ckyx1ir2e001e3p67xsx4qrbg 0 0.79984375 0.45958333333333334 0.0296875 0.03333333333333333
ckyx1t1c2001q3p6769mv3eh9 0 0.6212500000000001 0.19125 0.03125 0.03333333333333333
