ckyw7qq3p002r3867g7ntncq2 0 0.14292210820895523 0.12739427860696517 0.0421875 0.04166666666666665
ckyx0p24500033p676mfyier1 0 0.17734375 0.8916666666666667 0.028125 0.0375
ckyx0p8bu00073p678ma1nwz9 0 0.17763671875 0.7002604166666667 0.03125 0.04375
ckyx0pf8t000b3p67u6biy0y4 0 0.3624348958333333 0.5449652777777777 0.028125 0.03124999999999994
ckyx0pu50000f3p67k0qf8n66 0 0.3742435515873016 0.07089947089947089 0.03588789682539684 0.041666666666666664
ckyx0pyml000j3p672kmjurxo 0 0.6283143939393939 0.05198863636363636 0.03125 0.041666666666666664
ckyx0q2xm000n3p6724s6mdc7 0 0.7819554004854369 0.16176173139158576 0.0359375 0.035416666666666666
ckyx0q7mh000r3p67ffu5cr0h 0 0.91171875 0.41512096774193546 0.0296875 0.0375
ckyx0qoib000v3p67ci0368q4 0 0.5813100961538462 0.6068910256410257 0.0234375 0.0375
ckyx0qtt7000z3p6705syt8ow 0 0.38359375 0.7989583333333333 0.0265625 0.03333333333333333
ckyx0qy2400123p679dgysr4y 0 0.23828125 0.9755208333333333 0.0359375 0.030208333333333334
ckyx0r72g00163p67jwcn3suz 0 0.73046875 0.35625 0.028125 0.0375
ckyx0sop6001a3p674my7phj1 0 0.1703125 0.965625 0.0234375 0.03333333333333333
