ckyw7qq3p002r3867g7ntncq2 0 0.134375 0.26429924242424246 0.034375 0.039583333333333366
ckyx0p8bu00073p678ma1nwz9 0 0.17561492691154423 0.7037012743628186 0.029354853823088466 0.027792353823088454
ckyx0pf8t000b3p67u6biy0y4 0 0.36299130154639175 0.5678264604810997 0.028125 0.03125
ckyx0pu50000f3p67k0qf8n66 0 0.37435844370860927 0.07405491169977925 0.0328125 0.041666666666666664
ckyx0q2xm000n3p6724s6mdc7 0 0.76796875 0.1912702802359882 0.0234375 0.035416666666666666
ckyx0q7mh000r3p67ffu5cr0h 0 0.8452665441176471 0.6154411764705883 0.0296875 0.0375
ckyx0qoib000v3p67ci0368q4 0 0.6140625 0.7479166666666667 0.03125 0.0375
ckyx0qtt7000z3p6705syt8ow 0 0.36484375 0.9020833333333333 0.0265625 0.03333333333333333
ckyx1ir2e001e3p67xsx4qrbg 0 0.73328125 0.05166666666666666 0.0296875 0.033333333333333326
ckyx22w4p001y3p67emdd4c89 0 0.6729166666666667 0.9746527777777777 0.034375 0.035416666666666666
ckyx2afup00263p67j6oifbjc 0 0.328125 0.07354166666666666 0.025 0.031249999999999993
