ckyw7qq3p002r3867g7ntncq2 0 0.0847457627118644 0.3632768361581921 0.028125 0.04583333333333333
ckyx0p8bu00073p678ma1nwz9 0 0.17364930555555555 0.7045462962962963 0.028840277777777777 0.02727777777777772
ckyx0pf8t000b3p67u6biy0y4 0 0.36383306962025314 0.5769593881856541 0.028125 0.03125
ckyx0pu50000f3p67k0qf8n66 0 0.37230902777777775 0.07650462962962963 0.01875 0.030324074074074076
ckyx0q2xm000n3p6724s6mdc7 0 0.7569733796296296 0.20487397119341563 0.022434413580246913 0.03474794238683128
ckyx0qoib000v3p67ci0368q4 0 0.6537109375 0.7536458333333333 0.027734375 0.0375
ckyx0qtt7000z3p6705syt8ow 0 0.4296875 0.8661458333333333 0.0265625 0.03333333333333333
ckyx2gylk002i3p67md8s90pn 0 0.7859375 0.9145833333333333 0.025 0.029166666666666667
ckyx2u8if002m3p67nqz93mnc 0 0.7611979166666667 0.22569444444444445 0.0203125 0.03333333333333333
ckyx38aw2002y3p67lhj2e7qj 0 0.90859375 0.14895833333333333 0.0234375 0.03125
ckyx3cplu00363p67n95kdosc 0 0.09115953947368421 0.004166666666666667 0.0171875 0.008333333333333333
