ckyw7qq3p002r3867g7ntncq2 0 0.1484375 0.16247783687943265 0.034375 0.03958333333333333
ckyx0p24500033p676mfyier1 0 0.1546875 0.9927083333333333 0.021875 0.014583333333333334
ckyx0p8bu00073p678ma1nwz9 0 0.17421875 0.70498046875 0.0328125 0.03125
ckyx0pf8t000b3p67u6biy0y4 0 0.3609375 0.5548093971631206 0.028125 0.03125
ckyx0pu50000f3p67k0qf8n66 0 0.37525049603174604 0.07358465608465609 0.033874007936507945 0.04166666666666667
ckyx0q2xm000n3p6724s6mdc7 0 0.7775716145833333 0.1736545138888889 0.0234375 0.035416666666666666
ckyx0q7mh000r3p67ffu5cr0h 0 0.9063020833333333 0.5138888888888888 0.0296875 0.0375
ckyx0qoib000v3p67ci0368q4 0 0.5867021276595745 0.6697251773049646 0.03125 0.0375
ckyx0qtt7000z3p6705syt8ow 0 0.42570684523809527 0.8404761904761905 0.0265625 0.03333333333333333
ckyx1ir2e001e3p67xsx4qrbg 0 0.8546875 0.015625 0.0296875 0.025
