ckyw7qq3p002r3867g7ntncq2 0 0.14163945895522387 0.13594527363184078 0.0421875 0.04166666666666665
ckyx0p24500033p676mfyier1 0 0.13794642857142858 0.9852678571428571 0.028125 0.0252976190476191
ckyx0p8bu00073p678ma1nwz9 0 0.17524038461538463 0.703125 0.03213141025641024 0.036698717948718006
ckyx0pf8t000b3p67u6biy0y4 0 0.36171875 0.546875 0.028125 0.03125
ckyx0pu50000f3p67k0qf8n66 0 0.3745163690476191 0.07162698412698412 0.035342261904761904 0.041666666666666664
ckyx0pyml000j3p672kmjurxo 0 0.6335227272727273 0.0493844696969697 0.03125 0.041666666666666664
ckyx0q2xm000n3p6724s6mdc7 0 0.7811210558252427 0.16509911003236247 0.0359375 0.035416666666666666
ckyx0q7mh000r3p67ffu5cr0h 0 0.9102678571428571 0.4400297619047619 0.0296875 0.0375
ckyx0qoib000v3p67ci0368q4 0 0.5710129310344827 0.6048132183908046 0.03125 0.0375
ckyx0qtt7000z3p6705syt8ow 0 0.4184375 0.7183333333333334 0.0265625 0.03333333333333333
ckyx0r72g00163p67jwcn3suz 0 0.910546875 0.35208333333333336 0.028125 0.0375
ckyx0sop6001a3p674my7phj1 0 0.10807291666666667 0.8010416666666667 0.02343750000000001 0.03333333333333333
