ckyw7qq3p002r3867g7ntncq2 0 0.14196595149253732 0.1337686567164179 0.0421875 0.041666666666666664
ckyx0p24500033p676mfyier1 0 0.165625 0.959375 0.028125 0.0375
ckyx0p8bu00073p678ma1nwz9 0 0.1756610576923077 0.703125 0.03185096153846154 0.03894230769230778
ckyx0pf8t000b3p67u6biy0y4 0 0.3619010416666667 0.5463888888888888 0.028125 0.03124999999999994
ckyx0pu50000f3p67k0qf8n66 0 0.37444692460317464 0.07144179894179895 0.03548115079365077 0.041666666666666664
ckyx0pyml000j3p672kmjurxo 0 0.6321969696969697 0.050047348484848486 0.03125 0.041666666666666664
ckyx0q2xm000n3p6724s6mdc7 0 0.7813334344660194 0.16424959546925566 0.0359375 0.035416666666666666
ckyx0q7mh000r3p67ffu5cr0h 0 0.9128216911764706 0.4302696078431373 0.0296875 0.0375
ckyx0qoib000v3p67ci0368q4 0 0.5738970588235295 0.6066176470588236 0.03125 0.0375
ckyx0qtt7000z3p6705syt8ow 0 0.3998046875 0.7236979166666667 0.0265625 0.03333333333333333
ckyx0r72g00163p67jwcn3suz 0 0.88125 0.4125 0.028125 0.0375
ckyx0sop6001a3p674my7phj1 0 0.12703124999999998 0.8333333333333334 0.0234375 0.03333333333333333
