ckyw7qq3p002r3867g7ntncq2 0 0.025607638888888888 0.5201388888888889 0.0171875 0.047916666666666725
ckyx0p8bu00073p678ma1nwz9 0 0.17119140625 0.7021484375 0.0265625 0.025
ckyx0pf8t000b3p67u6biy0y4 0 0.36484375 0.5848628691983122 0.0234375 0.025
ckyx0pu50000f3p67k0qf8n66 0 0.373838141025641 0.07393162393162393 0.01875 0.03023504273504274
ckyx0q2xm000n3p6724s6mdc7 0 0.7491319444444444 0.22199074074074074 0.0203125 0.03125
ckyx0qoib000v3p67ci0368q4 0 0.70703125 0.8486111111111111 0.0203125 0.03333333333333333
ckyx0qtt7000z3p6705syt8ow 0 0.38541666666666663 0.9072916666666667 0.021875 0.03125
ckyx2u8if002m3p67nqz93mnc 0 0.8453125 0.5694444444444444 0.021875 0.025
ckyx3cplu00363p67n95kdosc 0 0.07430555555555556 0.05856481481481482 0.0203125 0.02500000000000001
ckyxalijp00033p679rse7nxq 0 0.17880859375 0.25390625 0.0294921875 0.027083333333333334
ckyxba69s000n3p677mfwc360 0 0.833984375 0.9546875 0.01875 0.03958333333333333
