ckyw7qq3p002r3867g7ntncq2 0 0.02705078125 0.5147135416666667 0.0171875 0.04791666666666667
ckyx0p8bu00073p678ma1nwz9 0 0.17251918859649124 0.7020833333333333 0.0265625 0.025
ckyx0pf8t000b3p67u6biy0y4 0 0.36484375 0.5841508438818566 0.0234375 0.025
ckyx0pu50000f3p67k0qf8n66 0 0.37437900641025645 0.07248931623931625 0.01875 0.031677350427350426
ckyx0q2xm000n3p6724s6mdc7 0 0.7499314692982456 0.22092470760233918 0.0203125 0.03125
ckyx0qoib000v3p67ci0368q4 0 0.68828125 0.8540123456790123 0.02482638888888893 0.02129629629629619
ckyx0qtt7000z3p6705syt8ow 0 0.3775 0.8333333333333334 0.021875 0.025
ckyx2u8if002m3p67nqz93mnc 0 0.9292317708333332 0.5513020833333333 0.017317708333333393 0.028993055555555477
ckyx3cplu00363p67n95kdosc 0 0.07493146929824561 0.05548245614035088 0.0203125 0.02500000000000001
ckyxalijp00033p679rse7nxq 0 0.09526654411764705 0.26776960784313725 0.021966911764705888 0.03259803921568626
ckyxba69s000n3p677mfwc360 0 0.8287109375 0.8598090277777778 0.020182291666666786 0.025520833333333333
ckyxblgcu000r3p672kuta582 0 0.51046875 0.99375 0.0171875 0.0125
