ckyw7qq3p002r3867g7ntncq2 0 0.055078125 0.4609375 0.021875 0.04583333333333333
ckyx0p8bu00073p678ma1nwz9 0 0.17281078296703298 0.7011446886446887 0.032194368131868135 0.030631868131868127
ckyx0pf8t000b3p67u6biy0y4 0 0.3626147151898734 0.581832805907173 0.028125 0.03125
ckyx0pu50000f3p67k0qf8n66 0 0.3744812753036437 0.0722165991902834 0.01875 0.03333333333333333
ckyx0q2xm000n3p6724s6mdc7 0 0.7525716145833333 0.2174045138888889 0.0234375 0.035416666666666666
ckyx0qoib000v3p67ci0368q4 0 0.670546875 0.74625 0.028281249999999945 0.03333333333333333
ckyx0qtt7000z3p6705syt8ow 0 0.3056640625 0.8932291666666666 0.02578125 0.03333333333333333
ckyx2u8if002m3p67nqz93mnc 0 0.90029296875 0.21614583333333334 0.021875 0.027083333333333334
ckyx3cplu00363p67n95kdosc 0 0.07890625 0.039 0.0203125 0.024999999999999998
ckyxalijp00033p679rse7nxq 0 0.22421875 0.5479166666666667 0.0265625 0.03333333333333333
ckyxba69s000n3p677mfwc360 0 0.67421875 0.984375 0.0234375 0.022916666666666665
