ckyw7qq3p002r3867g7ntncq2 0 0.07276785714285713 0.38630952380952377 0.028125 0.04583333333333333
ckyx0p8bu00073p678ma1nwz9 0 0.17305208333333333 0.7049444444444445 0.031229166666666662 0.029666666666666685
ckyx0pf8t000b3p67u6biy0y4 0 0.3634928797468354 0.5783201476793248 0.028125 0.03125
ckyx0pu50000f3p67k0qf8n66 0 0.3729876893939394 0.07559974747474747 0.01875 0.03213383838383839
ckyx0q2xm000n3p6724s6mdc7 0 0.75546875 0.20841346153846152 0.0234375 0.035416666666666666
ckyx0qoib000v3p67ci0368q4 0 0.62109375 0.746875 0.0296875 0.0375
ckyx0qtt7000z3p6705syt8ow 0 0.3305266203703704 0.8935956790123457 0.0265625 0.03333333333333333
ckyx2u8if002m3p67nqz93mnc 0 0.98671875 0.30833333333333335 0.0203125 0.03333333333333333
ckyx3cplu00363p67n95kdosc 0 0.08899396929824561 0.012353801169590643 0.0203125 0.018274853801169593
ckyx3ekcp003a3p673f2dlz95 0 0.9479166666666666 0.048263888888888884 0.025 0.034027777777777775
ckyxalijp00033p679rse7nxq 0 0.046875 0.6166666666666667 0.0234375 0.03125
