ckyw7qq3p002r3867g7ntncq2 0 0.025260416666666667 0.5208333333333334 0.0171875 0.04791666666666667
ckyx0p8bu00073p678ma1nwz9 0 0.17138671875 0.7022786458333333 0.0265625 0.025
ckyx0pf8t000b3p67u6biy0y4 0 0.36484375 0.5849156118143459 0.0234375 0.025
ckyx0pu50000f3p67k0qf8n66 0 0.3737980769230769 0.07403846153846153 0.01875 0.030128205128205125
ckyx0q2xm000n3p6724s6mdc7 0 0.7489583333333333 0.22222222222222224 0.0203125 0.03125
ckyx0qoib000v3p67ci0368q4 0 0.70390625 0.8458333333333333 0.0203125 0.03333333333333333
ckyx0qtt7000z3p6705syt8ow 0 0.384375 0.9072916666666667 0.021875 0.03125
ckyx2u8if002m3p67nqz93mnc 0 0.8390625 0.5666666666666667 0.021875 0.025
ckyx3cplu00363p67n95kdosc 0 0.07447916666666667 0.05902777777777778 0.0203125 0.02500000000000001
ckyxalijp00033p679rse7nxq 0 0.18486328125 0.25546875 0.0291015625 0.027083333333333334
ckyxba69s000n3p677mfwc360 0 0.833203125 0.9619791666666667 0.01875 0.03958333333333333
