ckyw7qq3p002r3867g7ntncq2 0 0.15179924242424242 0.17964015151515153 0.034375 0.03958333333333333
ckyx0p8bu00073p678ma1nwz9 0 0.17717039917541227 0.7031827836081959 0.032465798350824596 0.03090329835082457
ckyx0pf8t000b3p67u6biy0y4 0 0.3616979562737642 0.557236216730038 0.028125 0.03125
ckyx0pu50000f3p67k0qf8n66 0 0.37559771825396826 0.07451058201058201 0.03317956349206348 0.041666666666666664
ckyx0q2xm000n3p6724s6mdc7 0 0.77578125 0.17689393939393938 0.0234375 0.035416666666666666
ckyx0q7mh000r3p67ffu5cr0h 0 0.9095880681818181 0.543844696969697 0.0296875 0.03750000000000006
ckyx0qoib000v3p67ci0368q4 0 0.5977864583333333 0.687673611111111 0.03125 0.0375
ckyx0qtt7000z3p6705syt8ow 0 0.43671875 0.76875 0.0265625 0.03333333333333333
ckyx1ir2e001e3p67xsx4qrbg 0 0.96328125 0.21770833333333334 0.0296875 0.03333333333333333
ckyx1my69001i3p67ee1tasgm 0 0.0921875 0.903125 0.021875 0.022916666666666665
