ckyw7qq3p002r3867g7ntncq2 0 0.1046875 0.325 0.028125 0.04583333333333333
ckyx0p8bu00073p678ma1nwz9 0 0.17458419227886057 0.7040448525737131 0.027293384557721144 0.025730884557721132
ckyx0pf8t000b3p67u6biy0y4 0 0.36345186781609196 0.5735991379310346 0.028125 0.03125
ckyx0pu50000f3p67k0qf8n66 0 0.37308728448275863 0.07546695402298849 0.022790948275862054 0.03455459770114942
ckyx0q2xm000n3p6724s6mdc7 0 0.7615685096153846 0.20238381410256412 0.0234375 0.035416666666666666
ckyx0q7mh000r3p67ffu5cr0h 0 0.990625 0.5989583333333334 0.01875 0.035416666666666666
ckyx0qoib000v3p67ci0368q4 0 0.60390625 0.7541666666666667 0.0234375 0.0375
ckyx0qtt7000z3p6705syt8ow 0 0.38046875 0.91875 0.0265625 0.03333333333333333
ckyx2gylk002i3p67md8s90pn 0 0.60625 0.825 0.021875 0.03333333333333333
ckyx2u8if002m3p67nqz93mnc 0 0.93828125 0.5333333333333333 0.0203125 0.03333333333333333
ckyx2xnzm002q3p67zdo7t656 0 0.07890625 0.9875 0.0234375 0.020833333333333332
ckyx2xxxr002u3p67ogf9zbkf 0 0.00546875 0.6458333333333334 0.0109375 0.0375
