ckyw7qq3p002r3867g7ntncq2 0 0.065625 0.39791666666666664 0.028125 0.04583333333333333
ckyx0p8bu00073p678ma1nwz9 0 0.17286458333333332 0.7050694444444444 0.03197916666666665 0.030416666666666713
ckyx0pf8t000b3p67u6biy0y4 0 0.3633860759493671 0.5787473628691983 0.028125 0.03125
ckyx0pu50000f3p67k0qf8n66 0 0.37320075757575755 0.07531565656565657 0.01875 0.0327020202020202
ckyx0q2xm000n3p6724s6mdc7 0 0.75546875 0.20985576923076923 0.0234375 0.035416666666666666
ckyx0qoib000v3p67ci0368q4 0 0.61328125 0.7729166666666667 0.0296875 0.0375
ckyx0qtt7000z3p6705syt8ow 0 0.32734375 0.83125 0.0265625 0.03333333333333333
ckyx2u8if002m3p67nqz93mnc 0 0.9921875 0.41111111111111115 0.015625 0.025
ckyx3cplu00363p67n95kdosc 0 0.08778409090909091 0.014867424242424243 0.0203125 0.01875
ckyxalijp00033p679rse7nxq 0 0.07109375 0.509375 0.0234375 0.03125
ckyxaqw1300073p67tv2twa44 0 0.61015625 0.934375 0.0234375 0.03125
