ckyw7qq3p002r3867g7ntncq2 0 0.03511513157894737 0.487609649122807 0.018421052631578942 0.04736842105263162
ckyx0p8bu00073p678ma1nwz9 0 0.17413289835164836 0.7020260989010989 0.02690590659340659 0.02534340659340657
ckyx0pf8t000b3p67u6biy0y4 0 0.36462264150943396 0.5832350628930817 0.023879716981132094 0.025589622641509397
ckyx0pu50000f3p67k0qf8n66 0 0.37496837044534415 0.07091767881241566 0.01875 0.03333333333333333
ckyx0q2xm000n3p6724s6mdc7 0 0.7508854166666666 0.21965277777777778 0.02052083333333332 0.03152777777777779
ckyx0qoib000v3p67ci0368q4 0 0.6515625 0.8338541666666667 0.025 0.030208333333333334
ckyx0qtt7000z3p6705syt8ow 0 0.33167613636363635 0.8057765151515152 0.021875 0.027840909090909114
ckyx2u8if002m3p67nqz93mnc 0 0.99296875 0.44479166666666664 0.0140625 0.022916666666666665
ckyx3cplu00363p67n95kdosc 0 0.0761623475609756 0.05132113821138211 0.0203125 0.025
ckyxalijp00033p679rse7nxq 0 0.03686079545454545 0.3893939393939394 0.023153409090909093 0.03333333333333333
ckyxba69s000n3p677mfwc360 0 0.7640625 0.7723958333333333 0.0203125 0.028125
ckyxblgcu000r3p672kuta582 0 0.537890625 0.9947916666666666 0.01875 0.010416666666666666
