ckyw7qq3p002r3867g7ntncq2 0 0.049687499999999996 0.47638888888888886 0.021874999999999995 0.04583333333333333
ckyx0p8bu00073p678ma1nwz9 0 0.17344608516483517 0.7015682234432234 0.02965315934065933 0.028090659340659366
ckyx0pf8t000b3p67u6biy0y4 0 0.36285377358490567 0.5824488993710693 0.02741745283018866 0.03030660377358494
ckyx0pu50000f3p67k0qf8n66 0 0.3747153340080972 0.07159244264507422 0.01875 0.03333333333333333
ckyx0q2xm000n3p6724s6mdc7 0 0.75171875 0.2185416666666667 0.02218749999999998 0.03375000000000001
ckyx0qoib000v3p67ci0368q4 0 0.6479166666666667 0.7923611111111111 0.025 0.03333333333333333
ckyx0qtt7000z3p6705syt8ow 0 0.30379464285714286 0.825 0.021875 0.03333333333333333
ckyx2u8if002m3p67nqz93mnc 0 0.98125 0.296875 0.021875 0.027083333333333334
ckyx3cplu00363p67n95kdosc 0 0.07890625 0.04516666666666667 0.0203125 0.025
ckyxalijp00033p679rse7nxq 0 0.11819196428571428 0.5321428571428571 0.0265625 0.033333333333333395
ckyxba69s000n3p677mfwc360 0 0.681640625 0.840625 0.02109375 0.029166666666666667
