ckyw7qq3p002r3867g7ntncq2 0 0.15095663265306122 0.22493622448979594 0.034375 0.03958333333333333
ckyx0p8bu00073p678ma1nwz9 0 0.1763411263118441 0.7034592078960519 0.030807252623688153 0.029244752623688086
ckyx0pf8t000b3p67u6biy0y4 0 0.36380109315589354 0.5628445817490494 0.028125 0.03125
ckyx0pu50000f3p67k0qf8n66 0 0.3703487168874172 0.07726269315673288 0.0328125 0.04166666666666666
ckyx0q2xm000n3p6724s6mdc7 0 0.7722833806818181 0.18662405303030302 0.0234375 0.035416666666666666
ckyx0q7mh000r3p67ffu5cr0h 0 0.8846127717391304 0.6125452898550725 0.0296875 0.0375
ckyx0qoib000v3p67ci0368q4 0 0.5879971590909091 0.6867424242424243 0.03125 0.0375
ckyx0qtt7000z3p6705syt8ow 0 0.3875 0.8645833333333334 0.0265625 0.03333333333333333
ckyx1ir2e001e3p67xsx4qrbg 0 0.6808159722222222 0.4349537037037037 0.0296875 0.03333333333333333
ckyx1z2ha001u3p671pqv1qma 0 0.07671875 0.9491666666666667 0.0203125 0.029166666666666667
