ckyw7qq3p002r3867g7ntncq2 0 0.08567266949152542 0.3610522598870057 0.028125 0.04583333333333333
ckyx0p8bu00073p678ma1nwz9 0 0.17369791666666665 0.7045138888888889 0.028645833333333325 0.027083333333333334
ckyx0pf8t000b3p67u6biy0y4 0 0.36386075949367086 0.5768486286919832 0.028125 0.03125
ckyx0pu50000f3p67k0qf8n66 0 0.3722537878787879 0.07657828282828283 0.01875 0.030176767676767677
ckyx0q2xm000n3p6724s6mdc7 0 0.7573784722222222 0.20478395061728397 0.022164351851851904 0.034567901234567905
ckyx0qoib000v3p67ci0368q4 0 0.66015625 0.7520833333333333 0.0203125 0.0375
ckyx0qtt7000z3p6705syt8ow 0 0.42979910714285713 0.8508928571428572 0.0265625 0.03333333333333333
ckyx2gylk002i3p67md8s90pn 0 0.8041015625 0.9018229166666667 0.021875 0.03333333333333333
ckyx2u8if002m3p67nqz93mnc 0 0.7515625 0.24479166666666666 0.0203125 0.03333333333333333
ckyx38aw2002y3p67lhj2e7qj 0 0.9349609375 0.14947916666666666 0.0234375 0.03125
ckyx3cplu00363p67n95kdosc 0 0.0923108552631579 0.004166666666666667 0.0171875 0.008333333333333333
