ckyw7qq3p002r3867g7ntncq2 0 0.15 0.19120370370370368 0.034375 0.03958333333333333
ckyx0p8bu00073p678ma1nwz9 0 0.17696425224887555 0.7032514992503748 0.03205350449775113 0.030491004497751106
ckyx0pf8t000b3p67u6biy0y4 0 0.36222076996197716 0.5586303865652725 0.028125 0.03125
ckyx0pu50000f3p67k0qf8n66 0 0.3746419270833333 0.07560763888888888 0.0328125 0.04166666666666666
ckyx0q2xm000n3p6724s6mdc7 0 0.77578125 0.17939393939393938 0.0234375 0.035416666666666666
ckyx0q7mh000r3p67ffu5cr0h 0 0.9018973214285714 0.5547619047619048 0.0296875 0.0375
ckyx0qoib000v3p67ci0368q4 0 0.5954649390243902 0.6862296747967479 0.03125 0.0375
ckyx0qtt7000z3p6705syt8ow 0 0.49520089285714286 0.8232142857142858 0.0265625 0.03333333333333333
ckyx1ir2e001e3p67xsx4qrbg 0 0.9333705357142857 0.34285714285714286 0.0296875 0.03333333333333333
ckyx1my69001i3p67ee1tasgm 0 0.12109375 0.9147321428571428 0.0265625 0.03125
ckyx1t1c2001q3p6769mv3eh9 0 0.35703125 0.026041666666666668 0.0203125 0.022916666666666665
