ckyw7qq3p002r3867g7ntncq2 0 0.09340277777777779 0.34502314814814816 0.023263888888888896 0.04745370370370369
ckyx0p8bu00073p678ma1nwz9 0 0.1742048611111111 0.7041759259259259 0.026618055555555565 0.025055555555555505
ckyx0pf8t000b3p67u6biy0y4 0 0.3639307950191571 0.575514846743295 0.028125 0.03125
ckyx0pu50000f3p67k0qf8n66 0 0.37216363916256157 0.07669848111658456 0.01971213054187193 0.030449507389162567
ckyx0q2xm000n3p6724s6mdc7 0 0.76015625 0.20461566091954023 0.02165948275862064 0.03423132183908046
ckyx0qoib000v3p67ci0368q4 0 0.61328125 0.7785714285714285 0.02700892857142865 0.03392857142857141
ckyx0qtt7000z3p6705syt8ow 0 0.34640624999999997 0.7720833333333333 0.0265625 0.03333333333333333
ckyx2gylk002i3p67md8s90pn 0 0.7411458333333333 0.6833333333333333 0.021875 0.031944444444444525
ckyx2u8if002m3p67nqz93mnc 0 0.7360491071428571 0.47440476190476194 0.0203125 0.03333333333333333
ckyx2xxxr002u3p67ogf9zbkf 0 0.05591517857142857 0.40907738095238094 0.0265625 0.035416666666666666
