ckyw7qq3p002r3867g7ntncq2 0 0.1329861111111111 0.27650462962962963 0.034375 0.03958333333333333
ckyx0p8bu00073p678ma1nwz9 0 0.1755399643928036 0.7037262618690654 0.02920492878560719 0.027642428785607246
ckyx0pf8t000b3p67u6biy0y4 0 0.3628624355670103 0.5683419243986254 0.028125 0.03125
ckyx0pu50000f3p67k0qf8n66 0 0.37477235099337747 0.07372378587196468 0.0328125 0.04166666666666667
ckyx0q2xm000n3p6724s6mdc7 0 0.76796875 0.19186025073746313 0.0234375 0.035416666666666666
ckyx0q7mh000r3p67ffu5cr0h 0 0.8418749999999999 0.6164583333333333 0.0296875 0.0375
ckyx0qoib000v3p67ci0368q4 0 0.6128125 0.7202083333333333 0.03125 0.0375
ckyx0qtt7000z3p6705syt8ow 0 0.35078125 0.8985416666666667 0.0265625 0.03333333333333333
ckyx1ir2e001e3p67xsx4qrbg 0 0.7924107142857142 0.032440476190476186 0.029687499999999912 0.03333333333333333
ckyx2afup00263p67j6oifbjc 0 0.35494791666666664 0.10572916666666667 0.025 0.03125
ckyx2coed002a3p672qervr0q 0 0.06328125 0.9604166666666667 0.0234375 0.029166666666666667
ckyx2d60s002e3p67p51tggne 0 0.009375 0.5986979166666667 0.01875 0.0296875
