ckyw7qq3p002r3867g7ntncq2 0 0.1475929054054054 0.14608671171171173 0.034375 0.039583333333333345
ckyx0p24500033p676mfyier1 0 0.0810546875 0.8817708333333333 0.0203125 0.027083333333333334
ckyx0p8bu00073p678ma1nwz9 0 0.17421875 0.7036783854166667 0.0328125 0.03125
ckyx0pf8t000b3p67u6biy0y4 0 0.3609375 0.5494902482269504 0.028125 0.03125
ckyx0pu50000f3p67k0qf8n66 0 0.37485367063492064 0.07252645502645502 0.034667658730158736 0.04166666666666666
ckyx0pyml000j3p672kmjurxo 0 0.6399621212121211 0.04616477272727272 0.03125 0.04166666666666666
ckyx0q2xm000n3p6724s6mdc7 0 0.7798583984375 0.1693359375 0.0310546875 0.035416666666666666
ckyx0q7mh000r3p67ffu5cr0h 0 0.90302734375 0.4810546875 0.0296875 0.0375
ckyx0qoib000v3p67ci0368q4 0 0.5743750000000001 0.632638888888889 0.03125 0.0375
ckyx0qtt7000z3p6705syt8ow 0 0.487109375 0.7848958333333333 0.0265625 0.03333333333333333
ckyx0r72g00163p67jwcn3suz 0 0.7527698863636363 0.1584280303030303 0.0234375 0.03125
