ckyw7qq3p002r3867g7ntncq2 0 0.09607142857142857 0.3362797619047619 0.02651785714285715 0.046369047619047636
ckyx0p8bu00073p678ma1nwz9 0 0.17434056409295354 0.7041260619690154 0.026806128185907042 0.025243628185907006
ckyx0pf8t000b3p67u6biy0y4 0 0.36376317049808427 0.5748443486590039 0.028125 0.03125
ckyx0pu50000f3p67k0qf8n66 0 0.3724869150246305 0.07626744663382595 0.02078971674876846 0.031886288998357964
ckyx0q2xm000n3p6724s6mdc7 0 0.76015625 0.2051185344827586 0.0231681034482758 0.03523706896551723
ckyx0qoib000v3p67ci0368q4 0 0.59296875 0.7916666666666666 0.0234375 0.0375
ckyx0qtt7000z3p6705syt8ow 0 0.32444196428571426 0.8252976190476191 0.0265625 0.03333333333333333
ckyx2gylk002i3p67md8s90pn 0 0.66875 0.7041666666666667 0.021875 0.03333333333333333
ckyx2u8if002m3p67nqz93mnc 0 0.7908854166666666 0.5381944444444444 0.02031249999999991 0.03333333333333328
ckyx2xxxr002u3p67ogf9zbkf 0 0.08671875 0.5614583333333333 0.0265625 0.035416666666666666
