ckyw7qq3p002r3867g7ntncq2 0 0.15150462962962963 0.18661265432098767 0.034375 0.03958333333333333
ckyx0p8bu00073p678ma1nwz9 0 0.1770392147676162 0.703226511744128 0.032203429535232385 0.030640929535232432
ckyx0pf8t000b3p67u6biy0y4 0 0.3620306558935361 0.5581234157160964 0.028125 0.03125
ckyx0pu50000f3p67k0qf8n66 0 0.37573660714285717 0.07488095238095238 0.0329017857142857 0.041666666666666664
ckyx0q2xm000n3p6724s6mdc7 0 0.77578125 0.1784848484848485 0.0234375 0.035416666666666666
ckyx0q7mh000r3p67ffu5cr0h 0 0.9069155092592593 0.5510802469135803 0.0296875 0.03750000000000006
ckyx0qoib000v3p67ci0368q4 0 0.5960746951219512 0.6894817073170731 0.03125 0.0375
ckyx0qtt7000z3p6705syt8ow 0 0.4715625 0.8016666666666666 0.0265625 0.03333333333333333
ckyx1ir2e001e3p67xsx4qrbg 0 0.94609375 0.303125 0.0296875 0.03333333333333333
ckyx1my69001i3p67ee1tasgm 0 0.113232421875 0.9122395833333333 0.02275390625 0.024479166666666666
