ckyw7qq3p002r3867g7ntncq2 0 0.05669642857142857 0.4550595238095238 0.021875 0.04583333333333333
ckyx0p8bu00073p678ma1nwz9 0 0.17265625 0.7010950854700855 0.0328125 0.03125
ckyx0pf8t000b3p67u6biy0y4 0 0.36265822784810126 0.5816587552742616 0.028125 0.03125
ckyx0pu50000f3p67k0qf8n66 0 0.3744116902834008 0.0724021592442645 0.01875 0.03333333333333333
ckyx0q2xm000n3p6724s6mdc7 0 0.7529296875 0.21692708333333333 0.0234375 0.035416666666666666
ckyx0qoib000v3p67ci0368q4 0 0.677734375 0.7520833333333333 0.02421875 0.038194444444444524
ckyx0qtt7000z3p6705syt8ow 0 0.31141826923076926 0.9129807692307692 0.028125 0.03333333333333333
ckyx2u8if002m3p67nqz93mnc 0 0.8694196428571429 0.2144345238095238 0.021875 0.02827380952380952
ckyx3cplu00363p67n95kdosc 0 0.07919921875 0.037369791666666666 0.0203125 0.025
ckyxalijp00033p679rse7nxq 0 0.25747767857142856 0.5174107142857143 0.0234375 0.03125
ckyxb3teh000j3p67hn0htc0x 0 0.9316964285714286 0.028571428571428574 0.025 0.02916666666666667
ckyxba69s000n3p677mfwc360 0 0.703125 0.99375 0.021875 0.0125
