ckyw7qq3p002r3867g7ntncq2 0 0.1516098484848485 0.17926136363636364 0.034375 0.03958333333333333
ckyx0p8bu00073p678ma1nwz9 0 0.17717976949025488 0.7031796601699151 0.032484538980509736 0.030922038980509825
ckyx0pf8t000b3p67u6biy0y4 0 0.3616741920152091 0.557172845373891 0.028125 0.03125
ckyx0pu50000f3p67k0qf8n66 0 0.3755877976190476 0.07448412698412699 0.03319940476190477 0.041666666666666664
ckyx0q2xm000n3p6724s6mdc7 0 0.77578125 0.17678030303030304 0.0234375 0.035416666666666666
ckyx0q7mh000r3p67ffu5cr0h 0 0.9098721590909091 0.5432765151515151 0.0296875 0.03749999999999994
ckyx0qoib000v3p67ci0368q4 0 0.598046875 0.6859375 0.03125 0.0375
ckyx0qtt7000z3p6705syt8ow 0 0.43484375000000003 0.7704166666666666 0.0265625 0.03333333333333333
ckyx1ir2e001e3p67xsx4qrbg 0 0.96484375 0.21041666666666667 0.0296875 0.03333333333333333
ckyx1my69001i3p67ee1tasgm 0 0.0884375 0.908125 0.021875 0.022916666666666665
