ckyw7qq3p002r3867g7ntncq2 0 0.09625 0.335625 0.026875000000000003 0.04624999999999998
ckyx0p8bu00073p678ma1nwz9 0 0.17434993440779611 0.7041229385307346 0.026824868815592207 0.02526236881559214
ckyx0pf8t000b3p67u6biy0y4 0 0.36375119731800765 0.5747964559386973 0.028125 0.03125
ckyx0pu50000f3p67k0qf8n66 0 0.37251000615763546 0.07623665845648603 0.02086668719211824 0.031988916256157636
ckyx0q2xm000n3p6724s6mdc7 0 0.76015625 0.20515445402298849 0.02327586206896548 0.035308908045977014
ckyx0qoib000v3p67ci0368q4 0 0.59453125 0.7908333333333334 0.0234375 0.0375
ckyx0qtt7000z3p6705syt8ow 0 0.324609375 0.8291666666666667 0.0265625 0.03333333333333333
ckyx2gylk002i3p67md8s90pn 0 0.6625 0.7125 0.021875 0.03333333333333333
ckyx2u8if002m3p67nqz93mnc 0 0.7943576388888889 0.5418981481481481 0.0203125 0.03333333333333328
ckyx2xxxr002u3p67ogf9zbkf 0 0.08734375000000001 0.5706249999999999 0.02656250000000001 0.035416666666666666
