ckyw7qq3p002r3867g7ntncq2 0 0.05611979166666666 0.45677083333333335 0.021874999999999995 0.04583333333333333
ckyx0p8bu00073p678ma1nwz9 0 0.17267342032967034 0.7010531135531136 0.03274381868131868 0.031181318681318616
ckyx0pf8t000b3p67u6biy0y4 0 0.3626463607594937 0.581706223628692 0.028125 0.03125
ckyx0pu50000f3p67k0qf8n66 0 0.3744306680161943 0.07235155195681511 0.01875 0.033333333333333326
ckyx0q2xm000n3p6724s6mdc7 0 0.75283203125 0.21705729166666668 0.0234375 0.035416666666666666
ckyx0qoib000v3p67ci0368q4 0 0.6759114583333333 0.749826388888889 0.02578125 0.03854166666666667
ckyx0qtt7000z3p6705syt8ow 0 0.3103515625 0.9085069444444444 0.027864583333333304 0.03333333333333333
ckyx2u8if002m3p67nqz93mnc 0 0.87919921875 0.21197916666666666 0.021875 0.027083333333333334
ckyx3cplu00363p67n95kdosc 0 0.07890625 0.03766666666666666 0.0203125 0.024999999999999998
ckyxalijp00033p679rse7nxq 0 0.24791666666666665 0.5267361111111111 0.0234375 0.03124999999999994
ckyxb3teh000j3p67hn0htc0x 0 0.9296875 0.016666666666666666 0.025 0.029166666666666667
ckyxba69s000n3p677mfwc360 0 0.69140625 0.990625 0.0234375 0.01875
