ckyw7qq3p002r3867g7ntncq2 0 0.146484375 0.2359375 0.034375 0.03958333333333333
ckyx0p8bu00073p678ma1nwz9 0 0.17617246064467768 0.7035154297851075 0.03046992128935533 0.028907421289355285
ckyx0pf8t000b3p67u6biy0y4 0 0.3639497422680412 0.5639926975945018 0.028125 0.03125
ckyx0pu50000f3p67k0qf8n66 0 0.37128000827814567 0.07651766004415012 0.0328125 0.041666666666666664
ckyx0q2xm000n3p6724s6mdc7 0 0.7703657670454546 0.18747632575757575 0.0234375 0.035416666666666666
ckyx0q7mh000r3p67ffu5cr0h 0 0.8817708333333334 0.6236111111111111 0.0296875 0.0375
ckyx0qoib000v3p67ci0368q4 0 0.5905539772727273 0.6935606060606061 0.03125 0.0375
ckyx0qtt7000z3p6705syt8ow 0 0.38307291666666665 0.766898148148148 0.0265625 0.03333333333333333
ckyx1ir2e001e3p67xsx4qrbg 0 0.6470703125 0.34791666666666665 0.0296875 0.03333333333333333
ckyx1z2ha001u3p671pqv1qma 0 0.13973214285714286 0.9321428571428572 0.02053571428571428 0.029166666666666667
ckyx22w4p001y3p67emdd4c89 0 0.9830729166666666 0.6020833333333333 0.0296875 0.05
