ckyw7qq3p002r3867g7ntncq2 0 0.026025390625 0.5188151041666667 0.0171875 0.04791666666666667
ckyx0p8bu00073p678ma1nwz9 0 0.17136787280701754 0.7020833333333333 0.0265625 0.025
ckyx0pf8t000b3p67u6biy0y4 0 0.36484375 0.5847046413502109 0.0234375 0.025
ckyx0pu50000f3p67k0qf8n66 0 0.37395833333333334 0.0736111111111111 0.01875 0.03055555555555555
ckyx0q2xm000n3p6724s6mdc7 0 0.7493558114035087 0.2216922514619883 0.0203125 0.03125
ckyx0qoib000v3p67ci0368q4 0 0.7046875 0.8507716049382716 0.021180555555555536 0.03101851851851857
ckyx0qtt7000z3p6705syt8ow 0 0.3803571428571429 0.890922619047619 0.024107142857142837 0.03125
ckyx2u8if002m3p67nqz93mnc 0 0.8625 0.5734375 0.0203125 0.026041666666666668
ckyx3cplu00363p67n95kdosc 0 0.07435581140350878 0.057785087719298245 0.0203125 0.025
ckyxalijp00033p679rse7nxq 0 0.15989583333333332 0.25104166666666666 0.028125 0.0284722222222222
ckyxba69s000n3p677mfwc360 0 0.834375 0.9354166666666667 0.01875 0.0375
ckyxblgcu000r3p672kuta582 0 0.49734375000000003 0.9947916666666666 0.0171875 0.010416666666666666
