ckyw7qq3p002r3867g7ntncq2 0 0.15184151785714287 0.2091517857142857 0.034375 0.03958333333333333
ckyx0p8bu00073p678ma1nwz9 0 0.17660818028485759 0.7033701899050475 0.03134136056971515 0.029778860569715113
ckyx0pf8t000b3p67u6biy0y4 0 0.3631238117870722 0.5610384980988593 0.028125 0.03125
ckyx0pu50000f3p67k0qf8n66 0 0.36887417218543045 0.0784423289183223 0.0328125 0.04166666666666667
ckyx0q2xm000n3p6724s6mdc7 0 0.7747395833333333 0.18368055555555557 0.0234375 0.035416666666666666
ckyx0q7mh000r3p67ffu5cr0h 0 0.88671875 0.5875 0.0296875 0.0375
ckyx0qoib000v3p67ci0368q4 0 0.5889204545454546 0.6759469696969697 0.03125 0.0375
ckyx0qtt7000z3p6705syt8ow 0 0.4384232954545454 0.9285984848484848 0.0265625 0.03333333333333333
ckyx1ir2e001e3p67xsx4qrbg 0 0.79609375 0.46458333333333335 0.0296875 0.03333333333333333
ckyx1t1c2001q3p6769mv3eh9 0 0.634375 0.1875 0.03125 0.03333333333333333
