ckyw7qq3p002r3867g7ntncq2 0 0.15 0.20027006172839507 0.034375 0.03958333333333333
ckyx0p8bu00073p678ma1nwz9 0 0.17674404985007497 0.7033249000499749 0.031613099700149916 0.03005059970014988
ckyx0pf8t000b3p67u6biy0y4 0 0.3627792300380228 0.5601196134347275 0.028125 0.03125
ckyx0pu50000f3p67k0qf8n66 0 0.3681239652317881 0.07904249448123621 0.0328125 0.041666666666666664
ckyx0q2xm000n3p6724s6mdc7 0 0.77578125 0.18206439393939394 0.0234375 0.035416666666666666
ckyx0q7mh000r3p67ffu5cr0h 0 0.8910937499999999 0.5704166666666667 0.0296875 0.0375
ckyx0qoib000v3p67ci0368q4 0 0.5913013059701493 0.6787313432835821 0.03125 0.0375
ckyx0qtt7000z3p6705syt8ow 0 0.47421875 0.9083333333333333 0.0265625 0.03333333333333333
ckyx1ir2e001e3p67xsx4qrbg 0 0.8669270833333333 0.4097222222222222 0.0296875 0.03333333333333333
ckyx1t1c2001q3p6769mv3eh9 0 0.49781250000000005 0.165 0.03125 0.03333333333333333
