ckyw7qq3p002r3867g7ntncq2 0 0.12882812500000002 0.2763541666666667 0.034375 0.03958333333333333
ckyx0p8bu00073p678ma1nwz9 0 0.1754556315592204 0.7037543728135932 0.029036263118440785 0.027473763118440787
ckyx0pf8t000b3p67u6biy0y4 0 0.36271746134020616 0.568921821305842 0.028125 0.03125
ckyx0pu50000f3p67k0qf8n66 0 0.3752379966887417 0.07335126931567329 0.0328125 0.041666666666666664
ckyx0q2xm000n3p6724s6mdc7 0 0.76796875 0.1925239675516224 0.0234375 0.035416666666666666
ckyx0q7mh000r3p67ffu5cr0h 0 0.8428125 0.6202083333333334 0.0296875 0.0375
ckyx0qoib000v3p67ci0368q4 0 0.6125 0.7038690476190476 0.03125 0.0375
ckyx0qtt7000z3p6705syt8ow 0 0.33487215909090906 0.8727272727272728 0.0265625 0.03333333333333333
ckyx1ir2e001e3p67xsx4qrbg 0 0.8469866071428571 0.02886904761904762 0.0296875 0.03333333333333333
ckyx2afup00263p67j6oifbjc 0 0.42276785714285714 0.14330357142857145 0.025 0.031250000000000014
ckyx2coed002a3p672qervr0q 0 0.08470982142857143 0.93125 0.0234375 0.029166666666666667
ckyx2d60s002e3p67p51tggne 0 0.05558035714285714 0.5382440476190476 0.026339285714285714 0.03065476190476192
