ckyw7qq3p002r3867g7ntncq2 0 0.09960029069767443 0.3304263565891473 0.028125 0.04583333333333333
ckyx0p8bu00073p678ma1nwz9 0 0.1744530078710645 0.7040885807096451 0.02703101574212894 0.025468515742128873
ckyx0pf8t000b3p67u6biy0y4 0 0.36361949233716473 0.5742696360153257 0.028125 0.03125
ckyx0pu50000f3p67k0qf8n66 0 0.3727640086206897 0.07589798850574712 0.021713362068965524 0.03311781609195403
ckyx0q2xm000n3p6724s6mdc7 0 0.7607271634615385 0.20406650641025642 0.0234375 0.035416666666666666
ckyx0qoib000v3p67ci0368q4 0 0.6033854166666667 0.7770833333333333 0.0234375 0.0375
ckyx0qtt7000z3p6705syt8ow 0 0.3433799342105263 0.88125 0.0265625 0.03333333333333333
ckyx2gylk002i3p67md8s90pn 0 0.60625 0.778125 0.021875 0.03333333333333333
ckyx2u8if002m3p67nqz93mnc 0 0.8471628289473685 0.5591008771929824 0.0203125 0.03333333333333333
ckyx2xnzm002q3p67zdo7t656 0 0.134375 0.9833333333333333 0.025 0.025
ckyx2xxxr002u3p67ogf9zbkf 0 0.07314967105263158 0.6223135964912281 0.0265625 0.028837719298245666
