ckyw7qq3p002r3867g7ntncq2 0 0.06373355263157895 0.4361842105263158 0.028125 0.04583333333333333
ckyx0p8bu00073p678ma1nwz9 0 0.17265625 0.7030448717948717 0.0328125 0.03125
ckyx0pf8t000b3p67u6biy0y4 0 0.3629469936708861 0.5805036919831223 0.028125 0.03125
ckyx0pu50000f3p67k0qf8n66 0 0.3739498987854251 0.0736336032388664 0.01875 0.03333333333333333
ckyx0q2xm000n3p6724s6mdc7 0 0.7564416273584905 0.215625 0.0234375 0.035416666666666666
ckyx0qoib000v3p67ci0368q4 0 0.6776041666666667 0.7943287037037037 0.025 0.027083333333333334
ckyx0qtt7000z3p6705syt8ow 0 0.40503472222222225 0.900462962962963 0.028125 0.03333333333333333
ckyx2u8if002m3p67nqz93mnc 0 0.771701388888889 0.4126157407407407 0.021875 0.03125
ckyx3cplu00363p67n95kdosc 0 0.08671875 0.02933114035087719 0.0203125 0.018749999999999996
ckyxalijp00033p679rse7nxq 0 0.32942708333333337 0.37766203703703705 0.0234375 0.03125
ckyxaqw1300073p67tv2twa44 0 0.8294270833333334 0.904050925925926 0.0234375 0.03125
ckyxaz1ye000f3p67ejlkg8pi 0 0.11362847222222223 0.9829861111111111 0.0265625 0.027083333333333334
