0 0.049154411764705884 0.6052083333333333 0.043750000000000004 0.05625
0 0.19140625 0.9427083333333334 0.0359375 0.04791666666666667
0 0.1804125 0.8831833333333333 0.028125 0.04583333333333333
0 0.26686157975460123 0.9021408486707566 0.0375 0.04375
0 0.6318233944954128 0.8548260703363915 0.03125 0.03958333333333333
0 0.5948132396449705 0.84375 0.034375 0.04649901380670608
0 0.6465198863636363 0.8740214646464646 0.0328125 0.03958333333333333
0 0.8609248991935484 0.7562163978494624 0.03125 0.03333333333333333
0 0.89765625 0.6366319444444444 0.0421875 0.04791666666666667
0 0.753125 0.42291666666666666 0.0375 0.04583333333333333
0 0.6671957236842105 0.3225767543859649 0.0359375 0.03958333333333333
0 0.85859375 0.21609848484848487 0.0296875 0.0375
0 0.79296875 0.22659354304635762 0.0296875 0.035416666666666666
0 0.7222024700598803 0.36047280439121754 0.028125 0.03958333333333333
0 0.952503453038674 0.103125 0.028125 0.04375
0 0.8504942602040817 0.06173469387755102 0.0328125 0.04583333333333333
0 0.8204706671779141 0.028335889570552147 0.0296875 0.05
0 0.6519390737410072 0.11354166666666667 0.0390625 0.04791666666666667
0 0.6351068037974683 0.16507120253164556 0.034375 0.04375
0 0.6161429073033708 0.2864583333333333 0.0328125 0.04791666666666667
0 0.5784567636986301 0.45038527397260275 0.028125 0.03125
0 0.5492248376623377 0.4833414502164502 0.0375 0.03958333333333333
0 0.4800486438679245 0.6709119496855346 0.034375 0.04791666666666667
0 0.38318763766519826 0.569883443465492 0.0328125 0.03958333333333333
0 0.3677118288590604 0.5430788590604027 0.028125 0.03749999999999994
0 0.37082855504587153 0.4479644495412844 0.03125 0.03958333333333333
0 0.3475227701005025 0.3885783082077052 0.0359375 0.041666666666666664
0 0.33203125 0.428125 0.0359375 0.027083333333333334
0 0.33125372277059223 0.4427083333333333 0.0359375 0.03125
0 0.22595186781609194 0.4998204022988506 0.0375 0.04791666666666667
0 0.1581435873605948 0.44033070012391573 0.0375 0.03958333333333333
0 0.10189589968152868 0.3691746284501061 0.037470143312101925 0.05161889596602969
0 0.12002189009661837 0.3170541465378422 0.0328125 0.04375
0 0.0328125 0.3145833333333333 0.040625 0.041666666666666664
0 0.02369915759019741 0.3097238767869299 0.028125 0.03958333333333333
0 0.36798308486238535 0.7961869266055045 0.0390625 0.04791666666666667
0 0.30839350180505415 0.32395833333333335 0.05 0.052083333333333336
0 0.4011971245247148 0.34638783269961976 0.028124999999999956 0.035416666666666666
0 0.46875 0.3111618798955613 0.034375 0.04048085291557874
0 0.5850980392156863 0.21242238562091503 0.040625 0.052083333333333336
0 0.42109375 0.03520415273132664 0.0296875 0.035416666666666666
0 0.409375 0.1625 0.03125 0.041666666666666664
0 0.39294204059829063 0.190625 0.042187500000000044 0.035416666666666666
0 0.35781579641350214 0.20365242616033755 0.0390625 0.04791666666666667
0 0.42568108974358976 0.25090811965811965 0.03125 0.04583333333333333
0 0.391015625 0.30364583333333334 0.0265625 0.035416666666666666
0 0.86015625 0.17708333333333334 0.03125 0.04375
0 0.6296875 0.653720238095238 0.034375 0.03958333333333333
0 0.5359375 0.5625 0.034375 0.05416666666666667
0 0.58203125 0.6895833333333333 0.0296875 0.03333333333333333
0 0.56953125 0.653125 0.0296875 0.035416666666666666
0 0.11481433054393306 0.10025061018131101 0.05625000000000001 0.05
0 0.36640625 0.26458333333333334 0.0328125 0.0375
0 0.3158203125 0.834375 0.0296875 0.0375
0 0.31890625000000006 0.24479166666666666 0.03343750000000001 0.04291666666666665
0 0.12521306818181818 0.7557765151515151 0.040625 0.0375
0 0.4333333333333333 0.9260416666666667 0.03125 0.03958333333333333
0 0.35234375 0.9495535714285714 0.0328125 0.03779761904761898
0 0.2013169642857143 0.9859880952380953 0.0325982142857143 0.028023809523809482
0 0.96259765625 0.43600260416666664 0.0265625 0.04375
0 0.6264062499999999 0.34812499999999996 0.0296875 0.04375
1 0.54296875 0.6885416666666667 0.1265625 0.15208333333333332
1 0.13828125 0.10729166666666666 0.0671875 0.06875
1 0.36796875 0.27708333333333335 0.0859375 0.0875
1 0.628125 0.84375 0.059375 0.06666666666666667
