0 0.06972128378378378 0.6226632882882883 0.04375 0.05625
0 0.1996975806451613 0.9493212365591398 0.03566532258064516 0.04791666666666667
0 0.184375 0.8895359848484848 0.028125 0.04583333333333333
0 0.2972932600382409 0.9121992511153602 0.034375 0.04375
0 0.6413972471190781 0.853125 0.03125 0.03958333333333333
0 0.6331994047619047 0.8459623015873016 0.034375 0.041666666666666664
0 0.7196428571428571 0.8694345238095238 0.0328125 0.03958333333333333
0 0.8601118827160494 0.7487808641975309 0.03125 0.03333333333333333
0 0.9135059573578594 0.6426595596432553 0.0421875 0.04791666666666667
0 0.805078125 0.4875 0.0375 0.04583333333333333
0 0.8357088414634146 0.3016006097560976 0.034375 0.03958333333333333
0 0.86796875 0.22161281179138323 0.0296875 0.0375
0 0.8275937499999999 0.25745833333333334 0.0296875 0.035416666666666693
0 0.7498046875 0.353125 0.028125 0.03958333333333333
0 0.9586668719211822 0.10473624794745486 0.028125 0.04375
0 0.8626688128140703 0.06639447236180905 0.0328125 0.045833333333333344
0 0.8415425755033556 0.03238255033557047 0.0296875 0.05
0 0.6714705230496454 0.1210623522458629 0.040082003546099275 0.047916666666666684
0 0.6489182692307692 0.171875 0.034375 0.04375
0 0.6083915441176471 0.29243872549019606 0.0328125 0.04791666666666667
0 0.5876709518599562 0.45751960247994167 0.028125 0.03125
0 0.55625 0.4864583333333333 0.0375 0.03958333333333333
0 0.49505104581673304 0.6569430610889774 0.034375 0.04791666666666667
0 0.40227515243902434 0.581173780487805 0.03281249999999995 0.033424796747967514
0 0.3825969827586207 0.5526580459770115 0.028125 0.0375
0 0.38464176829268293 0.4564278455284553 0.03125000000000004 0.03958333333333333
0 0.36205760542168675 0.4054342369477911 0.0359375 0.041666666666666664
0 0.3322144084659913 0.428125 0.0359375 0.027083333333333334
0 0.3337777612321307 0.4427083333333333 0.0359375 0.03125
0 0.23056040502793299 0.5070588919925512 0.0375 0.04791666666666667
0 0.16916803728070176 0.43430190058479534 0.0375 0.041666666666666664
0 0.1541322314049587 0.3875 0.03125 0.041666666666666664
0 0.12310410031847134 0.3177083333333333 0.0328125 0.04375
0 0.0328125 0.3145833333333333 0.040625 0.041666666666666664
0 0.024540503744043568 0.31084567165872473 0.028125 0.03958333333333333
0 0.36083907480314964 0.8081774934383202 0.0390625 0.04791666666666667
0 0.32117586336336335 0.3284127877877878 0.05 0.052083333333333336
0 0.40002227899239545 0.34482137198986057 0.028125000000000046 0.035416666666666666
0 0.48289402173913043 0.31145833333333334 0.034375 0.032711352657004866
0 0.5947022532188841 0.215625 0.040625 0.052083333333333336
0 0.4239853896103896 0.04387175324675325 0.034375 0.04375
0 0.42936087570621473 0.025382532956685497 0.0296875 0.035416666666666666
0 0.4070024165202109 0.16031963971880492 0.029745166959578205 0.040161833626244876
0 0.4274213459367946 0.16765660270880361 0.0421875 0.035416666666666666
0 0.38102780963302757 0.20912652905198778 0.03906250000000004 0.04791666666666667
0 0.4288306451612903 0.24469086021505373 0.03125 0.0458333333333333
0 0.398984375 0.29822916666666666 0.027031250000000017 0.034791666666666644
0 0.873625 0.18584722222222222 0.03125 0.04375
0 0.637372370049505 0.653125 0.034375 0.03958333333333333
0 0.5359375 0.5625 0.034375 0.05416666666666667
0 0.58203125 0.6895833333333333 0.0296875 0.03333333333333333
0 0.56953125 0.653125 0.0296875 0.035416666666666666
0 0.11998561715481171 0.10197437238493724 0.05624999999999999 0.05
0 0.36640625 0.26458333333333334 0.0328125 0.0375
0 0.44720982142857146 0.23482142857142857 0.0296875 0.04583333333333333
0 0.9016927083333334 0.2746527777777778 0.034375 0.0416666666666667
0 0.7634375 0.409375 0.034375 0.04375
0 0.23125 0.73125 0.03125 0.041666666666666664
0 0.4450892857142857 0.7721726190476191 0.03125 0.03958333333333333
0 0.971875 0.54375 0.028125 0.041666666666666664
0 0.9869791666666667 0.6477430555555554 0.02604166666666661 0.030902777777777737
1 0.54296875 0.6885416666666667 0.1265625 0.15208333333333332
1 0.13828125 0.10729166666666666 0.0671875 0.06875
1 0.36796875 0.27708333333333335 0.0859375 0.0875
1 0.628125 0.84375 0.059375 0.06666666666666667
