0 0.049687499999999996 0.6052083333333333 0.04375 0.05625
0 0.19150588768115942 0.9428079710144928 0.0359375 0.04791666666666667
0 0.18059375 0.8836666666666667 0.028125 0.04583333333333333
0 0.2693634969325153 0.9043647750511248 0.0375 0.04375
0 0.6334862385321101 0.85371750764526 0.03125 0.03958333333333333
0 0.5969582100591716 0.84375 0.034375 0.043639053254437954
0 0.6717633928571429 0.8631448412698413 0.0328125 0.03958333333333333
0 0.8609375 0.7556036472760849 0.03125 0.03333333333333333
0 0.89765625 0.6371114417989417 0.0421875 0.04791666666666667
0 0.7647569444444444 0.44282407407407404 0.0375 0.04583333333333333
0 0.6700575657894736 0.32512061403508774 0.0359375 0.03958333333333333
0 0.85859375 0.2172547846889952 0.0296875 0.0375
0 0.79296875 0.22739376379690948 0.0296875 0.035416666666666666
0 0.723743444055944 0.3589670745920746 0.028125 0.03958333333333333
0 0.9527537983425415 0.103125 0.028125 0.04375
0 0.8508688038793103 0.0625 0.0328125 0.04583333333333333
0 0.8215826303680982 0.029818507157464213 0.0296875 0.05
0 0.6526239224137931 0.11316810344827587 0.0390625 0.04791666666666667
0 0.6362539556962025 0.16583597046413504 0.034375 0.04375
0 0.6151246488764045 0.2864583333333333 0.0328125 0.04791666666666667
0 0.5798627336448599 0.45127531152647976 0.028125 0.03125
0 0.5496956168831169 0.48396915584415584 0.0375 0.03958333333333333
0 0.47987926136363634 0.6717897727272727 0.034375 0.04791666666666667
0 0.38518378303964756 0.5714803597650514 0.0328125 0.03958333333333333
0 0.36832005033557047 0.5471336689038032 0.028125 0.03750000000000006
0 0.3757523148148148 0.4505015432098765 0.03125 0.03958333333333333
0 0.350546875 0.39002604166666666 0.0359375 0.041666666666666664
0 0.3324765220207254 0.428125 0.0359375 0.027083333333333334
0 0.33143879765146356 0.4427083333333333 0.0359375 0.03125
0 0.22666015625 0.5012369791666667 0.0375 0.04791666666666667
0 0.1591542750929368 0.4394323110285006 0.0375 0.03958333333333333
0 0.10391620222929936 0.3699442675159236 0.03458399681528661 0.04700106157112529
0 0.11958408816425121 0.31763788244766505 0.0328125 0.04375
0 0.0328125 0.3145833333333333 0.040625 0.041666666666666664
0 0.023760849217154528 0.30980613228953935 0.028125 0.03958333333333333
0 0.36923021788990823 0.7967412079510704 0.0390625 0.04791666666666667
0 0.3087206678700361 0.32395833333333335 0.05 0.052083333333333336
0 0.4011109790874524 0.3462729721166033 0.028124999999999956 0.035416666666666666
0 0.46875 0.3108463881636206 0.034375 0.03921888598781553
0 0.585453431372549 0.21289624183006536 0.040625 0.052083333333333336
0 0.42109375 0.034800027870680046 0.0296875 0.035416666666666666
0 0.409375 0.1625 0.03125 0.041666666666666664
0 0.3947323638613861 0.19415222772277227 0.0421875 0.035416666666666666
0 0.35858056434599156 0.20518196202531644 0.0390625 0.04791666666666667
0 0.4233573717948718 0.24780982905982907 0.03125 0.045833333333333365
0 0.3915359669811321 0.3027790880503145 0.0265625 0.035416666666666666
0 0.8609633264462809 0.17611053719008266 0.03125 0.04375
0 0.6296875 0.6550480769230769 0.034375 0.03958333333333333
0 0.5359375 0.5625 0.034375 0.05416666666666667
0 0.58203125 0.6895833333333333 0.0296875 0.03333333333333333
0 0.56953125 0.653125 0.0296875 0.035416666666666666
0 0.11519351464435146 0.10037700488145049 0.05624999999999999 0.05
0 0.36640625 0.26458333333333334 0.0328125 0.0375
0 0.34095982142857145 0.6839285714285714 0.0296875 0.0375
0 0.4253125 0.22520833333333332 0.0296875 0.041666666666666664
0 0.218359375 0.8239583333333333 0.040625 0.0375
0 0.4548828125 0.9518229166666666 0.03125 0.03958333333333333
0 0.20261160714285714 0.9873690476190475 0.03208035714285713 0.025261904761904812
0 0.9669479166666667 0.43645833333333334 0.0265625 0.04375
0 0.6528645833333333 0.24013888888888887 0.0296875 0.041666666666666664
1 0.54296875 0.6885416666666667 0.1265625 0.15208333333333332
1 0.13828125 0.10729166666666666 0.0671875 0.06875
1 0.36796875 0.27708333333333335 0.0859375 0.0875
1 0.628125 0.84375 0.059375 0.06666666666666667
