0 0.08690944881889764 0.6266896325459318 0.0375 0.05265748031496062
0 0.21376689189189188 0.9565033783783784 0.034375 0.04791666666666667
0 0.20617494541484715 0.8819050218340612 0.028125 0.04583333333333333
0 0.31136968085106387 0.9135416666666667 0.034375 0.04375
0 0.29921875 0.9854166666666667 0.0265625 0.029166666666666667
0 0.6565181902985074 0.8541666666666666 0.03125 0.03333333333333333
0 0.6350731382978723 0.8461436170212766 0.034375 0.041666666666666664
0 0.7337339743589744 0.8486912393162392 0.028125 0.04375
0 0.83828125 0.6182291666666667 0.0328125 0.05
0 0.8579687500000001 0.7452083333333334 0.03125 0.03333333333333333
0 0.94609375 0.6540781590413943 0.0421875 0.04791666666666667
0 0.8536764705882354 0.5387867647058824 0.034375 0.035416666666666666
0 0.92109375 0.42604166666666665 0.0265625 0.035416666666666666
0 0.9184895833333334 0.3055555555555555 0.034375 0.03958333333333333
0 0.8718805407801419 0.2229018912529551 0.0296875 0.0375
0 0.8375828598484848 0.29460227272727274 0.0397017045454545 0.03333333333333333
0 0.7625 0.3482638888888889 0.03125 0.03958333333333333
0 0.9443181818181818 0.24602272727272728 0.0375 0.04583333333333333
0 0.9612399193548388 0.11394489247311827 0.028125 0.04374999999999998
0 0.87265625 0.07372685185185185 0.0328125 0.04583333333333332
0 0.8457932692307691 0.03165064102564103 0.0296875 0.05
0 0.6836900684931507 0.1317922374429224 0.04375 0.047916666666666684
0 0.6559461805555555 0.1685185185185185 0.034375 0.04375
0 0.6313680959302326 0.30142926356589145 0.0328125 0.04791666666666667
0 0.5903856673960612 0.46113922319474837 0.028125 0.03125
0 0.5588112113402062 0.48816580756013744 0.0375 0.03958333333333333
0 0.4979700854700854 0.650204772079772 0.034375 0.04791666666666667
0 0.4072408536585366 0.5738058943089431 0.0328125 0.03333333333333333
0 0.33504464285714286 0.6428571428571428 0.0375 0.04583333333333333
0 0.39581404320987656 0.5375 0.028125000000000046 0.0375
0 0.3935194672131147 0.46130464480874317 0.031249999999999955 0.0375
0 0.3890234375 0.42119791666666667 0.035937500000000046 0.041666666666666664
0 0.33359375 0.428125 0.0359375 0.027083333333333334
0 0.33504456688223283 0.4427083333333333 0.0359375 0.03125
0 0.2591056034482758 0.5047054597701149 0.0375 0.04791666666666667
0 0.18251768867924528 0.43125 0.03749999999999998 0.041666666666666664
0 0.16182205578512396 0.3875 0.03125 0.041666666666666664
0 0.12700824386503068 0.31934432515337424 0.0328125 0.04375
0 0.1390625 0.15104166666666666 0.034375 0.052083333333333336
0 0.0328125 0.3145833333333333 0.040625 0.041666666666666664
0 0.024962772294077607 0.31140869639210345 0.028125 0.03958333333333333
0 0.3673027663934426 0.7989583333333333 0.0390625 0.04791666666666667
0 0.332489224137931 0.3286278735632184 0.05 0.052083333333333336
0 0.39856864508393286 0.34670013988808956 0.028125000000000046 0.035416666666666666
0 0.4859375 0.3097255608974359 0.034375 0.03195112179487178
0 0.6066948784722223 0.2208622685185185 0.03931568287037042 0.038117283950617274
0 0.5385416666666666 0.11354166666666667 0.035416666666666693 0.04375
0 0.4363075657894737 0.023958333333333335 0.0296875 0.035416666666666666
0 0.40918277680140597 0.1479642647920328 0.025384446397188044 0.03580111306385472
0 0.4302218538374718 0.16578959744168548 0.0421875 0.035416666666666666
0 0.39909485132158584 0.20520833333333333 0.03906249999999996 0.04791666666666667
0 0.4282752403846154 0.25148237179487176 0.03125 0.0458333333333333
0 0.4099690755208333 0.3094292534722222 0.030908203124999957 0.029622395833333332
0 0.884375 0.20343750000000002 0.025 0.0375
0 0.6428445778145695 0.6510416666666666 0.03713783112582778 0.03958333333333333
0 0.5359375 0.5625 0.034375 0.05416666666666667
0 0.47993421052631574 0.6585526315789474 0.040625 0.041666666666666664
0 0.58203125 0.6895833333333333 0.0296875 0.03333333333333333
0 0.56953125 0.653125 0.0296875 0.035416666666666666
0 0.13734456806282722 0.10965314136125655 0.05625 0.05000000000000002
0 0.36640625 0.26458333333333334 0.0328125 0.0375
0 0.9032366071428571 0.46175595238095235 0.0328125 0.03958333333333333
1 0.54296875 0.6885416666666667 0.1265625 0.15208333333333332
1 0.13828125 0.10729166666666666 0.0671875 0.06875
1 0.36796875 0.27708333333333335 0.0859375 0.0875
1 0.628125 0.84375 0.059375 0.06666666666666667
