0 0.0484375 0.6021081349206349 0.04375 0.05625
0 0.19140625 0.9427083333333334 0.0359375 0.04791666666666667
0 0.179778125 0.8814916666666667 0.028125 0.04583333333333333
0 0.2581048696319018 0.8943571063394683 0.0375 0.04375
0 0.6299847898230089 0.8552083333333333 0.03125 0.03958333333333333
0 0.5815803571428572 0.8406071428571429 0.034375 0.05
0 0.6559094551282051 0.8195779914529915 0.0328125 0.03958333333333333
0 0.8596459173387097 0.7528057795698925 0.03125 0.03333333333333333
0 0.8882544642857143 0.6238511904761904 0.0421875 0.04791666666666667
0 0.816015625 0.4390625 0.0375 0.04583333333333333
0 0.6016741071428571 0.32961309523809523 0.0359375 0.03958333333333333
0 0.8572060751748252 0.21458333333333332 0.0296875 0.0375
0 0.7796875 0.2203125 0.0296875 0.035416666666666666
0 0.7177337398373984 0.36083163956639563 0.028125 0.03958333333333333
0 0.9516272444751381 0.103125 0.028125 0.04375
0 0.8491168478260869 0.05819746376811594 0.0328125 0.04583333333333332
0 0.815259800295858 0.027083333333333334 0.0296875 0.05
0 0.6386795343137255 0.11068218954248366 0.0390625 0.04791666666666667
0 0.6296754807692307 0.1621474358974359 0.034375 0.04375
0 0.6147048611111111 0.28854166666666664 0.0328125 0.04791666666666667
0 0.5730254708904109 0.4474885844748859 0.028125 0.03125
0 0.547325922818792 0.48080956375838924 0.0375 0.03958333333333333
0 0.48125 0.6677083333333333 0.034375 0.04791666666666667
0 0.3769882110778443 0.5630676147704591 0.0328125 0.03958333333333333
0 0.36473557692307695 0.5363141025641025 0.028125 0.03749999999999994
0 0.357079475308642 0.440625 0.03125 0.03958333333333333
0 0.33330765845070426 0.38125 0.0359375 0.041666666666666664
0 0.33203125 0.428125 0.0359375 0.027083333333333334
0 0.33060596068754255 0.4427083333333333 0.0359375 0.03125
0 0.2235213122605364 0.49495929118773946 0.0375 0.04791666666666667
0 0.15274642070484581 0.4372476138032306 0.0375 0.03958333333333333
0 0.09559742647058823 0.3645833333333333 0.038069852941176464 0.05416666666666667
0 0.12017728365384614 0.315625 0.0328125 0.04375
0 0.0328125 0.3145833333333333 0.040625 0.041666666666666664
0 0.023483236895847515 0.3094359825277967 0.028125 0.03958333333333333
0 0.362171875 0.7936041666666667 0.0390625 0.04791666666666667
0 0.311090472027972 0.32104458041958045 0.05 0.052083333333333336
0 0.4014986335551331 0.34678984474017743 0.028125000000000046 0.035416666666666666
0 0.46875 0.31226610095735424 0.034375 0.0448977371627502
0 0.58333740234375 0.21145833333333333 0.040625 0.052083333333333336
0 0.4205492424242424 0.03718434343434343 0.0296875 0.035416666666666666
0 0.40827907986111106 0.1625 0.031249999999999955 0.041666666666666664
0 0.38393342391304347 0.1925951086956522 0.0421875 0.035416666666666666
0 0.3548943014705882 0.1981924019607843 0.0390625 0.04791666666666667
0 0.4234375 0.25 0.03125 0.04583333333333333
0 0.387692481884058 0.30520833333333336 0.026562500000000044 0.035416666666666666
0 0.8605838815789474 0.1749013157894737 0.03125 0.04375
0 0.6286458333333333 0.6496527777777777 0.034375 0.03958333333333333
0 0.5359375 0.5625 0.034375 0.05416666666666667
0 0.58203125 0.6895833333333333 0.0296875 0.03333333333333333
0 0.56953125 0.653125 0.0296875 0.035416666666666666
0 0.1140625 0.1 0.05625 0.05
0 0.36640625 0.26458333333333334 0.0328125 0.0375
0 0.16109374999999998 0.17916666666666667 0.0296875 0.04583333333333333
0 0.3450067934782609 0.8204257246376812 0.0296875 0.03958333333333333
0 0.19609375 0.9850536616161616 0.0328125 0.029892676767676818
0 0.836640625 0.9320833333333333 0.0328125 0.04791666666666667
0 0.8169270833333334 0.7159722222222222 0.03750000000000009 0.05
0 0.71796875 0.46979166666666666 0.0390625 0.035416666666666666
0 0.791015625 0.18871527777777777 0.025 0.03958333333333333
0 0.8145312499999999 0.48791666666666667 0.03281249999999991 0.041666666666666664
0 0.9443704044117647 0.42867647058823527 0.0265625 0.04375
0 0.47337740384615384 0.8861378205128205 0.0390625 0.05625
0 0.5434495192307692 0.7028044871794872 0.0296875 0.04375
0 0.01953125 0.18740530303030303 0.0265625 0.04375
1 0.54296875 0.6885416666666667 0.1265625 0.15208333333333332
1 0.13828125 0.10729166666666666 0.0671875 0.06875
1 0.36796875 0.27708333333333335 0.0859375 0.0875
1 0.628125 0.84375 0.059375 0.06666666666666667
