0 0.0484375 0.6045386904761905 0.04375 0.05625
0 0.19140625 0.9427083333333334 0.0359375 0.04791666666666667
0 0.18008437500000002 0.8823083333333333 0.028125 0.04583333333333333
0 0.26233224693251533 0.8981147750511248 0.0375 0.04375
0 0.6306623340707965 0.8552083333333333 0.03125 0.03958333333333333
0 0.5894553571428571 0.8429404761904762 0.034375 0.05
0 0.6318576388888889 0.833371913580247 0.0328125 0.03958333333333333
0 0.8602633568548388 0.7544522849462365 0.03125 0.03333333333333333
0 0.8917544642857143 0.6378511904761905 0.0421875 0.04791666666666667
0 0.7855698529411764 0.41237745098039214 0.0375 0.04583333333333333
0 0.6456473214285714 0.3075148809523809 0.0359375 0.04761904761904763
0 0.8582768793706294 0.21458333333333332 0.0296875 0.0375
0 0.7898276417525774 0.22953178694158077 0.0296875 0.0368127147766323
0 0.719255239520958 0.3630925648702595 0.028125 0.03958333333333333
0 0.9520502417127071 0.103125 0.028125 0.04375
0 0.8498246173469388 0.05994897959183674 0.0328125 0.04583333333333333
0 0.8179779955621301 0.027083333333333334 0.0296875 0.05
0 0.6448572392086331 0.11354166666666667 0.0390625 0.04791666666666667
0 0.6330300632911392 0.1636867088607595 0.034375 0.04375
0 0.6179365335051547 0.28647981099656356 0.0328125 0.04791666666666667
0 0.5756474743150685 0.44888698630136986 0.028125 0.03125
0 0.5483536073825503 0.4821798098434005 0.0375 0.03958333333333333
0 0.4808225235849057 0.6688482704402516 0.034375 0.04791666666666667
0 0.37973895958083836 0.5667352794411177 0.0328125 0.03958333333333333
0 0.36630608974358975 0.5384081196581197 0.028125 0.03750000000000006
0 0.36124237804878045 0.44367378048780487 0.03125 0.03958333333333333
0 0.340102858040201 0.3841813232830821 0.0359375 0.041666666666666664
0 0.33203125 0.428125 0.0359375 0.027083333333333334
0 0.3309186734172907 0.4427083333333333 0.0359375 0.03125
0 0.22469468390804598 0.4973060344827586 0.0375 0.04791666666666667
0 0.15544465859030837 0.4390464390602056 0.0375 0.03958333333333333
0 0.09785657051282051 0.3661502849002849 0.039062499999999986 0.05416666666666667
0 0.12081446256038648 0.31599738325281806 0.0328125 0.04375
0 0.0328125 0.3145833333333333 0.040625 0.041666666666666664
0 0.023587474472430224 0.3095749659632403 0.028125 0.03958333333333333
0 0.36572534403669726 0.7951834862385321 0.0390625 0.04791666666666667
0 0.30787805944055946 0.3239000582750583 0.05 0.052083333333333336
0 0.40135307747148286 0.3465957699619772 0.028124999999999956 0.035416666666666666
0 0.46875 0.31173302872062664 0.034375 0.04276544821583984
0 0.5844546568627451 0.21156454248366013 0.040625 0.052083333333333336
0 0.42109375 0.03593575808249721 0.0296875 0.035416666666666666
0 0.4093424479166667 0.1625 0.03125000000000004 0.041666666666666664
0 0.3901375534188034 0.190625 0.0421875 0.035416666666666666
0 0.35643130274261603 0.20088343881856538 0.0390625 0.04791666666666667
0 0.4266725352112676 0.25287558685446004 0.03125 0.0458333333333333
0 0.3898763020833333 0.30516493055555555 0.026562499999999954 0.035416666666666666
0 0.8597779605263158 0.17705043859649122 0.03125 0.04375
0 0.6296875 0.651316391941392 0.034375 0.03958333333333333
0 0.5359375 0.5625 0.034375 0.05416666666666667
0 0.58203125 0.6895833333333333 0.0296875 0.03333333333333333
0 0.56953125 0.653125 0.0296875 0.035416666666666666
0 0.11412787656903767 0.10002179218967923 0.05625000000000001 0.05
0 0.36640625 0.26458333333333334 0.0328125 0.0375
0 0.26171875 0.9385416666666667 0.028125 0.03958333333333333
0 0.0640625 0.21041666666666667 0.0296875 0.041666666666666664
0 0.09339488636363635 0.5380681818181817 0.029687499999999988 0.045833333333333275
0 0.3803977272727273 0.8762310606060606 0.03125 0.03958333333333333
0 0.19834735576923074 0.9854166666666667 0.03281249999999998 0.029166666666666667
0 0.9169270833333334 0.64375 0.0375 0.05
0 0.9634548611111111 0.4025462962962963 0.03420138888888893 0.041666666666666664
0 0.8853693181818182 0.44507575757575757 0.03125 0.041666666666666664
0 0.95411376953125 0.43258463541666664 0.0265625 0.04375
0 0.5883680555555555 0.553587962962963 0.0296875 0.04375
1 0.54296875 0.6885416666666667 0.1265625 0.15208333333333332
1 0.13828125 0.10729166666666666 0.0671875 0.06875
1 0.36796875 0.27708333333333335 0.0859375 0.0875
1 0.628125 0.84375 0.059375 0.06666666666666667
