0 0.0484375 0.6015376984126984 0.04375 0.05625
0 0.19140625 0.9427083333333334 0.0359375 0.04791666666666667
0 0.17970625 0.8813 0.028125 0.04583333333333333
0 0.2571127300613497 0.8934752044989775 0.0375 0.04375
0 0.6298257743362832 0.8552083333333333 0.03125 0.03958333333333333
0 0.5797321428571428 0.8400595238095239 0.034375 0.05
0 0.659230324074074 0.8256558641975309 0.0328125 0.03958333333333333
0 0.8595010080645162 0.7524193548387097 0.03125 0.03333333333333333
0 0.8874330357142858 0.6205654761904762 0.0421875 0.04791666666666667
0 0.8209821428571429 0.42529761904761904 0.0375 0.04583333333333333
0 0.5965277777777778 0.32962962962962966 0.0359375 0.03958333333333333
0 0.85703125 0.2140432098765432 0.0296875 0.0375
0 0.78203125 0.215625 0.0296875 0.035416666666666666
0 0.7174415650406505 0.3600525067750677 0.028125 0.03958333333333333
0 0.9515625 0.1025297619047619 0.028125 0.04375
0 0.8483355978260869 0.05715579710144927 0.0328125 0.04583333333333332
0 0.8139508928571428 0.027678571428571427 0.0296875 0.05
0 0.6372702205882353 0.10974264705882351 0.0390625 0.04791666666666665
0 0.6288461538461538 0.16177884615384616 0.034375 0.04375
0 0.613107638888889 0.28854166666666664 0.0328125 0.04791666666666667
0 0.572410102739726 0.44716038812785386 0.028125 0.03125
0 0.5470847315436241 0.4804879753914989 0.0375 0.03958333333333333
0 0.48125 0.6677083333333333 0.034375 0.04791666666666667
0 0.376342627245509 0.5622068363273452 0.0328125 0.03958333333333333
0 0.3643669871794872 0.5358226495726496 0.028125 0.0375
0 0.3566358024691358 0.440625 0.03125 0.03958333333333333
0 0.33178917253521123 0.38125 0.0359375 0.041666666666666664
0 0.33203125 0.428125 0.0359375 0.027083333333333334
0 0.3305325689244384 0.4427083333333333 0.0359375 0.03125
0 0.22204861111111113 0.4938657407407407 0.0375 0.04791666666666667
0 0.15211316079295154 0.43682544052863437 0.0375 0.03958333333333333
0 0.0953860294117647 0.3645833333333333 0.03764705882352941 0.05416666666666667
0 0.11983173076923077 0.315625 0.0328125 0.04375
0 0.0328125 0.3145833333333333 0.040625 0.041666666666666664
0 0.023458772974812796 0.30940336396641704 0.028125 0.03958333333333333
0 0.36109375 0.793125 0.0390625 0.04791666666666667
0 0.31184440559440557 0.32037441724941723 0.05 0.052083333333333336
0 0.401532794676806 0.3468353929024081 0.028124999999999956 0.035416666666666666
0 0.46875 0.31239120974760665 0.034375 0.045398172323759846
0 0.583056640625 0.21145833333333333 0.040625 0.052083333333333336
0 0.4200047348484849 0.03791035353535353 0.0296875 0.035416666666666666
0 0.4080295138888889 0.1625 0.03125000000000004 0.041666666666666664
0 0.3855334051724138 0.19270833333333334 0.0421875 0.035416666666666666
0 0.3543658088235294 0.1974877450980392 0.0390625 0.04791666666666667
0 0.4234375 0.2511143410852713 0.03125 0.0458333333333333
0 0.3871716485507246 0.30520833333333336 0.026562499999999954 0.035416666666666666
0 0.8607730263157896 0.17439692982456143 0.03125 0.04375
0 0.6283672480620155 0.649281330749354 0.034375 0.03958333333333333
0 0.5359375 0.5625 0.034375 0.05416666666666667
0 0.58203125 0.6895833333333333 0.0296875 0.03333333333333333
0 0.56953125 0.653125 0.0296875 0.035416666666666666
0 0.1140625 0.1 0.05625 0.05
0 0.36640625 0.26458333333333334 0.0328125 0.0375
0 0.1734375 0.09568452380952382 0.0296875 0.04583333333333333
0 0.33542798913043476 0.821875 0.0296875 0.03958333333333333
0 0.19609375 0.9846906565656565 0.0328125 0.03061868686868685
0 0.8358506944444445 0.9271990740740741 0.0328125 0.04791666666666667
0 0.7967329545454545 0.7263257575757576 0.03749999999999991 0.05
0 0.654079861111111 0.4871527777777778 0.0390625 0.035416666666666666
0 0.7776988636363636 0.12320075757575759 0.025 0.039583333333333345
0 0.8 0.5572916666666666 0.040625 0.052083333333333336
0 0.9427849264705882 0.42726715686274513 0.0265625 0.04375
0 0.44453125 0.8642628205128206 0.0421875 0.04583333333333333
0 0.5281622023809524 0.7489583333333333 0.0296875 0.04375
0 0.05167410714285714 0.23854166666666668 0.03147321428571429 0.041369047619047625
1 0.54296875 0.6885416666666667 0.1265625 0.15208333333333332
1 0.13828125 0.10729166666666666 0.0671875 0.06875
1 0.36796875 0.27708333333333335 0.0859375 0.0875
1 0.628125 0.84375 0.059375 0.06666666666666667
