0 0.05375905797101449 0.6143870772946859 0.04375 0.05625
0 0.19569972826086954 0.9470018115942029 0.035937499999999976 0.04791666666666667
0 0.18423349056603772 0.8874056603773586 0.028125 0.04583333333333333
0 0.28725961538461536 0.9099626068376068 0.034375 0.04375
0 0.6386963828425096 0.853125 0.03125 0.03958333333333333
0 0.626872226331361 0.8458333333333333 0.034375 0.041666666666666664
0 0.68296875 0.8496875 0.0328125 0.03958333333333333
0 0.8606327160493826 0.7508641975308642 0.03125 0.03333333333333333
0 0.9023066946640317 0.6384922595520421 0.0421875 0.04791666666666667
0 0.7995659722222221 0.45706018518518515 0.03749999999999991 0.04583333333333333
0 0.810576923076923 0.3162660256410257 0.03437499999999991 0.03958333333333333
0 0.8660690197841726 0.21621702637889686 0.0296875 0.0375
0 0.8190877016129032 0.24657930107526882 0.0296875 0.035416666666666666
0 0.7406139184397162 0.35625738770685583 0.028125 0.03958333333333333
0 0.9554400802752294 0.10420489296636086 0.028125 0.04375
0 0.8554794520547946 0.06458333333333334 0.0328125 0.04583333333333333
0 0.8362246788537548 0.02949604743083004 0.0296875 0.05
0 0.6621949404761904 0.11385912698412698 0.0390625 0.04791666666666667
0 0.641909605704698 0.17013422818791948 0.034375 0.04375
0 0.6085991942508711 0.290625 0.0328125 0.04791666666666667
0 0.5855811403508773 0.45729166666666665 0.028125 0.03125
0 0.5542263719512195 0.4864583333333333 0.0375 0.03958333333333333
0 0.4942915482954546 0.6544862689393939 0.034375 0.04791666666666667
0 0.39670333520179374 0.5747711136023916 0.0328125 0.03958333333333333
0 0.3793710443037975 0.5537447257383967 0.028125 0.0375
0 0.3848651960784314 0.4579452614379085 0.03125 0.03958333333333333
0 0.36324470029239764 0.40622563352826513 0.0359375 0.041666666666666664
0 0.3309933520260492 0.428125 0.0359375 0.027083333333333334
0 0.33291620575221237 0.4427083333333333 0.0359375 0.03125
0 0.23119485294117648 0.511311274509804 0.0375 0.04791666666666667
0 0.1625 0.44141081871345034 0.0375 0.04156432748538012
0 0.1322610294117647 0.3806372549019608 0.03125 0.041666666666666664
0 0.12094646516393444 0.31354166666666666 0.0328125 0.04375
0 0.0328125 0.3145833333333333 0.040625 0.041666666666666664
0 0.024253318584070795 0.3104627581120944 0.028125 0.03958333333333333
0 0.3597553066037736 0.8047287735849057 0.0390625 0.04791666666666667
0 0.31404109589041096 0.32809646118721464 0.05 0.052083333333333336
0 0.40042330085551325 0.3453560678073511 0.028124999999999956 0.035416666666666666
0 0.48389423076923077 0.30969551282051283 0.034375 0.031891025641025667
0 0.5919034090909091 0.21543560606060605 0.040625 0.052083333333333336
0 0.4125571646341464 0.034375 0.034375000000000044 0.04375
0 0.42396065848214287 0.02846912202380952 0.0296875 0.035416666666666666
0 0.4073672715053763 0.16160394265232975 0.031249999999999955 0.041666666666666664
0 0.4144282537453184 0.20123673533083644 0.042187500000000044 0.035416666666666666
0 0.3759664351851852 0.209375 0.0390625 0.04791666666666667
0 0.4254003099173554 0.24321625344352615 0.03125 0.04583333333333333
0 0.39612140486725667 0.296875 0.0265625 0.035416666666666666
0 0.8640404929577464 0.17601232394366198 0.03125 0.04375
0 0.6342396349009901 0.653125 0.034375 0.03958333333333333
0 0.5359375 0.5625 0.034375 0.05416666666666667
0 0.58203125 0.6895833333333333 0.0296875 0.03333333333333333
0 0.56953125 0.653125 0.0296875 0.035416666666666666
0 0.11822044979079498 0.10138598326359834 0.05625 0.05
0 0.36640625 0.26458333333333334 0.0328125 0.0375
0 0.4092881944444445 0.7596064814814815 0.0296875 0.03958333333333333
0 0.08888888888888889 0.7457175925925926 0.026041666666666675 0.040509259259259287
0 0.3396875 0.016874999999999998 0.028750000000000008 0.033749999999999995
0 0.9756696428571429 0.5383928571428572 0.026785714285714236 0.03988095238095237
0 0.2091625 0.9904833333333334 0.03125 0.019033333333333385
1 0.54296875 0.6885416666666667 0.1265625 0.15208333333333332
1 0.13828125 0.10729166666666666 0.0671875 0.06875
1 0.36796875 0.27708333333333335 0.0859375 0.0875
1 0.628125 0.84375 0.059375 0.06666666666666667
