0 0.049705882352941176 0.6052083333333333 0.04375 0.05625
0 0.1915240036231884 0.9428260869565218 0.0359375 0.04791666666666667
0 0.1806 0.8836833333333334 0.028125 0.04583333333333333
0 0.26944976993865033 0.9044414621676892 0.0375 0.04375
0 0.6335435779816514 0.8536792813455657 0.03125 0.03958333333333333
0 0.597032174556213 0.84375 0.034375 0.04354043392504939
0 0.67265625 0.8621527777777778 0.0328125 0.03958333333333333
0 0.8609375 0.7555805632502308 0.03125 0.03333333333333333
0 0.89765625 0.6371279761904761 0.0421875 0.04791666666666667
0 0.7648065476190476 0.4427579365079365 0.0375 0.04583333333333333
0 0.67015625 0.3252083333333333 0.0359375 0.03958333333333333
0 0.85859375 0.21729465709728865 0.0296875 0.0375
0 0.79296875 0.22742135761589402 0.0296875 0.035416666666666666
0 0.7237871503496504 0.35890879953379956 0.028125 0.03958333333333333
0 0.9527624309392266 0.103125 0.028125 0.04375
0 0.8508822737068966 0.0625 0.0328125 0.04583333333333333
0 0.8216209739263803 0.029869631901840495 0.0296875 0.05
0 0.6526346982758621 0.11315373563218391 0.0390625 0.04791666666666667
0 0.6362935126582279 0.16586234177215192 0.034375 0.04375
0 0.6150895365168539 0.2864583333333333 0.0328125 0.04791666666666667
0 0.5798919392523365 0.4513142523364486 0.028125 0.03125
0 0.5497118506493506 0.4839908008658009 0.0375 0.03958333333333333
0 0.47992187499999994 0.6717708333333333 0.034375 0.04791666666666667
0 0.38525261563876656 0.5715354258443466 0.03281250000000004 0.03958333333333333
0 0.36834102348993286 0.5472734899328859 0.028125 0.03750000000000006
0 0.37589699074074073 0.4505979938271605 0.03125 0.03958333333333333
0 0.350625 0.3900520833333333 0.0359375 0.041666666666666664
0 0.33249271373056993 0.428125 0.0359375 0.027083333333333334
0 0.3314451795439074 0.4427083333333333 0.0359375 0.03125
0 0.2266880580357143 0.5012927827380953 0.0375 0.04791666666666667
0 0.15918912639405206 0.439401332094176 0.0375 0.03958333333333333
0 0.10398586783439492 0.3699708067940552 0.034484474522292995 0.046841825902335425
0 0.1195689915458937 0.3176580112721417 0.0328125 0.04375
0 0.0328125 0.3145833333333333 0.040625 0.041666666666666664
0 0.023762976514635808 0.3098089686861811 0.028125 0.03958333333333333
0 0.3692732224770642 0.7967603211009174 0.0390625 0.04791666666666667
0 0.30873194945848376 0.32395833333333335 0.05 0.052083333333333336
0 0.4011080085551331 0.3462690114068441 0.028125000000000046 0.035416666666666666
0 0.46875 0.3108355091383812 0.034375 0.03917536988685815
0 0.5854656862745098 0.2129125816993464 0.040625 0.052083333333333336
0 0.42109375 0.03478609253065775 0.0296875 0.035416666666666666
0 0.409375 0.1625 0.03125 0.041666666666666664
0 0.39479424504950494 0.19427599009900992 0.0421875 0.035416666666666666
0 0.3586131599378882 0.20522127329192547 0.0390625 0.04791666666666667
0 0.4232772435897436 0.24770299145299143 0.03125 0.0458333333333333
0 0.3915477594339623 0.30274764150943395 0.026562500000000044 0.035416666666666666
0 0.860989152892562 0.17617940771349863 0.03125 0.04375
0 0.6296875 0.6550938644688645 0.034375 0.03958333333333333
0 0.5359375 0.5625 0.034375 0.05416666666666667
0 0.58203125 0.6895833333333333 0.0296875 0.03333333333333333
0 0.56953125 0.653125 0.0296875 0.035416666666666666
0 0.115206589958159 0.10038136331938634 0.05625 0.05
0 0.36640625 0.26458333333333334 0.0328125 0.0375
0 0.3405133928571428 0.6761904761904761 0.0296875 0.0375
0 0.42765624999999996 0.22416666666666665 0.0296875 0.041666666666666664
0 0.2216796875 0.8265625 0.040625 0.0375
0 0.455078125 0.9526041666666667 0.03125 0.03958333333333333
0 0.20265624999999998 0.9874166666666667 0.032062500000000015 0.025166666666666632
0 0.9671145833333334 0.43645833333333334 0.0265625 0.04375
0 0.65390625 0.23625000000000002 0.0296875 0.041666666666666664
1 0.54296875 0.6885416666666667 0.1265625 0.15208333333333332
1 0.13828125 0.10729166666666666 0.0671875 0.06875
1 0.36796875 0.27708333333333335 0.0859375 0.0875
1 0.628125 0.84375 0.059375 0.06666666666666667
