0 0.07602163461538461 0.6255742521367522 0.04375 0.05625
0 0.20514112903225806 0.9502889784946237 0.034939516129032254 0.04791666666666667
0 0.19017137096774195 0.8880376344086022 0.02812500000000002 0.04583333333333333
0 0.30245578393881456 0.9127728648820904 0.034375 0.04375
0 0.6440119760479042 0.853935878243513 0.03125 0.03958333333333333
0 0.6374851190476191 0.847390873015873 0.034375 0.041666666666666664
0 0.6897636217948718 0.8502136752136752 0.0328125 0.03333333333333333
0 0.8598341049382716 0.7476697530864198 0.03125 0.03333333333333333
0 0.9247329905063291 0.6483913502109704 0.0421875 0.04791666666666667
0 0.8053756476683939 0.49200129533678755 0.03750000000000009 0.04583333333333333
0 0.860186298076923 0.30520833333333336 0.034375 0.03958333333333333
0 0.8653437500000001 0.22641666666666668 0.0296875 0.0375
0 0.8353515625 0.26588541666666665 0.0296875 0.035416666666666666
0 0.7546875 0.3516913082437276 0.028125 0.03958333333333333
0 0.63359375 0.7270833333333333 0.0359375 0.04583333333333333
0 0.9568440082644628 0.10520833333333333 0.028125 0.04375
0 0.8676974176646708 0.06961077844311377 0.0328125 0.04583333333333333
0 0.8436212225274724 0.03333333333333333 0.0296875 0.05
0 0.6767992424242424 0.1251578282828283 0.042424242424242475 0.04791666666666667
0 0.6522149725274725 0.171875 0.034375 0.04375
0 0.6154701266519824 0.2937270558002937 0.0328125 0.04791666666666667
0 0.5886556345733042 0.4588325127644055 0.028125 0.03125
0 0.55625 0.4864583333333333 0.0375 0.03958333333333333
0 0.49589629120879125 0.6557348901098902 0.034375 0.04791666666666667
0 0.4062230603448276 0.5734195402298851 0.0328125 0.03333333333333333
0 0.3858125 0.54825 0.028125 0.03750000000000006
0 0.3828125 0.4552083333333333 0.03125 0.03958333333333333
0 0.37364623091603055 0.41881361323155214 0.0359375 0.041666666666666664
0 0.3328656385672938 0.428125 0.0359375 0.027083333333333334
0 0.33423725748808714 0.4427083333333333 0.0359375 0.03125
0 0.23684532122905028 0.5053829143389199 0.0375 0.04791666666666667
0 0.1701548793859649 0.43167032163742686 0.0375 0.041666666666666664
0 0.15692148760330576 0.3875 0.03125 0.041666666666666664
0 0.12453722133757963 0.3177083333333333 0.0328125 0.04375
0 0.0328125 0.3145833333333333 0.040625 0.041666666666666664
0 0.02469366916269571 0.31104989221692764 0.028125 0.03958333333333333
0 0.3652682086614173 0.8058152887139107 0.0390625 0.04791666666666667
0 0.3238785660660661 0.32931368868868865 0.05 0.052083333333333336
0 0.3995166366906475 0.3454361510791367 0.028125000000000046 0.035416666666666666
0 0.48485054347826084 0.31145833333333334 0.034375 0.03445048309178749
0 0.5961507510729613 0.215625 0.040625 0.052083333333333336
0 0.44561011904761905 0.0785218253968254 0.034375 0.04375
0 0.4324350421348314 0.023958333333333335 0.0296875 0.035416666666666666
0 0.4077932776801406 0.15583809314586994 0.028163444639718805 0.03858011130638547
0 0.4284371472911964 0.16697940180586907 0.0421875 0.035416666666666666
0 0.3872204701834862 0.2063742354740061 0.0390625 0.04791666666666667
0 0.42936126373626377 0.2471382783882784 0.03125 0.045833333333333365
0 0.40296875 0.3022916666666667 0.028437499999999984 0.03291666666666669
0 0.8819681677018634 0.19006211180124222 0.029425465838509267 0.0419254658385093
0 0.6360049460431655 0.6551184052757794 0.034375 0.03958333333333333
0 0.5359375 0.5625 0.034375 0.05416666666666667
0 0.58203125 0.6895833333333333 0.0296875 0.03333333333333333
0 0.56953125 0.653125 0.0296875 0.035416666666666666
0 0.12492637434554973 0.10413394415357766 0.05625 0.05
0 0.36640625 0.26458333333333334 0.0328125 0.0375
0 0.36484375 0.49895833333333334 0.0328125 0.03958333333333333
0 0.97578125 0.8973958333333333 0.025 0.034375
0 0.5549715909090909 0.4504734848484848 0.03409090909090908 0.03920454545454544
0 0.9448660714285714 0.7025297619047619 0.0203125 0.03958333333333333
0 0.6003125 0.9854166666666667 0.040625 0.029166666666666667
0 0.3 0.8989583333333333 0.0296875 0.03958333333333333
0 0.9539772727272726 0.9587121212121212 0.021875 0.029166666666666667
0 0.9744791666666666 0.48465277777777777 0.034375 0.04375
0 0.05133928571428572 0.03824404761904762 0.02767857142857143 0.035416666666666666
1 0.54296875 0.6885416666666667 0.1265625 0.15208333333333332
1 0.13828125 0.10729166666666666 0.0671875 0.06875
1 0.36796875 0.27708333333333335 0.0859375 0.0875
1 0.628125 0.84375 0.059375 0.06666666666666667
