0 0.05 0.6063963498622589 0.04375 0.05625
0 0.19243885869565217 0.9437409420289856 0.035937499999999976 0.04791666666666667
0 0.180915625 0.884525 0.028125 0.04583333333333333
0 0.27335695876288657 0.9057882302405498 0.03663015463917527 0.04375
0 0.6350952304737516 0.853125 0.03125 0.03958333333333333
0 0.6038313356164384 0.8433005136986301 0.034375 0.041666666666666664
0 0.6783052884615385 0.8178685897435898 0.0328125 0.03958333333333333
0 0.8609375 0.7544148199445984 0.03125 0.03333333333333333
0 0.89765625 0.637962962962963 0.0421875 0.04791666666666667
0 0.7677556818181819 0.44090909090909086 0.0375 0.04583333333333333
0 0.6773168103448276 0.3307112068965517 0.034375 0.03958333333333333
0 0.8592827263779528 0.21875 0.0296875 0.0375
0 0.79296875 0.2293800200803213 0.0296875 0.035416666666666666
0 0.7259943181818181 0.35596590909090914 0.028125 0.03958333333333333
0 0.95322265625 0.10325520833333333 0.028125 0.04375
0 0.8515625 0.0625 0.0328125 0.04583333333333333
0 0.8253060567010309 0.03125 0.0296875 0.05
0 0.6531788793103448 0.11242816091954025 0.0390625 0.047916666666666684
0 0.6382911392405063 0.1671940928270042 0.034375 0.04375
0 0.6154972956730769 0.2882011217948718 0.0328125 0.047916666666666635
0 0.5813668224299066 0.4532807632398754 0.028125 0.03125
0 0.5505316558441559 0.48508387445887446 0.0375 0.03958333333333333
0 0.4820738636363636 0.6708143939393939 0.034375 0.04791666666666667
0 0.38865395642201833 0.5738340978593273 0.0328125 0.03958333333333333
0 0.371616124260355 0.55 0.028125 0.0375
0 0.383203125 0.45546875 0.03125 0.03958333333333333
0 0.35457031250000004 0.3913671875 0.0359375 0.041666666666666664
0 0.3333103950777202 0.428125 0.0359375 0.027083333333333334
0 0.3317674651123213 0.4427083333333333 0.0359375 0.03125
0 0.22809709821428573 0.5041108630952381 0.0375 0.04791666666666667
0 0.16094911710037174 0.4378368959107807 0.0375 0.03958333333333333
0 0.10806451612903226 0.3718701996927803 0.03124999999999999 0.041666666666666664
0 0.11953125 0.31600620567375887 0.0328125 0.04375
0 0.0328125 0.3145833333333333 0.040625 0.041666666666666664
0 0.023870405037440433 0.30995220671658724 0.028125 0.03958333333333333
0 0.3684934701492537 0.7982587064676617 0.0390625 0.04791666666666667
0 0.30930166967509026 0.32395833333333335 0.05 0.052083333333333336
0 0.4009579966730038 0.34606899556400506 0.028125 0.035416666666666666
0 0.47021103896103894 0.3104166666666667 0.034375 0.03706709956709962
0 0.5863451086956522 0.21354166666666666 0.040625 0.052083333333333336
0 0.3775923295454546 0.009327651515151516 0.02279829545454546 0.018655303030303032
0 0.4213989825581395 0.03356104651162791 0.0296875 0.035416666666666666
0 0.409375 0.1625 0.03125 0.041666666666666664
0 0.39948299632352946 0.1986825980392157 0.042187500000000044 0.035416666666666666
0 0.36057356366459625 0.20652820910973085 0.0390625 0.04791666666666667
0 0.42225136861313867 0.24583333333333332 0.03125 0.04583333333333333
0 0.3921432783018868 0.30115959119496855 0.0265625 0.035416666666666666
0 0.862293388429752 0.1796573691460055 0.03125 0.04375
0 0.630588400900901 0.6546077327327328 0.034375 0.03958333333333333
0 0.5359375 0.5625 0.034375 0.05416666666666667
0 0.58203125 0.6895833333333333 0.0296875 0.03333333333333333
0 0.56953125 0.653125 0.0296875 0.035416666666666666
0 0.11586689330543934 0.10060146443514645 0.05625 0.05
0 0.36640625 0.26458333333333334 0.0328125 0.0375
0 0.4875 0.8645833333333334 0.028125 0.03958333333333333
0 0.45546875 0.46458333333333335 0.0296875 0.0375
0 0.8765625 0.7989583333333333 0.03125 0.04375
0 0.6327008928571429 0.10654761904761906 0.0328125 0.041666666666666664
0 0.36822916666666666 0.925 0.040625 0.0375
0 0.20483774038461539 0.9895833333333334 0.03125 0.020833333333333332
0 0.9721475290697674 0.43645833333333334 0.0265625 0.04375
0 0.6827785326086956 0.050452898550724636 0.0296875 0.0431159420289855
0 0.16640625 0.603125 0.0359375 0.04375
0 0.01015625 0.14166666666666666 0.0203125 0.029166666666666667
0 0.21302083333333335 0.1673611111111111 0.034375000000000024 0.041666666666666664
1 0.54296875 0.6885416666666667 0.1265625 0.15208333333333332
1 0.13828125 0.10729166666666666 0.0671875 0.06875
1 0.36796875 0.27708333333333335 0.0859375 0.0875
1 0.628125 0.84375 0.059375 0.06666666666666667
