0 0.0484375 0.6016369047619048 0.04375 0.05625
0 0.19140625 0.9427083333333334 0.0359375 0.04791666666666667
0 0.17971874999999998 0.8813333333333334 0.028125 0.04583333333333333
0 0.2572852760736196 0.8936285787321064 0.0375 0.04375
0 0.6298534292035398 0.8552083333333333 0.03125 0.03958333333333333
0 0.5800535714285714 0.8401547619047619 0.034375 0.05
0 0.6587673611111111 0.8244212962962963 0.0328125 0.03958333333333333
0 0.8595262096774194 0.7524865591397849 0.03125 0.03333333333333333
0 0.8875758928571429 0.6211369047619048 0.0421875 0.04791666666666667
0 0.8198958333333334 0.43430555555555556 0.0375 0.04583333333333333
0 0.6003472222222223 0.33287037037037037 0.0359375 0.03958333333333333
0 0.85703125 0.21435185185185185 0.0296875 0.0375
0 0.78203125 0.215625 0.0296875 0.035416666666666666
0 0.7174923780487805 0.3601880081300813 0.028125 0.03958333333333333
0 0.9515625 0.10282738095238095 0.028125 0.04375
0 0.8484714673913043 0.057336956521739126 0.0328125 0.04583333333333333
0 0.8143973214285714 0.02738095238095238 0.029687499999999912 0.05
0 0.6375153186274509 0.10990604575163397 0.0390625 0.04791666666666665
0 0.6289903846153846 0.16184294871794871 0.034375 0.04375
0 0.6133854166666667 0.28854166666666664 0.0328125 0.04791666666666667
0 0.5725171232876712 0.44721746575342464 0.028125 0.03125
0 0.547126677852349 0.480543903803132 0.0375 0.03958333333333333
0 0.48125 0.6677083333333333 0.034375 0.04791666666666667
0 0.3764549026946108 0.5623565369261477 0.0328125 0.03958333333333333
0 0.36443108974358973 0.5359081196581196 0.028125 0.03749999999999994
0 0.35671296296296295 0.440625 0.03125 0.03958333333333333
0 0.3320532570422535 0.38125 0.0359375 0.041666666666666664
0 0.33203125 0.428125 0.0359375 0.027083333333333334
0 0.33054533270932607 0.4427083333333333 0.0359375 0.03125
0 0.22239583333333335 0.4940972222222222 0.0375 0.04791666666666667
0 0.15222329295154186 0.43689886196769456 0.0375 0.03958333333333333
0 0.09542279411764706 0.3645833333333333 0.03772058823529412 0.05416666666666667
0 0.11989182692307691 0.315625 0.0328125 0.04375
0 0.0328125 0.3145833333333333 0.040625 0.041666666666666664
0 0.023463027569775356 0.3094090367597005 0.028125 0.03958333333333333
0 0.36128125 0.7932083333333334 0.0390625 0.04791666666666667
0 0.3117132867132867 0.3204909673659674 0.05 0.052083333333333336
0 0.40152685361216733 0.3468274714828897 0.028125 0.035416666666666666
0 0.46875 0.31236945169712793 0.034375 0.04531114012184509
0 0.58310546875 0.21145833333333333 0.040625 0.052083333333333336
0 0.4200994318181818 0.03778409090909091 0.0296875 0.035416666666666666
0 0.4080729166666667 0.1625 0.03125000000000004 0.041666666666666664
0 0.38510237068965514 0.19270833333333334 0.0421875 0.035416666666666666
0 0.35445772058823527 0.19761029411764708 0.0390625 0.04791666666666667
0 0.4234375 0.25092054263565894 0.03125 0.045833333333333365
0 0.38726222826086953 0.30520833333333336 0.026562499999999954 0.035416666666666666
0 0.8607401315789474 0.17448464912280703 0.03125 0.04375
0 0.6284156976744186 0.6493459302325582 0.034375 0.03958333333333333
0 0.5359375 0.5625 0.034375 0.05416666666666667
0 0.58203125 0.6895833333333333 0.0296875 0.03333333333333333
0 0.56953125 0.653125 0.0296875 0.035416666666666666
0 0.1140625 0.1 0.05625 0.05
0 0.36640625 0.26458333333333334 0.0328125 0.0375
0 0.1703125 0.109375 0.0296875 0.04583333333333333
0 0.3362432065217391 0.821875 0.0296875 0.03958333333333333
0 0.19609375 0.9847537878787879 0.0328125 0.03049242424242422
0 0.83515625 0.928125 0.0328125 0.04791666666666667
0 0.7933238636363636 0.7164772727272728 0.0375 0.05
0 0.6651909722222222 0.4815972222222222 0.0390625 0.035416666666666666
0 0.778125 0.13229166666666667 0.025 0.03958333333333333
0 0.796484375 0.5546875 0.040625 0.052083333333333336
0 0.9430606617647058 0.4275122549019608 0.0265625 0.04375
0 0.45078125 0.8700320512820513 0.0421875 0.04583333333333333
0 0.5308894230769231 0.7408653846153846 0.0296875 0.04375
0 0.05345982142857143 0.221875 0.03504464285714286 0.03660714285714288
1 0.54296875 0.6885416666666667 0.1265625 0.15208333333333332
1 0.13828125 0.10729166666666666 0.0671875 0.06875
1 0.36796875 0.27708333333333335 0.0859375 0.0875
1 0.628125 0.84375 0.059375 0.06666666666666667
