0 0.05 0.6055526859504131 0.04375 0.05625
0 0.19199501811594205 0.9432971014492754 0.0359375 0.04791666666666667
0 0.1807625 0.8841166666666667 0.028125 0.04583333333333333
0 0.2715152491408935 0.9054374284077892 0.03715635738831615 0.04375
0 0.6346050736235596 0.853125 0.03125 0.03958333333333333
0 0.5996361301369862 0.8436501141552512 0.034375 0.041666666666666664
0 0.6852678571428571 0.8382440476190476 0.0328125 0.03958333333333333
0 0.8609375 0.754980378578024 0.03125 0.03333333333333333
0 0.89765625 0.6375578703703704 0.0421875 0.04791666666666667
0 0.765625 0.4424135220125786 0.0375 0.04583333333333333
0 0.672487331081081 0.3260416666666667 0.0359375 0.03958333333333333
0 0.85859375 0.21833133971291865 0.0296875 0.0375
0 0.79296875 0.22815010040160644 0.0296875 0.035416666666666666
0 0.724923513986014 0.357393648018648 0.028125 0.03958333333333333
0 0.9529868784530386 0.103125 0.028125 0.04375
0 0.8512324892241379 0.0625 0.0328125 0.04583333333333333
0 0.8226179064417177 0.031198875255623724 0.0296875 0.05
0 0.6529148706896553 0.11278017241379311 0.0390625 0.04791666666666667
0 0.637321993670886 0.16654799578059074 0.034375 0.04375
0 0.6151292067307692 0.2872195512820513 0.0328125 0.04791666666666667
0 0.580651285046729 0.4523267133956386 0.028125 0.03125
0 0.5501339285714286 0.4845535714285714 0.0375 0.03958333333333333
0 0.4810298295454546 0.6712784090909091 0.034375 0.04791666666666667
0 0.387042263215859 0.5729671439060205 0.03281249999999995 0.03958333333333333
0 0.36935096153846153 0.55 0.028125 0.0375
0 0.3796585648148148 0.4531057098765432 0.03125 0.03958333333333333
0 0.35265625 0.3907291666666667 0.0359375 0.041666666666666664
0 0.3329136981865285 0.428125 0.0359375 0.027083333333333334
0 0.33161110874744726 0.4427083333333333 0.0359375 0.03125
0 0.2274135044642857 0.502743675595238 0.0375 0.04791666666666667
0 0.16009526022304832 0.4385958798017348 0.0375 0.03958333333333333
0 0.10579717356687898 0.3706608280254777 0.03189689490445861 0.04270169851380038
0 0.11953125 0.31687499999999996 0.0328125 0.04375
0 0.0328125 0.3145833333333333 0.040625 0.041666666666666664
0 0.023818286249149077 0.30988271499886544 0.028125 0.03958333333333333
0 0.36906483208955226 0.7974968905472637 0.0390625 0.04791666666666667
0 0.30902527075812275 0.32395833333333335 0.05 0.052083333333333336
0 0.4010307747148289 0.3461660329531052 0.028125 0.035416666666666666
0 0.46875 0.3105526544821584 0.034375 0.038043951261966906
0 0.5857843137254901 0.21333741830065361 0.040625 0.052083333333333336
0 0.42109375 0.034423773690078034 0.0296875 0.035416666666666666
0 0.409375 0.1625 0.03125 0.041666666666666664
0 0.39666819852941176 0.1971813725490196 0.0421875 0.035416666666666666
0 0.35962247670807457 0.20589415113871637 0.0390625 0.04791666666666667
0 0.4219719434306569 0.24583333333333332 0.03125 0.04583333333333333
0 0.3918543632075472 0.3019300314465409 0.0265625 0.035416666666666666
0 0.8616606404958678 0.17797004132231406 0.03125 0.04375
0 0.630128566066066 0.6549142892892893 0.034375 0.03958333333333333
0 0.5359375 0.5625 0.034375 0.05416666666666667
0 0.58203125 0.6895833333333333 0.0296875 0.03333333333333333
0 0.56953125 0.653125 0.0296875 0.035416666666666666
0 0.11554654811715481 0.10049468270571826 0.05625 0.05
0 0.36640625 0.26458333333333334 0.0328125 0.0375
0 0.36299715909090907 0.49640151515151515 0.0296875 0.0375
0 0.9630208333333334 0.8184027777777777 0.03125 0.04375
0 0.52421875 0.14661458333333333 0.0328125 0.041666666666666664
0 0.2980654761904762 0.8731150793650794 0.040625 0.0375
0 0.46633522727272725 0.971875 0.03125 0.03958333333333333
0 0.2038169642857143 0.9886547619047619 0.0315982142857143 0.022690476190476143
0 0.9703670058139535 0.43645833333333334 0.0265625 0.04375
0 0.6686979166666667 0.13486111111111113 0.0296875 0.041666666666666664
0 0.04248046875 0.550390625 0.0359375 0.04375
0 0.0984375 0.18958333333333333 0.03125 0.035416666666666666
1 0.54296875 0.6885416666666667 0.1265625 0.15208333333333332
1 0.13828125 0.10729166666666666 0.0671875 0.06875
1 0.36796875 0.27708333333333335 0.0859375 0.0875
1 0.628125 0.84375 0.059375 0.06666666666666667
