0 0.0545516304347826 0.6154438405797101 0.04375 0.05625
0 0.1953826992753623 0.9466847826086956 0.0359375 0.04791666666666667
0 0.18382075471698114 0.887130503144654 0.028125 0.04583333333333333
0 0.2858573717948718 0.9093393874643875 0.034375 0.04375
0 0.6383462708066581 0.853125 0.03125 0.03958333333333333
0 0.6260632396449705 0.8458333333333333 0.034375 0.041666666666666664
0 0.6939062500000001 0.8460416666666667 0.0328125 0.03958333333333333
0 0.8607002314814816 0.7511342592592593 0.03125 0.03333333333333333
0 0.9020905385375494 0.6382040513833992 0.0421875 0.04791666666666667
0 0.7703125 0.4 0.0375 0.04583333333333333
0 0.7977430555555556 0.31971450617283953 0.034375 0.03958333333333333
0 0.865675584532374 0.21569244604316545 0.0296875 0.0375
0 0.8183820564516129 0.24610887096774192 0.0296875 0.035416666666666666
0 0.7390625 0.3572916666666667 0.028125 0.03958333333333333
0 0.9551892201834862 0.10453937308868501 0.028125 0.04375
0 0.8543557363013699 0.06458333333333334 0.0328125 0.04583333333333333
0 0.8357923666007905 0.02978425559947299 0.0296875 0.05
0 0.6615973121761658 0.11350928324697754 0.0390625 0.04791666666666665
0 0.6409920302013423 0.1698895413870246 0.034375 0.04375
0 0.6097424869337978 0.290625 0.0328125 0.04791666666666667
0 0.5853070175438597 0.45729166666666665 0.028125 0.03125
0 0.5538262195121951 0.4864583333333333 0.0375 0.03958333333333333
0 0.49460227272727275 0.6540719696969697 0.034375 0.04791666666666667
0 0.3962128643497758 0.5741171524663677 0.0328125 0.03958333333333333
0 0.3786787974683544 0.5528217299578059 0.028125 0.0375
0 0.38522263071895424 0.45842184095860566 0.031249999999999955 0.03958333333333333
0 0.36246924212598425 0.4057086614173228 0.0359375 0.041666666666666664
0 0.3308350669319826 0.428125 0.0359375 0.027083333333333334
0 0.3328045226344452 0.4427083333333333 0.0359375 0.03125
0 0.23098039215686272 0.5107393790849672 0.0375 0.04791666666666661
0 0.1625 0.4407711988304094 0.0375 0.041308479532163746
0 0.12711397058823531 0.37977941176470587 0.03125 0.041666666666666664
0 0.12072233606557377 0.31354166666666666 0.0328125 0.04375
0 0.0328125 0.3145833333333333 0.040625 0.041666666666666664
0 0.0242160908781484 0.31041312117086456 0.028125 0.03958333333333333
0 0.3599616745283019 0.8039033018867925 0.0390625 0.04791666666666667
0 0.31366652397260275 0.3275970319634703 0.05 0.052083333333333336
0 0.4004752851711027 0.34542538022813685 0.028125000000000046 0.035416666666666666
0 0.4836467760180995 0.3098604826546003 0.034375 0.03222096530920062
0 0.59140625 0.21510416666666668 0.040625 0.052083333333333336
0 0.40487351190476184 0.05565476190476191 0.034374999999999954 0.04375
0 0.42371651785714287 0.028794642857142852 0.0296875 0.035416666666666666
0 0.4076612903225806 0.16081989247311826 0.031249999999999955 0.041666666666666664
0 0.41340414325842695 0.20069054307116105 0.0421875 0.035416666666666666
0 0.37313078703703706 0.209375 0.0390625 0.04791666666666667
0 0.424948347107438 0.243818870523416 0.03125 0.04583333333333333
0 0.3956452546296297 0.2971739969135802 0.026562500000000044 0.035416666666666666
0 0.8628851232394366 0.1744718309859155 0.03125 0.04375
0 0.6338335396039604 0.653125 0.034375 0.03958333333333333
0 0.5359375 0.5625 0.034375 0.05416666666666667
0 0.58203125 0.6895833333333333 0.0296875 0.03333333333333333
0 0.56953125 0.653125 0.0296875 0.035416666666666666
0 0.1179916317991632 0.10130971059972106 0.05625000000000001 0.05
0 0.36640625 0.26458333333333334 0.0328125 0.0375
0 0.46703124999999995 0.8922916666666667 0.0296875 0.03958333333333333
0 0.13167613636363637 0.7439393939393939 0.03125 0.0375
0 0.283984375 0.09479166666666666 0.028125 0.03958333333333333
0 0.8729166666666666 0.5673611111111111 0.028125 0.041666666666666664
0 0.4772321428571429 0.9730654761904761 0.0375 0.03958333333333333
0 0.20887083333333334 0.9902888888888889 0.03125 0.019422222222222275
1 0.54296875 0.6885416666666667 0.1265625 0.15208333333333332
1 0.13828125 0.10729166666666666 0.0671875 0.06875
1 0.36796875 0.27708333333333335 0.0859375 0.0875
1 0.628125 0.84375 0.059375 0.06666666666666667
