0 0.06501913265306122 0.609375 0.043750000000000004 0.05625
0 0.19752943840579712 0.9488315217391304 0.0359375 0.04791666666666667
0 0.184375 0.8889993686868688 0.028125 0.04583333333333333
0 0.2948554015296367 0.9119283779477374 0.034375 0.04375
0 0.6407170294494239 0.853125 0.03125 0.03958333333333333
0 0.6315412352071006 0.8458333333333333 0.034375 0.041666666666666664
0 0.7033854166666667 0.9018518518518519 0.0328125 0.03958333333333333
0 0.8602430555555556 0.7493055555555556 0.03125 0.03333333333333333
0 0.9092417433110368 0.6402905518394649 0.0421875 0.04791666666666667
0 0.7980113636363637 0.4789772727272727 0.0375 0.04583333333333333
0 0.82587890625 0.3025390625 0.034375 0.03958333333333333
0 0.86796875 0.21968537414965986 0.0296875 0.0375
0 0.8207648026315789 0.25224780701754385 0.0296875 0.03541666666666664
0 0.7466056034482759 0.353125 0.028125 0.03958333333333333
0 0.9576200738916256 0.10403838259441708 0.028125 0.04375
0 0.8610670540201004 0.06568257956448911 0.0328125 0.04583333333333333
0 0.8401164010067115 0.03143176733780761 0.0296875 0.05
0 0.6665724734042553 0.11704343971631206 0.039328457446808504 0.047916666666666684
0 0.647205327181208 0.17154642058165548 0.034375 0.04375
0 0.6079748774509804 0.29188316993464053 0.0328125 0.04791666666666667
0 0.5871632205513785 0.45729166666666665 0.028125 0.03125
0 0.55625 0.4864583333333333 0.0375 0.03958333333333333
0 0.49462773904382473 0.6563786520584329 0.034375 0.04791666666666667
0 0.4007202743902439 0.5794461382113821 0.03281249999999995 0.03549796747967472
0 0.38207358374384237 0.5540537766830871 0.028125 0.0375
0 0.38299209770114945 0.4554477969348659 0.03125 0.03958333333333333
0 0.36077748493975903 0.4045808232931727 0.0359375 0.041666666666666664
0 0.3319068831403763 0.428125 0.0359375 0.027083333333333334
0 0.3335607768890402 0.4427083333333333 0.0359375 0.03125
0 0.22999870331950206 0.5081215421853389 0.0375 0.04791666666666667
0 0.16852564102564102 0.43564102564102564 0.0375 0.041666666666666664
0 0.15243055555555557 0.3868827160493827 0.03125 0.041666666666666664
0 0.12247834158415842 0.31723391089108915 0.0328125 0.04375
0 0.0328125 0.3145833333333333 0.040625 0.041666666666666664
0 0.024468175629680056 0.31074923417290673 0.028125 0.03958333333333333
0 0.35874753937007875 0.8092929790026246 0.0390625 0.04791666666666667
0 0.31969313063063065 0.328125 0.05 0.052083333333333336
0 0.4001232770912548 0.34495603612167297 0.028125000000000046 0.035416666666666666
0 0.48197010869565216 0.31145833333333334 0.034375 0.03189009661835745
0 0.5940182403433476 0.215625 0.040625 0.052083333333333336
0 0.417679794520548 0.03985445205479452 0.034375 0.04375
0 0.42786016949152544 0.026182909604519775 0.0296875 0.035416666666666666
0 0.4066289543057996 0.16243592560046866 0.03049209138840072 0.04090875805506737
0 0.42347146739130437 0.18233695652173912 0.0421875 0.035416666666666666
0 0.3797526041666667 0.209375 0.0390625 0.04791666666666667
0 0.4279737903225806 0.2435483870967742 0.03125 0.04583333333333333
0 0.39751797566371677 0.296875 0.026562499999999954 0.035416666666666666
0 0.869375 0.18395833333333333 0.03125 0.04375
0 0.6365833849009901 0.653125 0.034375 0.03958333333333333
0 0.5359375 0.5625 0.034375 0.05416666666666667
0 0.58203125 0.6895833333333333 0.0296875 0.03333333333333333
0 0.56953125 0.653125 0.0296875 0.035416666666666666
0 0.11954105648535565 0.10182618549511856 0.05625 0.05
0 0.36640625 0.26458333333333334 0.0328125 0.0375
0 0.34693509615384616 0.013701923076923075 0.027043269230769208 0.02419871794871795
0 0.8328125 0.36770833333333336 0.034375 0.04375
0 0.1466911764705882 0.7602941176470588 0.03125 0.041666666666666664
0 0.035590277777777776 0.03194444444444445 0.02743055555555556 0.03148148148148148
0 0.3947916666666667 0.5822916666666667 0.03125000000000004 0.03958333333333333
0 0.9796875 0.5364583333333334 0.02562500000000014 0.03958333333333333
0 0.99140625 0.5729166666666666 0.0171875 0.025
0 0.21084583333333334 0.9916055555555555 0.03125000000000002 0.01678888888888892
0 0.725 0.02673611111111111 0.0375 0.03958333333333333
0 0.4171875 0.14791666666666667 0.03125 0.0375
1 0.54296875 0.6885416666666667 0.1265625 0.15208333333333332
1 0.13828125 0.10729166666666666 0.0671875 0.06875
1 0.36796875 0.27708333333333335 0.0859375 0.0875
1 0.628125 0.84375 0.059375 0.06666666666666667
