0 0.04892463235294118 0.6052083333333333 0.04375 0.05625
0 0.19140625 0.9427083333333334 0.0359375 0.04791666666666667
0 0.180334375 0.882975 0.028125 0.04583333333333333
0 0.2657831671779141 0.9011822597137015 0.0375 0.04375
0 0.6312154314159292 0.8552083333333333 0.03125 0.03958333333333333
0 0.5938886834319527 0.84375 0.034375 0.04773175542406302
0 0.6393973214285714 0.8668154761904762 0.0328125 0.03958333333333333
0 0.8607673891129032 0.755796370967742 0.03125 0.03333333333333333
0 0.89728125 0.6369583333333334 0.0421875 0.04791666666666667
0 0.7735294117647059 0.43002450980392154 0.0375 0.04583333333333333
0 0.66471875 0.321125 0.0359375 0.03958333333333333
0 0.85859375 0.2156000797448166 0.0296875 0.0375
0 0.79296875 0.22624862030905077 0.0296875 0.035416666666666666
0 0.721500748502994 0.36109655688622755 0.028125 0.03958333333333333
0 0.9523955455801104 0.103125 0.028125 0.04375
0 0.8503348214285713 0.061309523809523814 0.0328125 0.045833333333333344
0 0.8199913726993865 0.027696830265848668 0.0296875 0.05
0 0.6502529226618705 0.11354166666666667 0.0390625 0.04791666666666667
0 0.6346123417721519 0.1647415611814346 0.034375 0.04375
0 0.6165818117977528 0.2864583333333333 0.0328125 0.04791666666666667
0 0.5777878852739726 0.4500285388127854 0.028125 0.03125
0 0.5490219155844156 0.48307088744588744 0.0375 0.03958333333333333
0 0.4802329009433962 0.6704205974842767 0.034375 0.04791666666666667
0 0.38232723017621145 0.5691951174743025 0.0328125 0.03958333333333333
0 0.3674496644295302 0.541331096196868 0.028125 0.0375
0 0.3683199541284404 0.4470087920489297 0.03125 0.03958333333333333
0 0.3457561243718593 0.3875314070351759 0.0359375 0.041666666666666664
0 0.33203125 0.428125 0.0359375 0.027083333333333334
0 0.3311739491150442 0.4427083333333333 0.0359375 0.03125
0 0.22565253831417625 0.4992217432950191 0.0375 0.04791666666666667
0 0.15764730176211456 0.4405148678414097 0.0375 0.03958333333333333
0 0.10102507961783438 0.3688428874734607 0.038714171974522295 0.05360934182590237
0 0.12021059782608697 0.31680253623188404 0.0328125 0.04375
0 0.0328125 0.3145833333333333 0.040625 0.041666666666666664
0 0.023672566371681414 0.30968842182890854 0.028125 0.03958333333333333
0 0.3674455275229358 0.7959480122324158 0.0390625 0.04791666666666667
0 0.3082524819494585 0.32395833333333335 0.05 0.052083333333333336
0 0.4012342561787072 0.34643734157160966 0.028125 0.035416666666666666
0 0.46875 0.31129786771105306 0.034375 0.04102480417754564
0 0.5849448529411765 0.21221813725490196 0.040625 0.052083333333333336
0 0.42109375 0.03537834448160535 0.0296875 0.035416666666666666
0 0.409375 0.1625 0.03125 0.041666666666666664
0 0.39227430555555554 0.190625 0.0421875 0.035416666666666666
0 0.3574861550632912 0.20299314345991562 0.0390625 0.04791666666666667
0 0.42668269230769235 0.25224358974358974 0.03125 0.0458333333333333
0 0.39074435763888893 0.30400752314814816 0.026562500000000044 0.035416666666666666
0 0.8598074776785714 0.1775483630952381 0.03125 0.04375
0 0.6296875 0.6531478937728938 0.034375 0.03958333333333333
0 0.5359375 0.5625 0.034375 0.05416666666666667
0 0.58203125 0.6895833333333333 0.0296875 0.03333333333333333
0 0.56953125 0.653125 0.0296875 0.035416666666666666
0 0.11465088912133892 0.10019612970711297 0.05625 0.05
0 0.36640625 0.26458333333333334 0.0328125 0.0375
0 0.33546875 0.8458333333333333 0.0296875 0.0375
0 0.25625 0.23854166666666668 0.0296875 0.041666666666666664
0 0.029947916666666664 0.8324074074074074 0.0265625 0.04583333333333333
0 0.08683035714285714 0.7324404761904761 0.040625 0.0375
0 0.4171875 0.921875 0.03125 0.03958333333333333
0 0.3263392857142857 0.9138392857142856 0.03035714285714288 0.0502976190476191
0 0.2007512019230769 0.9854166666666667 0.0328125 0.029166666666666667
0 0.961376953125 0.4351888020833333 0.0265625 0.04375
0 0.6160342261904762 0.39895833333333336 0.0296875 0.04375
1 0.54296875 0.6885416666666667 0.1265625 0.15208333333333332
1 0.13828125 0.10729166666666666 0.0671875 0.06875
1 0.36796875 0.27708333333333335 0.0859375 0.0875
1 0.628125 0.84375 0.059375 0.06666666666666667
