0 0.05517578125 0.6127604166666667 0.04375 0.05625
0 0.19619791666666667 0.9475 0.0359375 0.04791666666666667
0 0.184375 0.8878393308080809 0.028125 0.04583333333333333
0 0.289463141025641 0.9109419515669516 0.034375 0.04375
0 0.6392465588988476 0.853125 0.03125 0.03958333333333333
0 0.6281434911242603 0.8458333333333333 0.034375 0.041666666666666664
0 0.6693474264705882 0.8637867647058823 0.0328125 0.03958333333333333
0 0.8605266203703703 0.7504398148148148 0.03125 0.03333333333333333
0 0.90234375 0.6373546511627908 0.0421875 0.04791666666666667
0 0.7901785714285714 0.4532738095238095 0.03749999999999991 0.04583333333333333
0 0.8244690533980583 0.30791868932038835 0.034375 0.03958333333333333
0 0.8666872751798561 0.21704136690647483 0.0296875 0.0375
0 0.81953125 0.24744791666666668 0.0296875 0.035416666666666666
0 0.7430518617021277 0.35463209219858155 0.028125 0.03958333333333333
0 0.9558342889908257 0.10367928134556575 0.028125 0.04375
0 0.8572452910958905 0.06458333333333334 0.0328125 0.04583333333333333
0 0.8370333473154362 0.029376398210290824 0.0296875 0.05
0 0.6630133928571429 0.1144047619047619 0.0390625 0.04791666666666667
0 0.6433515100671141 0.1705187360178971 0.034375 0.04375
0 0.6070741421568627 0.29068218954248365 0.0328125 0.04791666666666667
0 0.5860119047619048 0.45729166666666665 0.028125 0.03125
0 0.5548551829268293 0.4864583333333333 0.0375 0.03958333333333333
0 0.4938032670454546 0.6551373106060605 0.034375 0.04791666666666667
0 0.39747407511210764 0.5757987668161435 0.0328125 0.03958333333333333
0 0.3804588607594937 0.5551951476793249 0.028125 0.0375
0 0.3843121408045977 0.45720785440613027 0.03125 0.03958333333333333
0 0.36223958333333334 0.40555555555555556 0.0359375 0.041666666666666664
0 0.3312420857452967 0.428125 0.0359375 0.027083333333333334
0 0.333091707794418 0.4427083333333333 0.0359375 0.03125
0 0.2309517634854772 0.5106630359612725 0.0375 0.047916666666666725
0 0.16381410256410256 0.4403525641025641 0.0375 0.041666666666666664
0 0.14034926470588235 0.38198529411764703 0.03125 0.041666666666666664
0 0.12134127475247525 0.31420173267326734 0.0328125 0.04375
0 0.0328125 0.3145833333333333 0.040625 0.041666666666666664
0 0.024311819264805988 0.3105407590197414 0.028125 0.03958333333333333
0 0.3594310141509434 0.8060259433962265 0.0390625 0.04791666666666667
0 0.31555461711711713 0.328125 0.05 0.052083333333333336
0 0.40034161121673 0.3452471482889734 0.028124999999999956 0.035416666666666666
0 0.4842830882352941 0.30943627450980393 0.034375 0.03137254901960785
0 0.5925395654506438 0.215625 0.040625 0.052083333333333336
0 0.41360518292682924 0.034375 0.034374999999999954 0.04375
0 0.42461599576271186 0.027913135593220343 0.0296875 0.035416666666666666
0 0.4069052419354839 0.16283602150537632 0.03125000000000004 0.041666666666666664
0 0.4160375702247191 0.20209503745318352 0.0421875 0.035416666666666666
0 0.37783854166666664 0.209375 0.0390625 0.04791666666666667
0 0.4261105371900826 0.24226928374655646 0.03125 0.04583333333333333
0 0.3965016592920354 0.296875 0.0265625 0.035416666666666666
0 0.865625 0.17843528368794326 0.03125 0.04375
0 0.6348777846534653 0.653125 0.034375 0.03958333333333333
0 0.5359375 0.5625 0.034375 0.05416666666666667
0 0.58203125 0.6895833333333333 0.0296875 0.03333333333333333
0 0.56953125 0.653125 0.0296875 0.035416666666666666
0 0.11858002092050209 0.10150584030683403 0.05624999999999999 0.05
0 0.36640625 0.26458333333333334 0.0328125 0.0375
0 0.292578125 0.5739583333333333 0.0296875 0.03958333333333333
0 0.35 0.18354166666666666 0.03125 0.03958333333333333
0 0.9921875 0.390625 0.015625 0.035416666666666666
0 0.8903645833333333 0.9190972222222222 0.0296875 0.03958333333333333
0 0.2096208333333333 0.9907888888888888 0.03125 0.018422222222222236
1 0.54296875 0.6885416666666667 0.1265625 0.15208333333333332
1 0.13828125 0.10729166666666666 0.0671875 0.06875
1 0.36796875 0.27708333333333335 0.0859375 0.0875
1 0.628125 0.84375 0.059375 0.06666666666666667
