0 0.04845588235294118 0.6052083333333333 0.043750000000000004 0.05625
0 0.19140625 0.9427083333333334 0.0359375 0.04791666666666667
0 0.180175 0.8825500000000001 0.028125 0.04583333333333333
0 0.2635832055214724 0.8992267382413088 0.0375 0.04375
0 0.6308628318584071 0.8552083333333333 0.03125 0.03958333333333333
0 0.5917857142857142 0.8436309523809523 0.034375 0.05
0 0.63046875 0.8452083333333333 0.0328125 0.03958333333333333
0 0.860446068548387 0.7549395161290323 0.03125 0.03333333333333333
0 0.8927901785714285 0.6419940476190475 0.0421875 0.04791666666666667
0 0.8098958333333334 0.4479166666666667 0.03750000000000009 0.04583333333333333
0 0.6607077205882353 0.3244485294117647 0.0359375 0.04080882352941177
0 0.85859375 0.21458333333333332 0.0296875 0.0375
0 0.7912290592783504 0.2279746563573883 0.029687499999999912 0.03618986254295532
0 0.7200692365269461 0.36236901197604793 0.028125 0.03958333333333333
0 0.9521754143646408 0.103125 0.028125 0.04375
0 0.8500095663265306 0.0604421768707483 0.0328125 0.04583333333333333
0 0.8187823594674557 0.027083333333333334 0.0296875 0.05
0 0.6468131744604316 0.11354166666666667 0.0390625 0.04791666666666667
0 0.6336036392405063 0.16406909282700421 0.034375 0.04375
0 0.6174771769662921 0.2864583333333333 0.0328125 0.04791666666666667
0 0.5764233732876712 0.44930079908675796 0.028125 0.03125
0 0.5486079545454545 0.48251893939393936 0.0375 0.03958333333333333
0 0.4806087853773585 0.6694182389937107 0.034375 0.04791666666666667
0 0.38057199889867843 0.5677909324522761 0.0328125 0.03958333333333333
0 0.3667708333333333 0.5390277777777778 0.028125 0.03750000000000006
0 0.3632024082568807 0.445059250764526 0.03125 0.03958333333333333
0 0.3421521670854272 0.3853957286432161 0.0359375 0.041666666666666664
0 0.33203125 0.428125 0.0359375 0.027083333333333334
0 0.33101121085772633 0.4427083333333333 0.0359375 0.03125
0 0.2250419061302682 0.49800047892720306 0.0375 0.04791666666666667
0 0.15624311674008812 0.43957874449339207 0.0375 0.03958333333333333
0 0.0990184294871795 0.36718304843304844 0.039062500000000014 0.05416666666666667
0 0.1205955615942029 0.3162892512077295 0.0328125 0.04375
0 0.0328125 0.3145833333333333 0.040625 0.041666666666666664
0 0.023618320285908777 0.309616093714545 0.028125 0.03958333333333333
0 0.3663489105504587 0.7954606269113149 0.0390625 0.04791666666666667
0 0.3079648014440433 0.32395833333333335 0.05 0.052083333333333336
0 0.40131000475285167 0.346538339670469 0.028124999999999956 0.035416666666666666
0 0.46875 0.31157528285465624 0.034375 0.042134464751958235
0 0.5846323529411765 0.2118014705882353 0.040625 0.052083333333333336
0 0.42109375 0.03573369565217391 0.0296875 0.035416666666666666
0 0.409375 0.1625 0.03125 0.041666666666666664
0 0.39091212606837605 0.190625 0.0421875 0.035416666666666666
0 0.35681368670886077 0.20164820675105485 0.0390625 0.04791666666666667
0 0.4276298415492958 0.25372652582159627 0.03125 0.045833333333333365
0 0.3901909722222222 0.30474537037037036 0.0265625 0.035416666666666666
0 0.8595394736842105 0.1776864035087719 0.03125 0.04375
0 0.6296875 0.6519803113553113 0.034375 0.03958333333333333
0 0.5359375 0.5625 0.034375 0.05416666666666667
0 0.58203125 0.6895833333333333 0.0296875 0.03333333333333333
0 0.56953125 0.653125 0.0296875 0.035416666666666666
0 0.11431746861924685 0.10008498953974895 0.05624999999999999 0.05
0 0.36640625 0.26458333333333334 0.0328125 0.0375
0 0.330078125 0.9864583333333333 0.02578125 0.027083333333333334
0 0.13151041666666669 0.22222222222222224 0.0296875 0.041666666666666664
0 0.06940104166666668 0.6520833333333333 0.028385416666666663 0.04583333333333333
0 0.015625 0.6760416666666667 0.03125 0.03958333333333333
0 0.39921875 0.8859375 0.03125 0.03958333333333333
0 0.29921875 0.9305555555555556 0.028125 0.04583333333333333
0 0.19921875 0.9854166666666667 0.0328125 0.029166666666666667
0 0.9654687500000001 0.6316666666666666 0.03656249999999996 0.05
0 0.9354687500000001 0.4825 0.0359375 0.041666666666666664
0 0.9572998046875 0.43352864583333334 0.0265625 0.04375
0 0.6025607638888889 0.4997685185185185 0.0296875 0.04375
1 0.54296875 0.6885416666666667 0.1265625 0.15208333333333332
1 0.13828125 0.10729166666666666 0.0671875 0.06875
1 0.36796875 0.27708333333333335 0.0859375 0.0875
1 0.628125 0.84375 0.059375 0.06666666666666667
