0 0.05 0.6052599862258954 0.04375 0.05625
0 0.19184103260869567 0.9431431159420289 0.035937500000000025 0.04791666666666667
0 0.180709375 0.883975 0.028125 0.04583333333333333
0 0.27087628865979385 0.9053157216494846 0.03733891752577319 0.04375
0 0.634435019206146 0.853125 0.03125 0.03958333333333333
0 0.5983265532544378 0.84375 0.034375 0.041814595660749396
0 0.682421875 0.8458333333333333 0.0328125 0.03958333333333333
0 0.8609375 0.7551765927977839 0.03125 0.03333333333333333
0 0.89765625 0.6374173280423281 0.0421875 0.04791666666666667
0 0.765625 0.44174528301886795 0.0375 0.04583333333333333
0 0.6717694256756757 0.3260416666666667 0.0359375 0.03958333333333333
0 0.85859375 0.21799242424242424 0.0296875 0.0375
0 0.79296875 0.22790424944812362 0.0296875 0.035416666666666666
0 0.7245520104895105 0.357888986013986 0.028125 0.03958333333333333
0 0.9529135013812156 0.103125 0.028125 0.04375
0 0.8511179956896552 0.0625 0.0328125 0.04583333333333333
0 0.8222919861963189 0.03076431492842536 0.0296875 0.05
0 0.652823275862069 0.11290229885057472 0.0390625 0.04791666666666667
0 0.6369857594936709 0.16632383966244726 0.034375 0.04375
0 0.6150015024038462 0.2868790064102564 0.0328125 0.047916666666666635
0 0.5804030373831776 0.4519957165109034 0.028125 0.03125
0 0.5499959415584416 0.48436958874458874 0.0375 0.03958333333333333
0 0.4806676136363636 0.671439393939394 0.034375 0.04791666666666667
0 0.386457186123348 0.5724990822320117 0.03281249999999995 0.03958333333333333
0 0.36870805369127513 0.5497203579418345 0.028125 0.0375
0 0.37842881944444445 0.45228587962962963 0.03125 0.03958333333333333
0 0.3519921875 0.3905078125 0.0359375 0.041666666666666664
0 0.3327760686528497 0.428125 0.0359375 0.027083333333333334
0 0.3315568626616746 0.4427083333333333 0.0359375 0.03125
0 0.2271763392857143 0.5022693452380953 0.0375 0.04791666666666667
0 0.15979902416356878 0.43885920074349444 0.0375 0.03958333333333333
0 0.10520501592356687 0.3704352441613588 0.03274283439490446 0.04405520169851377
0 0.11953125 0.31717641843971633 0.0328125 0.04375
0 0.0328125 0.3145833333333333 0.040625 0.041666666666666664
0 0.023800204220558202 0.3098586056274109 0.028125 0.03958333333333333
0 0.36926305970149254 0.7972325870646766 0.0390625 0.04791666666666667
0 0.3089293772563177 0.32395833333333335 0.05 0.052083333333333336
0 0.4010560242395437 0.34619969898605835 0.028124999999999956 0.035416666666666666
0 0.46875 0.3106451261966928 0.034375 0.038413838120104474
0 0.5856801470588235 0.2131985294117647 0.040625 0.052083333333333336
0 0.42109375 0.03454222408026755 0.0296875 0.035416666666666666
0 0.409375 0.1625 0.03125 0.041666666666666664
0 0.39587716584158417 0.1964418316831683 0.0421875 0.035416666666666666
0 0.35929250776397514 0.2056741718426501 0.0390625 0.04791666666666667
0 0.421875 0.24583333333333332 0.03125 0.04583333333333333
0 0.3917541273584906 0.3021973270440252 0.0265625 0.035416666666666666
0 0.8614411157024794 0.17738464187327824 0.03125 0.04375
0 0.6299690315315315 0.6550206456456457 0.034375 0.03958333333333333
0 0.5359375 0.5625 0.034375 0.05416666666666667
0 0.58203125 0.6895833333333333 0.0296875 0.03333333333333333
0 0.56953125 0.653125 0.0296875 0.035416666666666666
0 0.11543540794979079 0.1004576359832636 0.05625 0.05
0 0.36640625 0.26458333333333334 0.0328125 0.0375
0 0.378515625 0.5502604166666667 0.0296875 0.0375
0 0.49430803571428567 0.1744047619047619 0.0328125 0.041666666666666664
0 0.27295673076923077 0.8621794871794872 0.040625 0.0375
0 0.4619791666666667 0.9631944444444444 0.03125 0.03958333333333333
0 0.20343750000000002 0.9882500000000001 0.031750000000000014 0.023499999999999945
0 0.969749273255814 0.43645833333333334 0.0265625 0.04375
0 0.66453125 0.16875 0.0296875 0.041666666666666664
0 0.01171875 0.51 0.0234375 0.04499999999999999
0 0.0515625 0.203125 0.03125 0.035416666666666666
1 0.54296875 0.6885416666666667 0.1265625 0.15208333333333332
1 0.13828125 0.10729166666666666 0.0671875 0.06875
1 0.36796875 0.27708333333333335 0.0859375 0.0875
1 0.628125 0.84375 0.059375 0.06666666666666667
