0 0.05 0.6086690771349862 0.04375 0.05625
0 0.19363451086956524 0.9449365942028985 0.0359375 0.04791666666666667
0 0.1815448113207547 0.8856132075471698 0.028125 0.04583333333333333
0 0.2783182989690721 0.9067332474226805 0.035212628865979353 0.04375
0 0.6364156530089629 0.853125 0.03125 0.03958333333333333
0 0.615132705479452 0.8423587328767124 0.034375 0.041666666666666664
0 0.6553042763157895 0.8684027777777777 0.0328125 0.03958333333333333
0 0.8609375 0.7528912742382271 0.03125 0.03333333333333333
0 0.9008985918972332 0.636614789196311 0.0421875 0.04791666666666667
0 0.7567708333333333 0.47638888888888886 0.0375 0.04583333333333333
0 0.7173828125 0.31302083333333336 0.034375 0.03958333333333333
0 0.8623972039473685 0.21784539473684209 0.0296875 0.0375
0 0.7983741554054055 0.23499436936936935 0.0296875 0.035416666666666666
0 0.7337890625 0.3562127976190476 0.028125 0.03958333333333333
0 0.9539809283088235 0.10426623774509804 0.028125 0.04375
0 0.8524719551282052 0.06267094017094017 0.0328125 0.04583333333333333
0 0.8327480670103092 0.03125 0.0296875 0.05
0 0.6538900862068966 0.11147988505747126 0.0390625 0.04791666666666667
0 0.6395967371323529 0.16842064950980393 0.034375 0.04375
0 0.6160469294425087 0.290625 0.0328125 0.04791666666666667
0 0.5832943925233645 0.45585085669781933 0.028125 0.03125
0 0.5516196646341464 0.4864583333333333 0.0375 0.03958333333333333
0 0.48629105839416054 0.6668719586374696 0.034375 0.04791666666666667
0 0.3924383600917431 0.572572629969419 0.0328125 0.03958333333333333
0 0.37676809210526313 0.5502741228070176 0.028125 0.03750000000000006
0 0.3881465517241379 0.459375 0.031249999999999955 0.03958333333333333
0 0.35792518028846154 0.3982171474358974 0.0359375 0.041666666666666664
0 0.33214339114832536 0.428125 0.0359375 0.027083333333333334
0 0.3321886700136147 0.4427083333333333 0.0359375 0.03125
0 0.22979779411764706 0.5075857843137255 0.0375 0.04791666666666667
0 0.1625 0.43724415204678363 0.0375 0.039897660818713494
0 0.11471774193548387 0.3756720430107527 0.03125 0.041666666666666664
0 0.11953125 0.313665780141844 0.0328125 0.04375
0 0.0328125 0.3145833333333333 0.040625 0.041666666666666664
0 0.0240108066712049 0.31013940889493985 0.028125 0.03958333333333333
0 0.36521697874493925 0.8004259446693657 0.0390625 0.04791666666666667
0 0.3112068965517242 0.3251795977011494 0.05 0.052083333333333336
0 0.40076194153992395 0.3458075887198986 0.028125 0.035416666666666666
0 0.47824675324675325 0.3104166666666667 0.034375 0.03468614718614719
0 0.5885869565217392 0.21354166666666666 0.040625 0.052083333333333336
0 0.3720625 0.028874999999999998 0.034375 0.04375
0 0.4223582848837209 0.031002906976744186 0.0296875 0.035416666666666666
0 0.4088561545801527 0.16180820610687024 0.03125000000000004 0.041666666666666664
0 0.40641537408759126 0.20020529197080292 0.042187500000000044 0.035416666666666666
0 0.3635886270491803 0.20812272313296903 0.0390625 0.04791666666666667
0 0.42300410583941606 0.24583333333333332 0.03125 0.04583333333333333
0 0.3929215801886793 0.29908411949685537 0.0265625 0.035416666666666666
0 0.861775 0.17634166666666667 0.03125 0.04375
0 0.6318271396396397 0.653781906906907 0.034375 0.03958333333333333
0 0.5359375 0.5625 0.034375 0.05416666666666667
0 0.58203125 0.6895833333333333 0.0296875 0.03333333333333333
0 0.56953125 0.653125 0.0296875 0.035416666666666666
0 0.11672986401673639 0.10088912133891213 0.05624999999999999 0.05
0 0.36640625 0.26458333333333334 0.0328125 0.0375
0 0.35108173076923077 0.4390224358974359 0.028125 0.03958333333333333
0 0.5453125 0.2791666666666667 0.03125 0.0375
0 0.6921875 0.659375 0.03125 0.04375
0 0.20682091346153847 0.9895833333333334 0.03125 0.020833333333333332
0 0.9821800595238095 0.4479662698412698 0.02596726190476186 0.042162698412698416
0 0.409375 0.9328125 0.0375 0.04479166666666667
0 0.5357142857142857 0.09404761904761906 0.034375 0.041666666666666664
1 0.54296875 0.6885416666666667 0.1265625 0.15208333333333332
1 0.13828125 0.10729166666666666 0.0671875 0.06875
1 0.36796875 0.27708333333333335 0.0859375 0.0875
1 0.628125 0.84375 0.059375 0.06666666666666667
