0 0.07854817708333334 0.6258246527777779 0.04303385416666668 0.05529513888888893
0 0.2066532258064516 0.9505577956989247 0.03473790322580646 0.04791666666666667
0 0.19185147849462364 0.8875896057347671 0.028125 0.04583333333333333
0 0.30388981835564055 0.9129322020395156 0.034375 0.04375
0 0.6451347305389221 0.854434880239521 0.03125 0.03958333333333333
0 0.6386755952380953 0.8477876984126984 0.034375 0.041666666666666664
0 0.6841724537037037 0.8690586419753087 0.0328125 0.03333333333333333
0 0.8597569444444444 0.7473611111111111 0.03125 0.03333333333333333
0 0.9310621044303797 0.6510284810126582 0.0421875 0.04791666666666667
0 0.8060233160621761 0.4932966321243523 0.0375 0.04583333333333333
0 0.8696546052631579 0.3099780701754386 0.034375 0.03958333333333333
0 0.8642723214285715 0.2278452380952381 0.0296875 0.0375
0 0.8375104166666667 0.26876388888888886 0.0296875 0.035416666666666666
0 0.7548511904761905 0.35082341269841266 0.028125 0.03958333333333333
0 0.6293526785714285 0.6532738095238095 0.0421875 0.04583333333333333
0 0.9556966145833334 0.10520833333333333 0.028125 0.04375
0 0.8691944236526947 0.07060878243512975 0.0328125 0.04583333333333333
0 0.8439646291208792 0.03333333333333333 0.0296875 0.05
0 0.6775568181818181 0.12566287878787877 0.04318181818181817 0.04791666666666665
0 0.6531307234432234 0.171875 0.034375 0.04375
0 0.6179481002202644 0.2940941629955947 0.0328125 0.04791666666666667
0 0.5889291575492341 0.4591972100656455 0.028125 0.03125
0 0.55625 0.4864583333333333 0.0375 0.03958333333333333
0 0.4961252289377289 0.6551243894993896 0.034375 0.04791666666666667
0 0.4068388238916256 0.5738300492610837 0.0328125 0.03333333333333333
0 0.3859375 0.5441430817610063 0.028125 0.0375
0 0.384765625 0.45651041666666664 0.03125 0.03958333333333333
0 0.37889432251908395 0.42517493638676845 0.0359375 0.041666666666666664
0 0.3330465358176556 0.428125 0.0359375 0.027083333333333334
0 0.3343648953369639 0.4427083333333333 0.0359375 0.03125
0 0.23963623046875 0.5048014322916666 0.0375 0.04791666666666667
0 0.17121462264150944 0.43125 0.0375 0.041666666666666664
0 0.15769628099173555 0.3875 0.03125 0.041666666666666664
0 0.12493531050955413 0.3177083333333333 0.0328125 0.04375
0 0.0328125 0.3145833333333333 0.040625 0.041666666666666664
0 0.024736215112321307 0.3111066201497617 0.028125 0.03958333333333333
0 0.3664309210526316 0.805109649122807 0.0390625 0.04791666666666667
0 0.32462931681681684 0.329563938938939 0.05 0.052083333333333336
0 0.3993667565947242 0.34563599120703437 0.028125 0.035416666666666666
0 0.4853940217391305 0.31145833333333334 0.034375 0.03493357487922708
0 0.5965531115879829 0.215625 0.040625 0.052083333333333336
0 0.4448814655172414 0.0983117816091954 0.034375 0.04375
0 0.4331372893258427 0.023958333333333335 0.0296875 0.035416666666666666
0 0.40801296133567655 0.15459321909783247 0.02772407732864677 0.038140743995313406
0 0.4287193143340858 0.16679129044394284 0.0421875 0.035416666666666666
0 0.38894065366972475 0.2056097094801223 0.0390625 0.04791666666666667
0 0.4291895604395604 0.2478250915750916 0.03125 0.045833333333333365
0 0.40407552083333337 0.30342013888888886 0.028828124999999982 0.0323958333333333
0 0.8839091614906831 0.1913561076604555 0.02787267080745348 0.04037267080745342
0 0.6423295454545455 0.6542613636363637 0.034375 0.03958333333333333
0 0.5359375 0.5625 0.034375 0.05416666666666667
0 0.045234375 0.23041666666666666 0.033281250000000005 0.04208333333333334
0 0.58203125 0.6895833333333333 0.0296875 0.03333333333333333
0 0.56953125 0.653125 0.0296875 0.035416666666666666
0 0.12688972513089006 0.1050065445026178 0.05625 0.05
0 0.36640625 0.26458333333333334 0.0328125 0.0375
0 0.39587053571428565 0.3617559523809524 0.03281249999999995 0.03958333333333333
0 0.96953125 0.746875 0.028125 0.0375
0 0.4479166666666667 0.4954861111111111 0.03125 0.035416666666666666
0 0.9447656249999999 0.5678125 0.0203125 0.03958333333333333
0 0.668359375 0.9212239583333334 0.037109375 0.038802083333333334
0 0.4103125 0.9039583333333333 0.02999999999999998 0.03958333333333333
1 0.54296875 0.6885416666666667 0.1265625 0.15208333333333332
1 0.13828125 0.10729166666666666 0.0671875 0.06875
1 0.36796875 0.27708333333333335 0.0859375 0.0875
1 0.628125 0.84375 0.059375 0.06666666666666667
