0 0.05430253623188406 0.6151117149758455 0.04375 0.05625
0 0.19548233695652173 0.9467844202898551 0.0359375 0.04791666666666667
0 0.1839504716981132 0.8872169811320755 0.028125 0.04583333333333333
0 0.2862980769230769 0.9095352564102565 0.034375 0.04375
0 0.6384563060179257 0.853125 0.03125 0.03958333333333333
0 0.6263174926035503 0.8458333333333333 0.034375 0.041666666666666664
0 0.69046875 0.8471875 0.0328125 0.03958333333333333
0 0.860679012345679 0.7510493827160494 0.03125 0.03333333333333333
0 0.902158473320158 0.6382946310935441 0.0421875 0.04791666666666667
0 0.7823863636363637 0.40662878787878787 0.0375 0.04583333333333333
0 0.7996527777777779 0.318016975308642 0.034375000000000086 0.03958333333333333
0 0.8657992356115107 0.21585731414868106 0.0296875 0.0375
0 0.8186038306451613 0.24625672043010752 0.0296875 0.035416666666666666
0 0.7395500886524823 0.3569666075650118 0.028125 0.03958333333333333
0 0.9552680619266056 0.10443425076452599 0.028125 0.04375
0 0.8547089041095891 0.06458333333333334 0.0328125 0.04583333333333333
0 0.8359282361660079 0.029693675889328062 0.0296875 0.05
0 0.6618377976190477 0.11362103174603175 0.0390625 0.04791666666666667
0 0.6412804110738255 0.16996644295302013 0.034375 0.04375
0 0.6093831663763066 0.290625 0.0328125 0.04791666666666667
0 0.5853931704260652 0.45729166666666665 0.028125 0.03125
0 0.5539519817073171 0.4864583333333333 0.0375 0.03958333333333333
0 0.49450461647727273 0.654202178030303 0.034375 0.04791666666666667
0 0.3963670123318385 0.574322683109118 0.03281249999999995 0.03958333333333333
0 0.3788963607594937 0.5531118143459915 0.028125 0.0375
0 0.3851102941176471 0.4582720588235294 0.03125000000000004 0.03958333333333333
0 0.3627399114173228 0.40588910761154856 0.0359375 0.041666666666666664
0 0.3308848136758321 0.428125 0.0359375 0.027083333333333334
0 0.33283962304288633 0.4427083333333333 0.0359375 0.03125
0 0.23104779411764706 0.5109191176470589 0.0375 0.04791666666666667
0 0.1625 0.4409722222222222 0.0375 0.041388888888888906
0 0.12873161764705882 0.38004901960784315 0.03125 0.041666666666666664
0 0.12079277663934426 0.31354166666666666 0.0328125 0.04375
0 0.0328125 0.3145833333333333 0.040625 0.041666666666666664
0 0.024227791014295442 0.3104287213523939 0.028125 0.03958333333333333
0 0.3598968160377359 0.8041627358490566 0.0390625 0.04791666666666667
0 0.3137842465753425 0.32775399543378997 0.05 0.052083333333333336
0 0.40045894724334596 0.3454035963244613 0.028124999999999956 0.035416666666666666
0 0.4837245475113122 0.3098086349924586 0.034375 0.03211726998491707
0 0.5915625 0.21520833333333333 0.040625 0.052083333333333336
0 0.4126488095238095 0.060565476190476183 0.034374999999999954 0.04374999999999999
0 0.4237932477678571 0.028692336309523815 0.0296875 0.035416666666666666
0 0.4075688844086022 0.1610663082437276 0.03125000000000004 0.041666666666666664
0 0.4137260065543071 0.20086220349563047 0.042187499999999954 0.035416666666666666
0 0.3740219907407408 0.209375 0.0390625 0.04791666666666667
0 0.4250903925619835 0.24362947658402204 0.03125 0.04583333333333333
0 0.39580439814814816 0.2970679012345679 0.026562500000000044 0.035416666666666666
0 0.8632482394366198 0.17495598591549297 0.03125 0.04375
0 0.6339611695544554 0.653125 0.034375 0.03958333333333333
0 0.5359375 0.5625 0.034375 0.05416666666666667
0 0.58203125 0.6895833333333333 0.0296875 0.03333333333333333
0 0.56953125 0.653125 0.0296875 0.035416666666666666
0 0.1180635460251046 0.10133368200836819 0.05625 0.05
0 0.36640625 0.26458333333333334 0.0328125 0.0375
0 0.4411830357142857 0.8528273809523809 0.0296875 0.03958333333333333
0 0.134375 0.753125 0.03125 0.0375
0 0.29010416666666666 0.057291666666666664 0.028125 0.03958333333333333
0 0.90625 0.5666666666666667 0.028125 0.041666666666666664
0 0.484375 0.978125 0.0375 0.03958333333333333
0 0.2089625 0.99035 0.03124999999999998 0.019300000000000022
1 0.54296875 0.6885416666666667 0.1265625 0.15208333333333332
1 0.13828125 0.10729166666666666 0.0671875 0.06875
1 0.36796875 0.27708333333333335 0.0859375 0.0875
1 0.628125 0.84375 0.059375 0.06666666666666667
