0 0.05396050347222222 0.6132233796296297 0.04375 0.05625
0 0.19605298913043478 0.9473550724637682 0.0359375 0.04791666666666667
0 0.184375 0.8877130681818183 0.028125 0.04583333333333333
0 0.2888221153846154 0.9106570512820513 0.034375 0.04375
0 0.6390865076824583 0.853125 0.03125 0.03958333333333333
0 0.6277736686390533 0.8458333333333333 0.034375 0.041666666666666664
0 0.6744944852941177 0.8569240196078431 0.0328125 0.03958333333333333
0 0.8605574845679012 0.7505632716049383 0.03125 0.03333333333333333
0 0.90234375 0.6377422480620154 0.0421875 0.04791666666666667
0 0.8027573529411764 0.47977941176470584 0.0375 0.04583333333333333
0 0.8247117718446602 0.3095368122977346 0.034375 0.03958333333333333
0 0.8665074190647483 0.2168015587529976 0.0296875 0.0375
0 0.81953125 0.2471701388888889 0.0296875 0.035416666666666666
0 0.7423426418439717 0.35510490543735224 0.028125 0.03958333333333333
0 0.9557196100917432 0.10383218654434251 0.028125 0.04375
0 0.8567315924657534 0.06458333333333334 0.0328125 0.04583333333333333
0 0.836706398221344 0.029174901185770753 0.0296875 0.05
0 0.6627752976190476 0.11424603174603173 0.0390625 0.04791666666666667
0 0.6429320469798657 0.17040687919463085 0.034375 0.04375
0 0.6073252395470383 0.290625 0.0328125 0.04791666666666667
0 0.5858865914786968 0.45729166666666665 0.028125 0.03125
0 0.554672256097561 0.4864583333333333 0.0375 0.03958333333333333
0 0.4939453125 0.6549479166666666 0.034375 0.04791666666666667
0 0.3972498598654709 0.5754998131539611 0.03281250000000004 0.03958333333333333
0 0.38014240506329117 0.5547732067510548 0.028125 0.0375
0 0.3844669117647059 0.4574142156862745 0.03125 0.03958333333333333
0 0.362531980994152 0.4057504873294347 0.0359375 0.041666666666666664
0 0.33116972684515195 0.428125 0.0359375 0.027083333333333334
0 0.33304065265486726 0.4427083333333333 0.0359375 0.03125
0 0.23105549792531122 0.5109396611341632 0.0375 0.047916666666666725
0 0.16330128205128205 0.4408653846153846 0.0375 0.041666666666666664
0 0.13799632352941177 0.38159313725490196 0.03125 0.041666666666666664
0 0.12121751237623761 0.313871699669967 0.0328125 0.04375
0 0.0328125 0.3145833333333333 0.040625 0.041666666666666664
0 0.024294800884955753 0.3105180678466077 0.028125 0.03958333333333333
0 0.3595253537735849 0.8056485849056604 0.0390625 0.04791666666666667
0 0.31510416666666663 0.328125 0.05 0.052083333333333336
0 0.4003653754752852 0.3452788339670469 0.028125000000000046 0.035416666666666666
0 0.4841699660633484 0.30951168929110107 0.034375 0.03152337858220212
0 0.5923786212446351 0.215625 0.040625 0.052083333333333336
0 0.41330030487804875 0.034375 0.034375 0.04375
0 0.4242628884180791 0.028101459510357814 0.0296875 0.035416666666666666
0 0.4070396505376344 0.16247759856630822 0.03125 0.041666666666666664
0 0.4155694054307116 0.2018453495630462 0.042187499999999954 0.035416666666666666
0 0.37763020833333333 0.209375 0.0390625 0.04791666666666667
0 0.42590392561983476 0.2425447658402204 0.03125 0.04583333333333333
0 0.39639103982300883 0.296875 0.0265625 0.035416666666666666
0 0.8653279049295775 0.17772887323943662 0.03125 0.04375
0 0.6346921410891089 0.653125 0.034375 0.03958333333333333
0 0.5359375 0.5625 0.034375 0.05416666666666667
0 0.58203125 0.6895833333333333 0.0296875 0.03333333333333333
0 0.56953125 0.653125 0.0296875 0.035416666666666666
0 0.11847541841004183 0.10147097280334728 0.05624999999999999 0.05
0 0.36640625 0.26458333333333334 0.0328125 0.0375
0 0.32578125 0.6269345238095239 0.0296875 0.03958333333333333
0 0.011505681818181818 0.7808712121212121 0.023011363636363635 0.026893939393939328
0 0.353125 0.13729166666666667 0.03125 0.039583333333333345
0 0.90078125 0.9817708333333334 0.034375 0.026041666666666668
0 0.2094875 0.9907 0.03125 0.018599999999999995
1 0.54296875 0.6885416666666667 0.1265625 0.15208333333333332
1 0.13828125 0.10729166666666666 0.0671875 0.06875
1 0.36796875 0.27708333333333335 0.0859375 0.0875
1 0.628125 0.84375 0.059375 0.06666666666666667
