0 0.05 0.6089962121212121 0.04375 0.05625
0 0.19380661231884058 0.9451086956521739 0.0359375 0.04791666666666667
0 0.18176886792452832 0.8857625786163522 0.028125 0.04583333333333333
0 0.2790324312714777 0.9068692726231387 0.035008591065292104 0.04375
0 0.6366057138284251 0.853125 0.03125 0.03958333333333333
0 0.6167594178082192 0.8422231735159816 0.034375 0.041666666666666664
0 0.6584292763157895 0.8815972222222223 0.0328125 0.03958333333333333
0 0.8609375 0.752671975992613 0.03125 0.03333333333333333
0 0.9010159337944664 0.6367712450592885 0.0421875 0.04791666666666667
0 0.7428977272727273 0.45530303030303027 0.0375 0.04583333333333333
0 0.7221467391304348 0.3312047101449275 0.034375 0.03958333333333333
0 0.8627878289473685 0.21732456140350875 0.0296875 0.0375
0 0.8047930743243243 0.23820382882882882 0.02968750000000009 0.035416666666666666
0 0.73564453125 0.355859375 0.028125 0.03958333333333333
0 0.9540900735294118 0.10441176470588236 0.028125 0.04375
0 0.8526241987179487 0.06287393162393164 0.0328125 0.045833333333333344
0 0.8336431571146244 0.03121706192358366 0.0296875 0.05
0 0.6545539183937824 0.11163104490500864 0.0390625 0.04791666666666667
0 0.6397058823529412 0.16856617647058822 0.034375 0.04375
0 0.6154262848432055 0.290625 0.0328125 0.04791666666666667
0 0.5835718457943926 0.4562207943925234 0.028125 0.03125
0 0.5518368902439025 0.4864583333333333 0.0375 0.03958333333333333
0 0.48780793795620436 0.6645605231143552 0.034375 0.04791666666666667
0 0.3929830848623853 0.5723910550458715 0.03281249999999995 0.03958333333333333
0 0.37692434210526315 0.5504824561403509 0.028125 0.03749999999999994
0 0.387805316091954 0.459375 0.03125 0.03958333333333333
0 0.3583533653846154 0.39935897435897433 0.0359375 0.041666666666666664
0 0.33185930023923443 0.428125 0.0359375 0.027083333333333334
0 0.33224929799183117 0.4427083333333333 0.0359375 0.03125
0 0.22991421568627451 0.5078962418300653 0.0375 0.04791666666666667
0 0.1625 0.4375913742690058 0.0375 0.040036549707602315
0 0.11567540322580645 0.3762192780337942 0.03125 0.041666666666666664
0 0.11960809426229509 0.31354166666666666 0.0328125 0.04375
0 0.0328125 0.3145833333333333 0.040625 0.041666666666666664
0 0.024031015997277062 0.3101663546630361 0.028125 0.03958333333333333
0 0.36461601720647774 0.8007464574898786 0.0390625 0.04791666666666667
0 0.3114993842364532 0.3253745894909688 0.05 0.052083333333333336
0 0.40073372148288977 0.34576996197718635 0.028125 0.035416666666666666
0 0.47940340909090906 0.3104166666666667 0.034375 0.03434343434343437
0 0.5889096467391305 0.21354166666666666 0.040625 0.052083333333333336
0 0.3737591911764706 0.031127450980392157 0.034375 0.04375
0 0.4224963662790698 0.03063468992248062 0.0296875 0.035416666666666666
0 0.40874284351145035 0.16165712468193386 0.03125 0.041666666666666664
0 0.40728216240875914 0.19991636253041362 0.042187500000000044 0.035416666666666666
0 0.3640753073770492 0.20833902550091074 0.0390625 0.04791666666666667
0 0.423112454379562 0.24583333333333332 0.03125 0.04583333333333333
0 0.3931278935185185 0.298852237654321 0.0265625 0.035416666666666666
0 0.86165625 0.17570833333333333 0.03125 0.04375
0 0.6320054429429429 0.653663038038038 0.034375 0.03958333333333333
0 0.5359375 0.5625 0.034375 0.05416666666666667
0 0.58203125 0.6895833333333333 0.0296875 0.03333333333333333
0 0.56953125 0.653125 0.0296875 0.035416666666666666
0 0.11685407949790796 0.10093052649930265 0.05625000000000001 0.05
0 0.36640625 0.26458333333333334 0.0328125 0.0375
0 0.32700892857142855 0.39166666666666666 0.028125 0.03958333333333333
0 0.5899553571428571 0.2970238095238095 0.03125 0.0375
0 0.6443359375 0.6393229166666666 0.03125 0.04375
0 0.2071063701923077 0.9895833333333334 0.03125000000000002 0.020833333333333332
0 0.9834759424603174 0.4492228835978836 0.025731646825396838 0.04153439153439156
0 0.43203125 0.98125 0.0390625 0.0375
0 0.5799107142857143 0.07321428571428572 0.034375 0.04166666666666667
1 0.54296875 0.6885416666666667 0.1265625 0.15208333333333332
1 0.13828125 0.10729166666666666 0.0671875 0.06875
1 0.36796875 0.27708333333333335 0.0859375 0.0875
1 0.628125 0.84375 0.059375 0.06666666666666667
