0 0.05980902777777778 0.6109953703703703 0.04375 0.05625
0 0.19675045289855073 0.9480525362318841 0.0359375 0.04791666666666667
0 0.184375 0.888320707070707 0.028125 0.04583333333333333
0 0.29177222753346077 0.9115858030592734 0.034375 0.04375
0 0.6398567541613316 0.853125 0.03125 0.03958333333333333
0 0.6295534393491125 0.8458333333333333 0.034375 0.041666666666666664
0 0.6668996710526316 0.8996162280701755 0.0328125 0.03958333333333333
0 0.8604089506172838 0.7499691358024692 0.03125 0.03333333333333333
0 0.903848766722408 0.6372944537346712 0.0421875 0.04791666666666667
0 0.784375 0.4875 0.0375 0.04583333333333333
0 0.8235436893203885 0.3017495954692556 0.034375 0.03958333333333333
0 0.8673729766187049 0.2179556354916067 0.0296875 0.0375
0 0.81953125 0.24850694444444443 0.0296875 0.035416666666666666
0 0.7454471982758621 0.353125 0.028125 0.03958333333333333
0 0.9562961822660098 0.1031557881773399 0.028125 0.04375
0 0.8590413002512562 0.06478224455611391 0.0328125 0.045833333333333344
0 0.8383127097315436 0.03022930648769575 0.0296875 0.05
0 0.6639211309523809 0.11500992063492065 0.0390625 0.047916666666666684
0 0.6449507130872483 0.17094519015659954 0.034375 0.04375
0 0.6074479166666666 0.2911805555555556 0.0328125 0.04791666666666667
0 0.5864896616541353 0.45729166666666665 0.028125 0.03125
0 0.5555525914634146 0.4864583333333333 0.0375 0.03958333333333333
0 0.4940923804780876 0.6556648406374502 0.034375 0.04791666666666667
0 0.39875381097560975 0.5772611788617887 0.0328125 0.03811991869918702
0 0.3814116379310345 0.5558189655172414 0.028125 0.0375
0 0.3837643678160919 0.4564774904214559 0.03125 0.03958333333333333
0 0.36112481725146195 0.4048123781676413 0.0359375 0.041666666666666664
0 0.3315179540520984 0.428125 0.0359375 0.027083333333333334
0 0.3332863555139551 0.4427083333333333 0.0359375 0.03125
0 0.23055627593360994 0.5096084024896265 0.0375 0.04791666666666661
0 0.16576923076923078 0.4383974358974359 0.0375 0.041666666666666664
0 0.14869791666666668 0.3835648148148148 0.03125 0.041666666666666664
0 0.1218131188118812 0.31545998349834986 0.0328125 0.04375
0 0.0328125 0.3145833333333333 0.040625 0.041666666666666664
0 0.024376701837985026 0.31062726911731336 0.028125 0.03958333333333333
0 0.3590713443396226 0.8074646226415094 0.0390625 0.04791666666666667
0 0.31727195945945946 0.328125 0.05 0.052083333333333336
0 0.40025100998098856 0.34512634664131814 0.028124999999999956 0.035416666666666666
0 0.4825231481481482 0.31060956790123456 0.034375 0.03125
0 0.5931531652360514 0.215625 0.040625 0.052083333333333336
0 0.41483333333333333 0.034375 0.034375 0.04375
0 0.42596221751412433 0.027195150659133707 0.0296875 0.035416666666666666
0 0.4063928091397849 0.16420250896057348 0.031249999999999955 0.041666666666666664
0 0.41782244850187267 0.2030469725343321 0.0421875 0.035416666666666666
0 0.37863281249999997 0.209375 0.0390625 0.04791666666666667
0 0.4268901209677419 0.2421034946236559 0.03125 0.04583333333333333
0 0.3969233960176991 0.296875 0.0265625 0.035416666666666666
0 0.865625 0.18113918439716312 0.03125 0.04375
0 0.6355855507425743 0.653125 0.034375 0.03958333333333333
0 0.5359375 0.5625 0.034375 0.05416666666666667
0 0.58203125 0.6895833333333333 0.0296875 0.03333333333333333
0 0.56953125 0.653125 0.0296875 0.035416666666666666
0 0.11897881799163179 0.10163877266387726 0.05624999999999999 0.05
0 0.36640625 0.26458333333333334 0.0328125 0.0375
0 0.9140625 0.396875 0.034375 0.04375
0 0.06640625 0.8098958333333334 0.03125 0.041666666666666664
0 0.167578125 0.3723958333333333 0.0296875 0.03958333333333333
0 0.33177083333333335 0.35520833333333335 0.03125 0.03958333333333333
0 0.93984375 0.7322916666666667 0.0296875 0.03958333333333333
0 0.21012916666666664 0.9911277777777777 0.03125 0.01774444444444446
0 0.8861111111111111 0.13356481481481483 0.034375 0.0375
1 0.54296875 0.6885416666666667 0.1265625 0.15208333333333332
1 0.13828125 0.10729166666666666 0.0671875 0.06875
1 0.36796875 0.27708333333333335 0.0859375 0.0875
1 0.628125 0.84375 0.059375 0.06666666666666667
