0 0.05 0.6054665977961432 0.04375 0.05625
0 0.1919497282608696 0.9432518115942029 0.035937500000000025 0.04791666666666667
0 0.180746875 0.8840749999999999 0.028125 0.04583333333333333
0 0.27132731958762885 0.9054016323024054 0.037210051546391745 0.04375
0 0.6345550576184379 0.853125 0.03125 0.03958333333333333
0 0.5992080479452054 0.8436857876712328 0.034375 0.041666666666666664
0 0.6844308035714286 0.8404761904761905 0.0328125 0.03958333333333333
0 0.8609375 0.7550380886426592 0.03125 0.03333333333333333
0 0.89765625 0.6375165343915344 0.0421875 0.04791666666666667
0 0.765625 0.44221698113207547 0.0375 0.04583333333333333
0 0.6722761824324325 0.3260416666666667 0.0359375 0.03958333333333333
0 0.85859375 0.218231658692185 0.0296875 0.0375
0 0.79296875 0.22806981236203092 0.0296875 0.035416666666666666
0 0.7248142482517482 0.35753933566433566 0.028125 0.03958333333333333
0 0.9529652969613259 0.103125 0.028125 0.04375
0 0.8511988146551724 0.0625 0.0328125 0.04583333333333333
0 0.8225220475460123 0.031071063394683025 0.0296875 0.05
0 0.6528879310344828 0.112816091954023 0.0390625 0.047916666666666684
0 0.6372231012658227 0.16648206751054853 0.034375 0.04375
0 0.6150916466346155 0.287119391025641 0.0328125 0.047916666666666635
0 0.5805782710280374 0.4522293613707165 0.028125 0.03125
0 0.5500933441558441 0.4844994588744589 0.0375 0.03958333333333333
0 0.4809232954545455 0.6713257575757576 0.034375 0.04791666666666667
0 0.3868701817180617 0.5728294787077827 0.03281250000000004 0.03958333333333333
0 0.36911982248520714 0.55 0.028125 0.0375
0 0.379296875 0.45286458333333335 0.03125 0.03958333333333333
0 0.35246093749999996 0.3906640625 0.0359375 0.041666666666666664
0 0.3328732189119171 0.428125 0.0359375 0.027083333333333334
0 0.33159515401633766 0.4427083333333333 0.0359375 0.03125
0 0.22734375 0.5026041666666666 0.0375 0.04791666666666667
0 0.16000813197026023 0.4386733271375464 0.0375 0.03958333333333333
0 0.10562300955414013 0.37059447983014865 0.03214570063694268 0.04309978768577493
0 0.11953125 0.3169636524822695 0.0328125 0.04375
0 0.0328125 0.3145833333333333 0.040625 0.041666666666666664
0 0.023812968005445877 0.30987562400726115 0.028125 0.03958333333333333
0 0.3691231343283582 0.7974191542288557 0.0390625 0.04791666666666667
0 0.3089970667870036 0.32395833333333335 0.05 0.052083333333333336
0 0.4010382010456274 0.3461759347275032 0.028125 0.035416666666666666
0 0.46875 0.3105798520452568 0.034375 0.03815274151436032
0 0.5857536764705882 0.21329656862745097 0.040625 0.052083333333333336
0 0.42109375 0.034458612040133785 0.0296875 0.035416666666666666
0 0.409375 0.1625 0.03125 0.041666666666666664
0 0.39638097426470587 0.19702818627450983 0.0421875 0.035416666666666666
0 0.35952542701863355 0.20582945134575567 0.0390625 0.04791666666666667
0 0.4219434306569343 0.24583333333333332 0.03125 0.04583333333333333
0 0.39182488207547167 0.30200864779874215 0.0265625 0.035416666666666666
0 0.8615960743801653 0.1777978650137741 0.03125 0.04375
0 0.6300816441441441 0.6549455705705706 0.034375 0.03958333333333333
0 0.5359375 0.5625 0.034375 0.05416666666666667
0 0.58203125 0.6895833333333333 0.0296875 0.03333333333333333
0 0.56953125 0.653125 0.0296875 0.035416666666666666
0 0.11551385983263598 0.10048378661087867 0.05625 0.05
0 0.36640625 0.26458333333333334 0.0328125 0.0375
0 0.36345486111111114 0.5053240740740741 0.0296875 0.0375
0 0.9796875 0.8083333333333333 0.03125 0.04375
0 0.51328125 0.15083333333333335 0.0328125 0.04166666666666668
0 0.2909970238095238 0.8706349206349207 0.040625 0.0375
0 0.4613636363636363 0.971875 0.03125 0.03958333333333333
0 0.20370535714285715 0.9885357142857143 0.031642857142857125 0.02292857142857147
0 0.9701853197674419 0.43645833333333334 0.0265625 0.04375
0 0.6676562500000001 0.14458333333333334 0.0296875 0.04166666666666668
0 0.0328125 0.54375 0.034375 0.04444444444444447
0 0.081640625 0.19166666666666668 0.03125 0.035416666666666666
1 0.54296875 0.6885416666666667 0.1265625 0.15208333333333332
1 0.13828125 0.10729166666666666 0.0671875 0.06875
1 0.36796875 0.27708333333333335 0.0859375 0.0875
1 0.628125 0.84375 0.059375 0.06666666666666667
