0 0.06470025510204082 0.609375 0.04375 0.05625
0 0.1974388586956522 0.9487409420289855 0.035937500000000025 0.04791666666666667
0 0.184375 0.8889204545454545 0.028125 0.04583333333333333
0 0.29449689292543024 0.9118885436583811 0.034375 0.04375
0 0.6406169974391805 0.853125 0.03125 0.03958333333333333
0 0.6313100961538461 0.8458333333333333 0.034375 0.041666666666666664
0 0.6981770833333333 0.9030092592592592 0.0328125 0.03958333333333333
0 0.8602623456790124 0.7493827160493827 0.03125 0.03333333333333333
0 0.9086146530100334 0.6399421683389074 0.0421875 0.04791666666666667
0 0.7828125 0.4439814814814815 0.0375 0.04583333333333333
0 0.8249776785714286 0.30309523809523814 0.034375 0.03958333333333333
0 0.86796875 0.21940192743764173 0.0296875 0.0375
0 0.8205592105263158 0.2516995614035088 0.0296875 0.035416666666666693
0 0.7464709051724138 0.353125 0.028125 0.03958333333333333
0 0.9574661330049261 0.1039357553366174 0.028125 0.04375
0 0.8608315012562814 0.06557788944723618 0.0328125 0.045833333333333344
0 0.8399066694630873 0.03129194630872483 0.0296875 0.05
0 0.6658521719858156 0.11645242316784869 0.039217641843971675 0.04791666666666665
0 0.6469431627516778 0.1714765100671141 0.034375 0.04375
0 0.6079136029411765 0.2918014705882353 0.0328125 0.04791666666666667
0 0.5870848997493734 0.45729166666666665 0.028125 0.03125
0 0.55625 0.4864583333333333 0.0375 0.03958333333333333
0 0.4945654880478088 0.6562956507304117 0.034375 0.04791666666666667
0 0.40049161585365856 0.5791920731707317 0.0328125 0.035802845528455286
0 0.3819966133004926 0.5542590311986864 0.028125 0.0375
0 0.38308189655172414 0.4555675287356322 0.03125 0.03958333333333333
0 0.36058923192771086 0.40445532128514056 0.0359375 0.041666666666666664
0 0.3318616588277858 0.428125 0.0359375 0.027083333333333334
0 0.333528867426821 0.4427083333333333 0.0359375 0.03125
0 0.23006353734439836 0.5082944329183956 0.0375 0.04791666666666667
0 0.1682051282051282 0.43596153846153846 0.0375 0.041666666666666664
0 0.15199652777777778 0.3864969135802469 0.03125 0.041666666666666664
0 0.12240099009900991 0.3170276402640264 0.0328125 0.04375
0 0.0328125 0.3145833333333333 0.040625 0.041666666666666664
0 0.024457539142273655 0.3107350521896982 0.028125 0.03958333333333333
0 0.3586232311320755 0.8092570754716981 0.0390625 0.04791666666666667
0 0.3194115990990991 0.328125 0.05 0.052083333333333336
0 0.4001381297528517 0.34497583967046896 0.028124999999999956 0.035416666666666666
0 0.48183423913043477 0.31145833333333334 0.034375 0.031769323671497554
0 0.5939176502145923 0.215625 0.040625 0.052083333333333336
0 0.4172517123287672 0.03871289954337899 0.034375 0.04375
0 0.42763947740112995 0.026300612052730696 0.0296875 0.035416666666666666
0 0.4065740333919156 0.16274714411247804 0.03060193321616871 0.04101859988283539
0 0.4227921195652174 0.18490338164251208 0.0421875 0.035416666666666666
0 0.37962239583333335 0.209375 0.0390625 0.04791666666666667
0 0.4278477822580645 0.24338037634408602 0.03125 0.04583333333333333
0 0.3974488384955753 0.296875 0.026562500000000044 0.035416666666666666
0 0.86875 0.18368055555555557 0.03125 0.04375
0 0.6364673576732673 0.653125 0.034375 0.03958333333333333
0 0.5359375 0.5625 0.034375 0.05416666666666667
0 0.58203125 0.6895833333333333 0.0296875 0.03333333333333333
0 0.56953125 0.653125 0.0296875 0.035416666666666666
0 0.119475679916318 0.10180439330543933 0.05625000000000001 0.05
0 0.36640625 0.26458333333333334 0.0328125 0.0375
0 0.8475446428571429 0.38586309523809526 0.03571428571428577 0.04375
0 0.134375 0.778125 0.03125 0.041666666666666664
0 0.05546875 0.0703125 0.0296875 0.03958333333333333
0 0.3828125 0.5614583333333333 0.03125 0.03958333333333333
0 0.990625 0.5197916666666667 0.01875 0.03958333333333333
0 0.96875 0.5989583333333334 0.025 0.035416666666666666
0 0.21076250000000002 0.9915499999999999 0.03125 0.016900000000000047
0 0.7365234375 0.04296875 0.0375 0.03958333333333333
0 0.43937499999999996 0.175 0.03125 0.0375
1 0.54296875 0.6885416666666667 0.1265625 0.15208333333333332
1 0.13828125 0.10729166666666666 0.0671875 0.06875
1 0.36796875 0.27708333333333335 0.0859375 0.0875
1 0.628125 0.84375 0.059375 0.06666666666666667
