0 0.0484375 0.6021825396825397 0.04375 0.05625
0 0.19140625 0.9427083333333334 0.0359375 0.04791666666666667
0 0.1797875 0.8815166666666666 0.028125 0.04583333333333333
0 0.2582342791411043 0.8944721370143149 0.0375 0.04375
0 0.6300055309734514 0.8552083333333333 0.03125 0.03958333333333333
0 0.5818214285714285 0.8406785714285714 0.034375 0.05
0 0.655068108974359 0.8194177350427351 0.0328125 0.03958333333333333
0 0.859664818548387 0.7528561827956989 0.03125 0.03333333333333333
0 0.8883616071428572 0.6242797619047619 0.0421875 0.04791666666666667
0 0.8171875 0.43374999999999997 0.0375 0.04583333333333333
0 0.6017187500000001 0.3276388888888889 0.0359375 0.03958333333333333
0 0.8572388548951049 0.21458333333333332 0.0296875 0.0375
0 0.779296875 0.22109375 0.0296875 0.035416666666666666
0 0.7177718495934959 0.3609332655826558 0.028125 0.03958333333333333
0 0.9516401933701658 0.103125 0.028125 0.04375
0 0.84921875 0.058333333333333334 0.0328125 0.04583333333333333
0 0.8153430103550295 0.027083333333333334 0.0296875 0.05
0 0.6388633578431373 0.11080473856209151 0.0390625 0.04791666666666667
0 0.6297836538461539 0.1621955128205128 0.034375 0.04375
0 0.6148759664948453 0.2885201890034364 0.0328125 0.04791666666666667
0 0.5731057363013699 0.4475313926940639 0.028125 0.03125
0 0.5473573825503355 0.48085151006711413 0.0375 0.03958333333333333
0 0.48125 0.6677083333333333 0.034375 0.04791666666666667
0 0.37707241766467064 0.5631798902195608 0.0328125 0.03958333333333333
0 0.36478365384615385 0.5363782051282051 0.028125 0.0375
0 0.35713734567901234 0.440625 0.03125 0.03958333333333333
0 0.3335057218309859 0.38125 0.0359375 0.041666666666666664
0 0.33203125 0.428125 0.0359375 0.027083333333333334
0 0.3306155335262083 0.4427083333333333 0.0359375 0.03125
0 0.22355723180076628 0.4950311302681992 0.0375 0.04791666666666667
0 0.15282901982378855 0.43730267988252575 0.0375 0.03958333333333333
0 0.095625 0.3645833333333333 0.038125000000000006 0.05416666666666667
0 0.12022235576923077 0.315625 0.0328125 0.04375
0 0.0328125 0.3145833333333333 0.040625 0.041666666666666664
0 0.023486427842069436 0.30944023712275925 0.028125 0.03958333333333333
0 0.3623125 0.7936666666666666 0.0390625 0.04791666666666667
0 0.3109921328671329 0.321131993006993 0.05 0.052083333333333336
0 0.401494177756654 0.34678390367553863 0.028125000000000046 0.035416666666666666
0 0.46875 0.3122497824194952 0.034375 0.04483246301131416
0 0.5833740234375 0.21145833333333333 0.040625 0.052083333333333336
0 0.4206202651515151 0.03708964646464647 0.0296875 0.035416666666666666
0 0.4083116319444445 0.1625 0.03125 0.041666666666666664
0 0.38413722826086955 0.1925271739130435 0.042187499999999954 0.035416666666666666
0 0.35496323529411766 0.19828431372549019 0.0390625 0.04791666666666667
0 0.4235365316901408 0.25008802816901404 0.03125 0.0458333333333333
0 0.3877604166666667 0.30520833333333336 0.026562500000000044 0.035416666666666666
0 0.8605592105263158 0.1749671052631579 0.03125 0.04375
0 0.6286821705426356 0.6497012273901809 0.034375 0.03958333333333333
0 0.5359375 0.5625 0.034375 0.05416666666666667
0 0.58203125 0.6895833333333333 0.0296875 0.03333333333333333
0 0.56953125 0.653125 0.0296875 0.035416666666666666
0 0.1140625 0.1 0.05625 0.05
0 0.36640625 0.26458333333333334 0.0328125 0.0375
0 0.15921875000000002 0.19166666666666668 0.0296875 0.04583333333333333
0 0.34643342391304344 0.8223278985507246 0.0296875 0.03958333333333333
0 0.19609375 0.9851010101010101 0.0328125 0.029797979797979816
0 0.8359375 0.9322916666666666 0.0328125 0.04791666666666667
0 0.8223958333333334 0.7180555555555556 0.0375 0.05
0 0.72734375 0.46979166666666666 0.0390625 0.035416666666666666
0 0.78984375 0.1986111111111111 0.025 0.03958333333333333
0 0.8217633928571428 0.5020833333333333 0.034151785714285766 0.041666666666666664
0 0.9445772058823529 0.42886029411764703 0.0265625 0.04375
0 0.4777043269230769 0.8904647435897436 0.0390625 0.05625
0 0.5454326923076923 0.6967948717948718 0.0296875 0.04375
0 0.01796875 0.1795138888888889 0.0265625 0.04375
1 0.54296875 0.6885416666666667 0.1265625 0.15208333333333332
1 0.13828125 0.10729166666666666 0.0671875 0.06875
1 0.36796875 0.27708333333333335 0.0859375 0.0875
1 0.628125 0.84375 0.059375 0.06666666666666667
