0 0.0484375 0.6047619047619047 0.04375 0.05625
0 0.19140625 0.9427083333333334 0.0359375 0.04791666666666667
0 0.1801125 0.8823833333333333 0.028125 0.04583333333333333
0 0.2627204754601227 0.8984598670756647 0.0375 0.04375
0 0.6307245575221239 0.8552083333333333 0.03125 0.03958333333333333
0 0.5901785714285714 0.8431547619047619 0.034375 0.05
0 0.63046875 0.8368749999999999 0.0328125 0.03958333333333333
0 0.860320060483871 0.7546034946236558 0.03125 0.03333333333333333
0 0.8920758928571428 0.6391369047619048 0.0421875 0.04791666666666667
0 0.7944196428571428 0.4270833333333333 0.0375 0.04583333333333333
0 0.652641369047619 0.315625 0.0359375 0.045535714285714235
0 0.8583752185314685 0.21458333333333332 0.0296875 0.0375
0 0.7902625644329897 0.22904853951890033 0.0296875 0.03661941580756013
0 0.7195078592814371 0.3628680139720559 0.028125 0.03958333333333333
0 0.95208908839779 0.103125 0.028125 0.04375
0 0.8498820153061224 0.06010204081632654 0.0328125 0.045833333333333344
0 0.8182276257396449 0.027083333333333334 0.0296875 0.05
0 0.6454642535971222 0.11354166666666667 0.0390625 0.04791666666666667
0 0.6332080696202531 0.16380537974683543 0.034375 0.04375
0 0.6178283005617977 0.2864583333333333 0.0328125 0.04791666666666667
0 0.5758882705479452 0.4490154109589041 0.028125 0.03125
0 0.5484456168831169 0.4823024891774892 0.0375 0.03958333333333333
0 0.4807561910377358 0.6690251572327044 0.034375 0.04791666666666667
0 0.3799915793413174 0.5670721057884232 0.0328125 0.03958333333333333
0 0.3664503205128205 0.5386004273504273 0.028125 0.0375
0 0.36175685975609756 0.44413109756097563 0.03125 0.03958333333333333
0 0.34073885050251257 0.3845582077051926 0.0359375 0.041666666666666664
0 0.33203125 0.428125 0.0359375 0.027083333333333334
0 0.330947391933288 0.4427083333333333 0.0359375 0.03125
0 0.22480244252873566 0.497521551724138 0.0375 0.04791666666666667
0 0.15569245594713657 0.43921163729809104 0.0375 0.03958333333333333
0 0.09821714743589745 0.3664707977207977 0.039062500000000014 0.05416666666666667
0 0.12074652777777777 0.316087962962963 0.0328125 0.04375
0 0.0328125 0.3145833333333333 0.040625 0.041666666666666664
0 0.023597047311095985 0.309587729748128 0.028125 0.03958333333333333
0 0.36591886467889906 0.7952694954128441 0.0390625 0.04791666666666667
0 0.3078519855595668 0.32395833333333335 0.05 0.052083333333333336
0 0.40133971007604563 0.34657794676806086 0.028125 0.035416666666666666
0 0.46875 0.31168407310704965 0.034375 0.04256962576153172
0 0.5845098039215686 0.21163807189542486 0.040625 0.052083333333333336
0 0.42109375 0.035873049052396876 0.0296875 0.035416666666666666
0 0.409375 0.1625 0.03125 0.041666666666666664
0 0.3903779380341881 0.190625 0.042187500000000044 0.035416666666666666
0 0.356549973628692 0.2011207805907173 0.0390625 0.04791666666666667
0 0.4269696302816901 0.25313967136150234 0.03125 0.04583333333333333
0 0.3899739583333333 0.3050347222222222 0.026562499999999954 0.035416666666666666
0 0.859703947368421 0.17724780701754386 0.03125 0.04375
0 0.6296875 0.6515224358974359 0.034375 0.03958333333333333
0 0.5359375 0.5625 0.034375 0.05416666666666667
0 0.58203125 0.6895833333333333 0.0296875 0.03333333333333333
0 0.56953125 0.653125 0.0296875 0.035416666666666666
0 0.11418671548117154 0.10004140516039052 0.05624999999999999 0.05
0 0.36640625 0.26458333333333334 0.0328125 0.0375
0 0.290234375 0.9614583333333333 0.02578125 0.0375
0 0.08515625 0.215 0.0296875 0.041666666666666664
0 0.08828125 0.56875 0.0296875 0.04583333333333333
0 0.3867897727272728 0.8779356060606062 0.03125000000000004 0.03958333333333333
0 0.3365885416666667 0.9897569444444445 0.029427083333333347 0.020486111111111073
0 0.19861778846153846 0.9854166666666667 0.0328125 0.029166666666666667
0 0.9381944444444444 0.6564814814814814 0.0375 0.05
0 0.9845703125 0.4069010416666667 0.030859375 0.040364583333333336
0 0.9066051136363636 0.4537878787878788 0.03167613636363633 0.041666666666666664
0 0.9551025390625 0.43287760416666665 0.0265625 0.04375
0 0.5924479166666667 0.5370138888888889 0.0296875 0.04374999999999994
1 0.54296875 0.6885416666666667 0.1265625 0.15208333333333332
1 0.13828125 0.10729166666666666 0.0671875 0.06875
1 0.36796875 0.27708333333333335 0.0859375 0.0875
1 0.628125 0.84375 0.059375 0.06666666666666667
