0 0.05102739726027398 0.6107448630136986 0.043750000000000004 0.05625
0 0.1942957427536232 0.9455978260869565 0.035937500000000025 0.04791666666666667
0 0.18240566037735848 0.886187106918239 0.028125 0.04583333333333333
0 0.28106207044673537 0.9072558705612829 0.03442869415807559 0.04375
0 0.6371458866837388 0.853125 0.03125 0.03958333333333333
0 0.6213827054794521 0.841837899543379 0.034375 0.041666666666666664
0 0.682832532051282 0.8931891025641026 0.0328125 0.03958333333333333
0 0.860931712962963 0.7520601851851851 0.03125 0.03333333333333333
0 0.9013494318181818 0.6372159090909091 0.0421875 0.04791666666666667
0 0.7495535714285715 0.4166666666666667 0.0375 0.04583333333333333
0 0.7547794117647059 0.3194240196078431 0.034375 0.03958333333333333
0 0.8638980263157896 0.21584429824561405 0.0296875 0.0375
0 0.8190504807692308 0.24126602564102564 0.0296875 0.035416666666666666
0 0.7390625 0.35549310551558755 0.028125 0.03958333333333333
0 0.9544002757352942 0.10482536764705881 0.028125 0.04375
0 0.853056891025641 0.06345085470085471 0.0328125 0.045833333333333344
0 0.8343101531620553 0.03077239789196311 0.0296875 0.05
0 0.6567397992227979 0.11221394645941277 0.0390625 0.04791666666666665
0 0.6400160845588235 0.1689797794117647 0.034375 0.04375
0 0.6136623475609756 0.290625 0.0328125 0.04791666666666667
0 0.5843603971962616 0.45727219626168225 0.028125 0.03125
0 0.552454268292683 0.4864583333333333 0.0375 0.03958333333333333
0 0.4921190693430657 0.6579911800486618 0.034375 0.04791666666666667
0 0.39453125 0.571875 0.0328125 0.03958333333333333
0 0.3773684210526316 0.5510745614035087 0.028125 0.0375
0 0.3868354885057471 0.459375 0.031249999999999955 0.03958333333333333
0 0.3595703125 0.40260416666666665 0.0359375 0.041666666666666664
0 0.33105188397129187 0.428125 0.0359375 0.027083333333333334
0 0.3324216090878148 0.4427083333333333 0.0359375 0.03125
0 0.23024509803921567 0.5087785947712419 0.0375 0.04791666666666667
0 0.1625 0.438578216374269 0.0375 0.04043128654970758
0 0.11844800420168067 0.3775035014005602 0.03125 0.041666666666666664
0 0.11995389344262294 0.31354166666666666 0.0328125 0.04375
0 0.0328125 0.3145833333333333 0.040625 0.041666666666666664
0 0.024088453029271612 0.3102429373723622 0.028125 0.03958333333333333
0 0.3629080212550607 0.8016573886639676 0.0390625 0.04791666666666667
0 0.3123306650246306 0.325928776683087 0.05 0.052083333333333336
0 0.40065351711026614 0.3456630228136882 0.028124999999999956 0.035416666666666666
0 0.48269074675324675 0.3104166666666667 0.034375 0.0333694083694084
0 0.5897017045454546 0.21396780303030302 0.040625 0.052083333333333336
0 0.38059593023255817 0.03408430232558139 0.034375 0.04375
0 0.4228794642857143 0.029910714285714287 0.0296875 0.035416666666666666
0 0.40842080152671756 0.16122773536895674 0.03125 0.041666666666666664
0 0.40974566605839413 0.19909519464720196 0.0421875 0.035416666666666666
0 0.36545850409836067 0.20895377959927142 0.0390625 0.04791666666666667
0 0.4234203923357664 0.24583333333333332 0.03125 0.04583333333333333
0 0.3939091435185185 0.29833140432098765 0.0265625 0.035416666666666666
0 0.86131875 0.17390833333333333 0.03125 0.04375
0 0.6325121996996997 0.6533252002002002 0.034375 0.03958333333333333
0 0.5359375 0.5625 0.034375 0.05416666666666667
0 0.58203125 0.6895833333333333 0.0296875 0.03333333333333333
0 0.56953125 0.653125 0.0296875 0.035416666666666666
0 0.11720711297071129 0.10104820432357044 0.05624999999999999 0.05
0 0.36640625 0.26458333333333334 0.0328125 0.0375
0 0.244921875 0.2421875 0.028125 0.03958333333333333
0 0.6609375 0.3854166666666667 0.028125 0.041666666666666664
0 0.492578125 0.6770833333333334 0.03125 0.04375
0 0.2078708333333333 0.9896222222222222 0.03124999999999998 0.02075555555555558
0 0.9871589781746032 0.45279431216931215 0.025062003968253956 0.03974867724867727
1 0.54296875 0.6885416666666667 0.1265625 0.15208333333333332
1 0.13828125 0.10729166666666666 0.0671875 0.06875
1 0.36796875 0.27708333333333335 0.0859375 0.0875
1 0.628125 0.84375 0.059375 0.06666666666666667
