0 0.052279537671232876 0.6124143835616438 0.04375 0.05625
0 0.1946490036231884 0.9459510869565217 0.0359375 0.04791666666666667
0 0.18286556603773585 0.8864937106918238 0.028125 0.04583333333333333
0 0.2826121794871795 0.9078970797720797 0.034375 0.04375
0 0.6375360115236876 0.853125 0.03125 0.03958333333333333
0 0.62390625 0.8429166666666668 0.034375 0.041666666666666664
0 0.688914695945946 0.8797578828828829 0.0328125 0.03958333333333333
0 0.8608564814814814 0.7517592592592592 0.03125 0.03333333333333333
0 0.9015902915019763 0.6375370553359684 0.0421875 0.04791666666666667
0 0.7558238636363637 0.38200757575757577 0.0375 0.04583333333333333
0 0.76484375 0.3072916666666667 0.034375 0.03958333333333333
0 0.8646998355263158 0.2147752192982456 0.0296875 0.0375
0 0.8167489919354839 0.24502016129032259 0.0296875 0.035416666666666666
0 0.7390625 0.35607763788968827 0.028125 0.03958333333333333
0 0.9546243106617647 0.10512408088235295 0.028125 0.04375
0 0.853369391025641 0.06386752136752136 0.0328125 0.04583333333333332
0 0.8347918725296444 0.030451251646903824 0.0296875 0.05
0 0.6583184909326425 0.11263493091537133 0.0390625 0.04791666666666667
0 0.6402401194852941 0.16927849264705883 0.034375 0.04375
0 0.6123883928571429 0.290625 0.0328125 0.04791666666666667
0 0.584672619047619 0.45729166666666665 0.028125 0.03125
0 0.5529001524390245 0.4864583333333333 0.0375 0.03958333333333333
0 0.4952326642335766 0.6532466545012166 0.034375 0.04791666666666667
0 0.39507777466367716 0.5726036995515695 0.0328125 0.03958333333333333
0 0.3776891447368421 0.5515021929824562 0.028125 0.03750000000000006
0 0.38613505747126436 0.459375 0.03125 0.03958333333333333
0 0.3604761318897638 0.4043799212598425 0.0359375 0.041666666666666664
0 0.33046875 0.428125 0.0359375 0.027083333333333334
0 0.3325460559904697 0.4427083333333333 0.0359375 0.03125
0 0.23048406862745097 0.5094158496732025 0.0375 0.04791666666666661
0 0.1625 0.4392909356725146 0.0375 0.040716374269005824
0 0.12049632352941178 0.3781862745098039 0.03125 0.041666666666666664
0 0.12020363729508196 0.31354166666666666 0.0328125 0.04375
0 0.0328125 0.3145833333333333 0.040625 0.041666666666666664
0 0.02412993533015657 0.3102982471068754 0.028125 0.03958333333333333
0 0.36167446862348174 0.8023152834008098 0.0390625 0.04791666666666667
0 0.31279965753424654 0.32644121004566207 0.05 0.052083333333333336
0 0.400595591730038 0.34558578897338404 0.028124999999999956 0.035416666666666666
0 0.4830740950226244 0.310242269984917 0.034375 0.03298453996983408
0 0.5902556818181818 0.2143371212121212 0.040625 0.052083333333333336
0 0.37748161764705884 0.032536764705882355 0.034375 0.04375
0 0.42315150669642854 0.029547991071428574 0.0296875 0.035416666666666666
0 0.40818821564885494 0.16091762086513997 0.03125 0.041666666666666664
0 0.4110340589887641 0.19942649812734084 0.042187500000000044 0.035416666666666666
0 0.36656828703703703 0.209375 0.0390625 0.04791666666666667
0 0.42390237603305786 0.24521349862258954 0.03125 0.04583333333333333
0 0.3944733796296297 0.2979552469135802 0.026562500000000044 0.035416666666666666
0 0.8610749999999999 0.17260833333333334 0.03125 0.04375
0 0.632893719059406 0.653125 0.034375 0.03958333333333333
0 0.5359375 0.5625 0.034375 0.05416666666666667
0 0.58203125 0.6895833333333333 0.0296875 0.03333333333333333
0 0.56953125 0.653125 0.0296875 0.035416666666666666
0 0.11746208158995816 0.10113319386331938 0.05625000000000001 0.05
0 0.36640625 0.26458333333333334 0.0328125 0.0375
0 0.26640625 0.365625 0.028125 0.03958333333333333
0 0.7 0.44375 0.028125 0.041666666666666664
0 0.46484375 0.7166666666666667 0.03125 0.04375
0 0.2081958333333333 0.9898388888888888 0.03124999999999998 0.02032222222222219
0 0.9901442307692306 0.4548878205128205 0.019711538461538503 0.03605769230769233
1 0.54296875 0.6885416666666667 0.1265625 0.15208333333333332
1 0.13828125 0.10729166666666666 0.0671875 0.06875
1 0.36796875 0.27708333333333335 0.0859375 0.0875
1 0.628125 0.84375 0.059375 0.06666666666666667
