0 0.0485110294117647 0.6052083333333333 0.04375 0.05625
0 0.19140625 0.9427083333333334 0.0359375 0.04791666666666667
0 0.18019374999999999 0.8826 0.028125 0.04583333333333333
0 0.26384202453987726 0.899456799591002 0.0375 0.04375
0 0.630904314159292 0.8552083333333333 0.03125 0.03958333333333333
0 0.5922244822485208 0.84375 0.034375 0.04995069033530584
0 0.63046875 0.8477083333333333 0.0328125 0.03958333333333333
0 0.860483870967742 0.7550403225806452 0.03125 0.03333333333333333
0 0.8930624999999999 0.6425833333333333 0.0421875 0.04791666666666667
0 0.7985576923076924 0.4455128205128205 0.0375 0.04583333333333333
0 0.6585018382352941 0.3204044117647059 0.0359375 0.040073529411764675
0 0.85859375 0.21470295055821373 0.0296875 0.0375
0 0.7915190077319588 0.22765249140893473 0.0296875 0.036060996563573894
0 0.7202376497005988 0.3622193113772455 0.028125 0.03958333333333333
0 0.9522013121546962 0.103125 0.028125 0.04375
0 0.8500478316326531 0.06054421768707483 0.0328125 0.04583333333333333
0 0.8189487795857989 0.027083333333333334 0.0296875 0.05
0 0.6472178507194244 0.11354166666666667 0.0390625 0.04791666666666667
0 0.6337223101265823 0.16414820675105485 0.034375 0.04375
0 0.6173718398876404 0.2864583333333333 0.0328125 0.04791666666666667
0 0.576583904109589 0.44938641552511416 0.028125 0.03125
0 0.5486566558441559 0.48258387445887446 0.0375 0.03958333333333333
0 0.48056456367924527 0.6695361635220126 0.034375 0.04791666666666667
0 0.38077849669603525 0.5679561306901615 0.0328125 0.03958333333333333
0 0.3668669871794872 0.5391559829059829 0.028125 0.03749999999999994
0 0.3638044724770642 0.44528860856269115 0.03125 0.03958333333333333
0 0.3425761620603015 0.3856469849246231 0.0359375 0.041666666666666664
0 0.33203125 0.428125 0.0359375 0.027083333333333334
0 0.33103035653505786 0.4427083333333333 0.0359375 0.03125
0 0.22511374521072797 0.4981441570881226 0.0375 0.04791666666666667
0 0.15640831497797356 0.43968887665198236 0.0375 0.03958333333333333
0 0.0992588141025641 0.3673967236467236 0.0390625 0.05416666666666667
0 0.12055027173913044 0.3163496376811594 0.0328125 0.04375
0 0.0328125 0.3145833333333333 0.040625 0.041666666666666664
0 0.02362470217835262 0.30962460290447014 0.028125 0.03958333333333333
0 0.3664779243119266 0.7955179663608563 0.0390625 0.04791666666666667
0 0.3079986462093863 0.32395833333333335 0.05 0.052083333333333336
0 0.4013010931558935 0.3465264575411914 0.028125 0.035416666666666666
0 0.46875 0.3115426457789382 0.034375 0.04200391644908616
0 0.5846691176470589 0.21185049019607843 0.040625 0.052083333333333336
0 0.42109375 0.035691889632107024 0.0296875 0.035416666666666666
0 0.409375 0.1625 0.03125 0.041666666666666664
0 0.39107238247863246 0.190625 0.042187499999999954 0.035416666666666666
0 0.3568928006329114 0.20180643459915612 0.0390625 0.04791666666666667
0 0.4278279049295775 0.2539025821596244 0.03125 0.04583333333333333
0 0.39025607638888893 0.30465856481481485 0.026562500000000044 0.035416666666666666
0 0.8594901315789473 0.17781798245614036 0.03125 0.04375
0 0.6296875 0.652117673992674 0.034375 0.03958333333333333
0 0.5359375 0.5625 0.034375 0.05416666666666667
0 0.58203125 0.6895833333333333 0.0296875 0.03333333333333333
0 0.56953125 0.653125 0.0296875 0.035416666666666666
0 0.11435669456066946 0.10009806485355649 0.05625 0.05
0 0.36640625 0.26458333333333334 0.0328125 0.0375
0 0.34296875 0.9721354166666667 0.0296875 0.0375
0 0.14765625 0.2217261904761905 0.0296875 0.041666666666666664
0 0.06376953125 0.675 0.0279296875 0.04583333333333333
0 0.026171875 0.6807291666666667 0.03125 0.03958333333333333
0 0.403515625 0.8875 0.03125 0.03958333333333333
0 0.28861607142857143 0.9023809523809524 0.028125 0.04583333333333333
0 0.19939903846153845 0.9854166666666667 0.0328125 0.029166666666666667
0 0.97578125 0.6479166666666667 0.0328125 0.05
0 0.9551562499999999 0.48625 0.0359375 0.041666666666666664
0 0.957958984375 0.4337239583333333 0.0265625 0.04375
0 0.6054253472222222 0.487962962962963 0.0296875 0.04375
1 0.54296875 0.6885416666666667 0.1265625 0.15208333333333332
1 0.13828125 0.10729166666666666 0.0671875 0.06875
1 0.36796875 0.27708333333333335 0.0859375 0.0875
1 0.628125 0.84375 0.059375 0.06666666666666667
