0 0.05 0.6077909779614324 0.04375 0.05625
0 0.19317255434782607 0.9444746376811594 0.035937499999999976 0.04791666666666667
0 0.18116875 0.8852 0.028125 0.04583333333333333
0 0.27640141752577324 0.9063681271477664 0.0357603092783505 0.04375
0 0.6359054897567222 0.853125 0.03125 0.03958333333333333
0 0.6107662671232876 0.8427226027397261 0.034375 0.041666666666666664
0 0.6541406249999999 0.8368749999999999 0.0328125 0.03958333333333333
0 0.8609375 0.7534799168975069 0.03125 0.03333333333333333
0 0.8984556686046512 0.6380087209302325 0.0421875 0.04791666666666667
0 0.7765625 0.4215277777777778 0.0375 0.04583333333333333
0 0.6980603448275862 0.3211566091954023 0.034375 0.03958333333333333
0 0.8612758366141732 0.21875 0.0296875 0.0375
0 0.79296875 0.23141315261044176 0.0296875 0.035416666666666666
0 0.72880859375 0.35716145833333335 0.028125 0.03958333333333333
0 0.9536879595588236 0.10387561274509803 0.028125 0.04375
0 0.8521080280172415 0.0625 0.0328125 0.04583333333333333
0 0.8298727448453608 0.03125 0.0296875 0.05
0 0.653615301724138 0.1118462643678161 0.0390625 0.04791666666666667
0 0.6393037683823529 0.16803002450980392 0.034375 0.04375
0 0.6161057692307692 0.2898237179487179 0.0328125 0.04791666666666667
0 0.5825496495327103 0.45485786604361367 0.028125 0.03125
0 0.5511891233766233 0.48596049783549783 0.0375 0.03958333333333333
0 0.4837997159090909 0.6700473484848485 0.034375 0.04791666666666667
0 0.3909762041284404 0.57306001529052 0.03281250000000004 0.03958333333333333
0 0.3753605769230769 0.55 0.028125 0.0375
0 0.3890625 0.459375 0.03125 0.03958333333333333
0 0.3567758413461538 0.3951522435897436 0.0359375 0.041666666666666664
0 0.33290595095693776 0.428125 0.0359375 0.027083333333333334
0 0.3320259317562968 0.4427083333333333 0.0359375 0.03125
0 0.22922712053571428 0.5063709077380952 0.0375 0.04791666666666667
0 0.16236059479553905 0.436582249070632 0.0375 0.03958333333333333
0 0.11214717741935484 0.3742031490015361 0.031250000000000014 0.041666666666666664
0 0.11953125 0.31457003546099294 0.0328125 0.04375
0 0.0328125 0.3145833333333333 0.040625 0.041666666666666664
0 0.023956560585432267 0.3100670807805763 0.028125 0.03958333333333333
0 0.36683008603238865 0.7995656207827261 0.0390625 0.04791666666666667
0 0.31042179802955666 0.32465619868637113 0.05 0.052083333333333336
0 0.4008376901140684 0.3459085868187579 0.028124999999999956 0.035416666666666666
0 0.4751420454545454 0.3104166666666667 0.034375 0.03560606060606055
0 0.5877207880434783 0.21354166666666666 0.040625 0.052083333333333336
0 0.3882401315789473 0.021875 0.034374999999999954 0.04375
0 0.42198764534883726 0.03199127906976744 0.0296875 0.035416666666666666
0 0.40916030534351144 0.16221374045801526 0.031249999999999955 0.041666666666666664
0 0.4040887317518248 0.2009808394160584 0.042187499999999954 0.035416666666666666
0 0.36228227459016393 0.20754212204007286 0.0390625 0.04791666666666667
0 0.4227132755474453 0.24583333333333332 0.03125 0.04583333333333333
0 0.3926208726415094 0.29988600628930817 0.0265625 0.035416666666666666
0 0.86209375 0.17804166666666665 0.03125 0.04375
0 0.631348536036036 0.6541009759759759 0.034375 0.03958333333333333
0 0.5359375 0.5625 0.034375 0.05416666666666667
0 0.58203125 0.6895833333333333 0.0296875 0.03333333333333333
0 0.56953125 0.653125 0.0296875 0.035416666666666666
0 0.11639644351464436 0.10077798117154811 0.05625 0.05
0 0.36640625 0.26458333333333334 0.0328125 0.0375
0 0.4221875 0.6186805555555555 0.028125 0.03958333333333333
0 0.4875 0.26875 0.03125 0.0375
0 0.7508928571428571 0.6784226190476191 0.03125 0.04375
0 0.2060546875 0.9895833333333334 0.03125 0.020833333333333332
0 0.9786383928571428 0.4444345238095238 0.0265625 0.04375
0 0.34130859375 0.79765625 0.0330078125 0.05260416666666667
0 0.415625 0.14791666666666667 0.034375 0.041666666666666664
1 0.54296875 0.6885416666666667 0.1265625 0.15208333333333332
1 0.13828125 0.10729166666666666 0.0671875 0.06875
1 0.36796875 0.27708333333333335 0.0859375 0.0875
1 0.628125 0.84375 0.059375 0.06666666666666667
