0 0.08235728346456692 0.6236548556430447 0.03749999999999999 0.05387139107611543
0 0.21046080508474577 0.953125 0.03474576271186443 0.04791666666666667
0 0.20112581877729258 0.883924672489083 0.028125 0.04583333333333333
0 0.3088730879541109 0.9134858986615679 0.034375 0.04375
0 0.1640625 0.821875 0.028125 0.03125
0 0.6504780783582089 0.8541666666666666 0.03125 0.03333333333333333
0 0.6365492021276596 0.8467996453900709 0.034375 0.041666666666666664
0 0.7290625000000001 0.876875 0.034375 0.036250000000000074
0 0.9216145833333333 0.3020833333333333 0.0328125 0.05
0 0.8594888117283951 0.7462885802469136 0.03125 0.03333333333333333
0 0.94609375 0.6560934095860566 0.0421875 0.04791666666666667
0 0.8183423913043478 0.5036231884057971 0.0375 0.04583333333333333
0 0.8903125 0.30395833333333333 0.034375 0.03958333333333333
0 0.8702404698581561 0.2272754137115839 0.0296875 0.0375
0 0.83859375 0.27687500000000004 0.0296875 0.035416666666666666
0 0.7587611607142858 0.3489583333333333 0.029380580357142794 0.03958333333333333
0 0.8255580357142858 0.41636904761904764 0.0421875 0.04583333333333333
0 0.9585757488479263 0.11039266513056836 0.028125 0.04375
0 0.8722577600671141 0.07446868008948546 0.0328125 0.04583333333333333
0 0.845157967032967 0.032497710622710625 0.0296875 0.05
0 0.6789383561643836 0.13073630136986303 0.04375 0.047916666666666684
0 0.6553038194444445 0.17023148148148148 0.034375 0.04375
0 0.6266624273255814 0.297843992248062 0.0328125 0.04791666666666667
0 0.5898796498905908 0.4604645331874544 0.028125 0.03125
0 0.5576192010309279 0.48737113402061855 0.0375 0.03958333333333333
0 0.4969818376068377 0.6528400997150997 0.034375 0.04791666666666667
0 0.41009615384615383 0.575 0.0328125 0.03333333333333333
0 0.1416193181818182 0.7903409090909091 0.04375 0.05
0 0.3890625 0.537691570881226 0.028125 0.03749999999999994
0 0.39034700920245397 0.45949642126789364 0.031249999999999955 0.038113496932515346
0 0.3872890625 0.42196874999999995 0.0359375 0.041666666666666664
0 0.33359375 0.428125 0.0359375 0.027083333333333334
0 0.3348084368618108 0.4427083333333333 0.0359375 0.03125
0 0.2519288793103448 0.5036422413793104 0.0375 0.04791666666666667
0 0.17859080188679247 0.43125 0.0375 0.041666666666666664
0 0.16038868801652892 0.3875 0.03125 0.041666666666666664
0 0.12629888803680983 0.31839851738241304 0.0328125 0.04375
0 0.0328125 0.3145833333333333 0.040625 0.041666666666666664
0 0.024884062287270255 0.3113037497163604 0.028125 0.03958333333333333
0 0.36757401315789473 0.8005372807017543 0.0390625 0.04791666666666667
0 0.32850215517241377 0.32969109195402296 0.05 0.052083333333333336
0 0.3988459232613909 0.3463304356514788 0.028125000000000046 0.035416666666666666
0 0.4859375 0.3104667467948718 0.034375 0.03343349358974361
0 0.6026801215277778 0.21872106481481482 0.03985098379629628 0.043827160493827164
0 0.5081249999999999 0.10645833333333334 0.034375 0.04375
0 0.435438204887218 0.023958333333333335 0.0296875 0.035416666666666666
0 0.4087763620386643 0.15026728178090215 0.02619727592267136 0.03661394258933801
0 0.4296998448081264 0.16613760346124906 0.0421875 0.035416666666666666
0 0.3955293226872246 0.20520833333333333 0.0390625 0.04791666666666667
0 0.42859289148351654 0.25021176739926737 0.03125 0.04583333333333333
0 0.4079215494791667 0.3073415798611111 0.030185546875000035 0.03058593750000001
0 0.8829202586206897 0.20272988505747128 0.025 0.0375
0 0.6409302566225165 0.6510416666666666 0.03637210264900661 0.03958333333333333
0 0.5359375 0.5625 0.034375 0.05416666666666667
0 0.3122961956521739 0.53125 0.040625 0.041666666666666664
0 0.58203125 0.6895833333333333 0.0296875 0.03333333333333333
0 0.56953125 0.653125 0.0296875 0.035416666666666666
0 0.13371236910994763 0.10803883071553229 0.05625 0.05
0 0.36640625 0.26458333333333334 0.0328125 0.0375
0 0.718359375 0.3302083333333333 0.0328125 0.03958333333333333
0 0.9020559210526315 0.27532894736842106 0.028125 0.0375
0 0.08677884615384615 0.5462339743589744 0.03124999999999999 0.035416666666666666
0 0.98671875 0.9822916666666667 0.0265625 0.035416666666666666
0 0.7354166666666667 0.9684027777777777 0.03125 0.03958333333333333
0 0.03671875 0.9864583333333333 0.0296875 0.027083333333333334
1 0.54296875 0.6885416666666667 0.1265625 0.15208333333333332
1 0.13828125 0.10729166666666666 0.0671875 0.06875
1 0.36796875 0.27708333333333335 0.0859375 0.0875
1 0.628125 0.84375 0.059375 0.06666666666666667
