0 0.06989182692307692 0.6242120726495727 0.043750000000000004 0.05625
0 0.2012852822580645 0.9496034946236559 0.03545362903225804 0.04791666666666667
0 0.18588709677419354 0.8891801075268817 0.028125 0.04583333333333333
0 0.2987989961759082 0.9123665551306565 0.034375 0.04375
0 0.6418173815620999 0.853125 0.03125 0.03958333333333333
0 0.6344494047619047 0.8463789682539683 0.034375 0.041666666666666664
0 0.7149553571428571 0.8494345238095239 0.0328125 0.03958333333333333
0 0.8600308641975308 0.7484567901234568 0.03125 0.03333333333333333
0 0.9161397366220736 0.6441227703455964 0.0421875 0.04791666666666667
0 0.8037240932642487 0.48869818652849745 0.03749999999999991 0.04583333333333333
0 0.8464791666666667 0.3069027777777778 0.034375 0.03958333333333333
0 0.86796875 0.22280328798185942 0.0296875 0.0375
0 0.8312109375000001 0.26036458333333334 0.0296875 0.035416666666666666
0 0.7523681640625 0.353125 0.028125 0.03958333333333333
0 0.9593134236453202 0.10516728243021346 0.028125 0.04375
0 0.8638800523952096 0.06706586826347305 0.0328125 0.04583333333333332
0 0.8424234479865772 0.03296979865771812 0.0296875 0.05
0 0.6744957890070922 0.12354462174940899 0.04054742907801421 0.04791666666666667
0 0.6498798076923077 0.171875 0.034375 0.04375
0 0.6091512940528634 0.2927909324522761 0.0328125 0.04791666666666667
0 0.5879581509846827 0.4579025346462436 0.028125 0.03125
0 0.55625 0.4864583333333333 0.0375 0.03958333333333333
0 0.4953125 0.6572916666666667 0.034375 0.04791666666666667
0 0.40366847826086955 0.5777173913043477 0.03281249999999995 0.03333333333333333
0 0.38372395833333334 0.5520833333333334 0.028125 0.0375
0 0.3859375 0.45674818840579706 0.03125 0.03958333333333333
0 0.36284826807228915 0.4059613453815261 0.0359375 0.041666666666666664
0 0.3324043505788712 0.428125 0.0359375 0.027083333333333334
0 0.3339117809734513 0.4427083333333333 0.0359375 0.03125
0 0.23239350558659216 0.5065700651769087 0.0375 0.04791666666666667
0 0.16945586622807018 0.4335343567251462 0.0375 0.041666666666666664
0 0.15494576446280992 0.3875 0.03125 0.041666666666666664
0 0.12352209394904459 0.3177083333333333 0.0328125 0.04375
0 0.0328125 0.3145833333333333 0.040625 0.041666666666666664
0 0.024585176991150443 0.3109052359882006 0.028125 0.03958333333333333
0 0.36213090551181104 0.8074885170603674 0.0390625 0.04791666666666667
0 0.32196415165165165 0.32867555055055053 0.05 0.052083333333333336
0 0.39989883093525175 0.3449265587529976 0.028124999999999956 0.035416666666666666
0 0.48346467391304343 0.31145833333333334 0.034375 0.03321859903381643
0 0.5951247317596566 0.215625 0.040625 0.052083333333333336
0 0.4286458333333333 0.04479166666666667 0.034375 0.04375
0 0.4302877824858757 0.024888182674199625 0.0296875 0.035416666666666666
0 0.40723308435852373 0.15901252196836554 0.029283831282952553 0.03970049794961919
0 0.42771762133182845 0.16745908577878105 0.0421875 0.035416666666666666
0 0.382834002293578 0.20832377675840977 0.03906250000000004 0.04791666666666667
0 0.4293598790322581 0.24539650537634408 0.03125 0.0458333333333333
0 0.400146484375 0.2994140625 0.02744140625 0.03424479166666667
0 0.87625 0.1870138888888889 0.03125 0.04375
0 0.6371515287769784 0.6535896282973621 0.034375 0.03958333333333333
0 0.5359375 0.5625 0.034375 0.05416666666666667
0 0.58203125 0.6895833333333333 0.0296875 0.03333333333333333
0 0.56953125 0.653125 0.0296875 0.035416666666666666
0 0.12026019874476987 0.10206589958158996 0.05625 0.05
0 0.36640625 0.26458333333333334 0.0328125 0.0375
0 0.43046875 0.3625 0.0296875 0.04583333333333333
0 0.7884943181818181 0.28825757575757577 0.034375 0.041666666666666664
0 0.05100446428571429 0.7769345238095239 0.029687500000000006 0.03958333333333333
0 0.7969866071428571 0.45342261904761905 0.034375 0.04375
0 0.27760416666666665 0.1607638888888889 0.0296875 0.041666666666666664
0 0.16944444444444445 0.7185185185185186 0.03125 0.041666666666666664
0 0.4953125 0.8690972222222223 0.03125 0.03958333333333333
0 0.9353125 0.7329166666666667 0.028125 0.041666666666666664
1 0.54296875 0.6885416666666667 0.1265625 0.15208333333333332
1 0.13828125 0.10729166666666666 0.0671875 0.06875
1 0.36796875 0.27708333333333335 0.0859375 0.0875
1 0.628125 0.84375 0.059375 0.06666666666666667
