0 0.052536386986301364 0.6127568493150686 0.04375 0.05625
0 0.19472146739130433 0.9460235507246377 0.0359375 0.04791666666666667
0 0.18295990566037737 0.8865566037735849 0.028125 0.04583333333333333
0 0.2829326923076923 0.90803952991453 0.034375 0.04375
0 0.6376160371318822 0.853125 0.03125 0.03958333333333333
0 0.62415625 0.8435833333333334 0.034375 0.041666666666666664
0 0.6899282094594594 0.8757038288288288 0.0328125 0.03958333333333333
0 0.860841049382716 0.7516975308641975 0.03125 0.03333333333333333
0 0.9016396986166008 0.6376029314888011 0.0421875 0.04791666666666667
0 0.7598958333333333 0.38819444444444445 0.0375 0.04583333333333333
0 0.7677556818181819 0.3152462121212121 0.034375 0.03958333333333333
0 0.8648549910071942 0.21459832134292567 0.0296875 0.0375
0 0.8169102822580646 0.245127688172043 0.0296875 0.035416666666666666
0 0.7390625 0.3561975419664269 0.028125 0.03958333333333333
0 0.9546702665441176 0.10518535539215687 0.028125 0.04375
0 0.8534334935897435 0.06395299145299145 0.0328125 0.04583333333333332
0 0.8348906867588933 0.030385375494071144 0.0296875 0.05
0 0.6586423251295337 0.11272128670120898 0.0390625 0.04791666666666667
0 0.6402860753676471 0.16933976715686275 0.034375 0.04375
0 0.6121270688153311 0.290625 0.0328125 0.04791666666666667
0 0.584735275689223 0.45729166666666665 0.028125 0.03125
0 0.5529916158536585 0.4864583333333333 0.0375 0.03958333333333333
0 0.49525035511363635 0.6532078598484848 0.034375 0.04791666666666667
0 0.39518988228699553 0.5727531763826607 0.0328125 0.03958333333333333
0 0.3777549342105263 0.5515899122807018 0.028125 0.03749999999999994
0 0.38599137931034483 0.459375 0.03125 0.03958333333333333
0 0.36067298228346456 0.40451115485564304 0.0359375 0.041666666666666664
0 0.33050492945007237 0.428125 0.0359375 0.027083333333333334
0 0.3325715835602451 0.4427083333333333 0.0359375 0.03125
0 0.23053308823529411 0.509546568627451 0.0375 0.04791666666666661
0 0.1625 0.439437134502924 0.0375 0.04077485380116954
0 0.12091649159663867 0.3783263305322129 0.03125 0.041666666666666664
0 0.12025486680327868 0.31354166666666666 0.0328125 0.04375
0 0.0328125 0.3145833333333333 0.040625 0.041666666666666664
0 0.024138444520081688 0.3103095926934422 0.028125 0.03958333333333333
0 0.36142143218623485 0.8024502361673415 0.0390625 0.04791666666666667
0 0.31288527397260274 0.3265553652968036 0.05 0.052083333333333336
0 0.4005837096007604 0.3455699461343473 0.028124999999999956 0.035416666666666666
0 0.4831306561085973 0.3102045625942685 0.034375 0.03290912518853695
0 0.5903693181818181 0.2144128787878788 0.040625 0.052083333333333336
0 0.3811580882352941 0.0335171568627451 0.034375 0.04375
0 0.42320731026785713 0.029473586309523812 0.0296875 0.035416666666666666
0 0.40814050572519084 0.1608540076335878 0.03125 0.041666666666666664
0 0.41126814138576784 0.1995513420724095 0.042187500000000044 0.035416666666666666
0 0.36721643518518515 0.209375 0.0390625 0.04791666666666667
0 0.4240056818181818 0.24507575757575756 0.03125 0.0458333333333333
0 0.3945891203703703 0.2978780864197531 0.026562499999999954 0.035416666666666666
0 0.861025 0.17234166666666667 0.03125 0.04375
0 0.6329865408415841 0.653125 0.034375 0.03958333333333333
0 0.5359375 0.5625 0.034375 0.05416666666666667
0 0.58203125 0.6895833333333333 0.0296875 0.03333333333333333
0 0.56953125 0.653125 0.0296875 0.035416666666666666
0 0.1175143828451883 0.10115062761506276 0.05625000000000001 0.05
0 0.36640625 0.26458333333333334 0.0328125 0.0375
0 0.27433035714285714 0.33675595238095235 0.028125 0.03958333333333333
0 0.7053125 0.47333333333333333 0.028125 0.041666666666666664
0 0.47299107142857144 0.753720238095238 0.03125 0.04375
0 0.20826250000000002 0.9898833333333333 0.03125000000000002 0.02023333333333331
0 0.9908653846153846 0.4553685897435898 0.018269230769230836 0.03509615384615383
1 0.54296875 0.6885416666666667 0.1265625 0.15208333333333332
1 0.13828125 0.10729166666666666 0.0671875 0.06875
1 0.36796875 0.27708333333333335 0.0859375 0.0875
1 0.628125 0.84375 0.059375 0.06666666666666667
