0 0.0796484375 0.6252604166666667 0.04117187500000001 0.05281250000000005
0 0.2071446572580645 0.9506451612903226 0.03467237903225804 0.04791666666666667
0 0.19252865720524018 0.8873635371179039 0.028125 0.04583333333333333
0 0.304355879541109 0.9129839866156788 0.034375 0.04375
0 0.6454996257485031 0.8545970558882235 0.03125 0.03958333333333333
0 0.6390625 0.8479166666666667 0.034375 0.041666666666666664
0 0.6840625 0.8739166666666667 0.03224999999999998 0.03433333333333337
0 0.8597318672839507 0.7472608024691357 0.03125 0.03333333333333333
0 0.9331190664556962 0.6518855485232068 0.0421875 0.04791666666666667
0 0.8062338082901555 0.4937176165803109 0.0375 0.04583333333333333
0 0.8723214285714287 0.3099702380952381 0.034375 0.03958333333333333
0 0.8639241071428572 0.2283095238095238 0.0296875 0.0375
0 0.8380520833333334 0.2694861111111111 0.0296875 0.03541666666666664
0 0.7550446428571429 0.3505654761904762 0.028125 0.03958333333333333
0 0.66953125 0.6363095238095239 0.0421875 0.04583333333333333
0 0.9552734375 0.10520833333333333 0.028125 0.04375
0 0.8696151426174497 0.07094519015659956 0.0328125 0.04583333333333333
0 0.8440762362637363 0.03333333333333333 0.0296875 0.05
0 0.6778030303030302 0.1258270202020202 0.04342803030303033 0.04791666666666665
0 0.6534283424908425 0.171875 0.034375 0.04375
0 0.6187534416299559 0.29421347283406757 0.0328125 0.04791666666666667
0 0.5890180525164114 0.4593157366885485 0.028125 0.03125
0 0.55625 0.4864583333333333 0.0375 0.03958333333333333
0 0.49619963369963366 0.6549259768009768 0.034375 0.04791666666666667
0 0.40703894704433496 0.5739634646962234 0.0328125 0.03333333333333333
0 0.3859375 0.5426100628930818 0.028125 0.03749999999999994
0 0.385400390625 0.45693359375 0.03125 0.03958333333333333
0 0.38059895833333335 0.4269675925925926 0.0359375 0.041666666666666664
0 0.33310532742402316 0.428125 0.0359375 0.027083333333333334
0 0.33440637763784886 0.4427083333333333 0.0359375 0.03125
0 0.2407470703125 0.50458984375 0.0375 0.04791666666666667
0 0.1719044811320755 0.43125 0.0375 0.041666666666666664
0 0.1579480888429752 0.3875 0.03125 0.041666666666666664
0 0.12506468949044586 0.3177083333333333 0.0328125 0.04375
0 0.0328125 0.3145833333333333 0.040625 0.041666666666666664
0 0.024750042545949626 0.31112505672793284 0.028125 0.03958333333333333
0 0.3665378289473684 0.8046820175438596 0.0390625 0.04791666666666667
0 0.3248733108108108 0.3296452702702703 0.05 0.052083333333333336
0 0.39931804556354916 0.3457009392486011 0.028125 0.035416666666666666
0 0.48557065217391304 0.31145833333333334 0.034375 0.03509057971014495
0 0.5966838787553648 0.215625 0.040625 0.052083333333333336
0 0.44838362068965515 0.10017959770114943 0.034375 0.04375
0 0.43336551966292136 0.023958333333333335 0.0296875 0.035416666666666666
0 0.4080843585237258 0.15418863503222024 0.027581282952548313 0.03799794961921501
0 0.42881101862302484 0.1667301542513168 0.0421875 0.035416666666666666
0 0.38949971330275235 0.20536123853211008 0.03906250000000004 0.04791666666666667
0 0.4291337568681318 0.24804830586080584 0.03125 0.0458333333333333
0 0.4044352213541667 0.3037868923611111 0.028955078125000044 0.0322265625
0 0.8845399844720496 0.19177665631469978 0.027368012422360265 0.03986801242236024
0 0.6450284090909091 0.6489583333333333 0.034375 0.03958333333333333
0 0.5359375 0.5625 0.034375 0.05416666666666667
0 0.071875 0.25530303030303025 0.0375 0.0458333333333333
0 0.58203125 0.6895833333333333 0.0296875 0.03333333333333333
0 0.56953125 0.653125 0.0296875 0.035416666666666666
0 0.12752781413612566 0.10529013961605585 0.05625000000000001 0.05
0 0.36640625 0.26458333333333334 0.0328125 0.0375
0 0.40203125 0.32375000000000004 0.0328125 0.03958333333333333
0 0.9341145833333334 0.7114583333333333 0.028125 0.0375
0 0.42053571428571435 0.5224702380952381 0.03125 0.035416666666666666
0 0.9457812499999999 0.5231250000000001 0.0203125 0.039583333333333394
0 0.7007352941176471 0.9020220588235295 0.034375 0.04791666666666667
0 0.4447916666666667 0.8832175925925926 0.03125 0.03958333333333333
1 0.54296875 0.6885416666666667 0.1265625 0.15208333333333332
1 0.13828125 0.10729166666666666 0.0671875 0.06875
1 0.36796875 0.27708333333333335 0.0859375 0.0875
1 0.628125 0.84375 0.059375 0.06666666666666667
