0 0.05321557971014492 0.6136624396135265 0.04375 0.05625
0 0.1959171195652174 0.9472192028985507 0.0359375 0.04791666666666667
0 0.184375 0.887594696969697 0.028125 0.04583333333333333
0 0.2882211538461538 0.9103899572649573 0.034375 0.04375
0 0.6389364596670934 0.853125 0.03125 0.03958333333333333
0 0.6274269600591716 0.8458333333333333 0.034375 0.041666666666666664
0 0.67734375 0.853125 0.0328125 0.03958333333333333
0 0.8605864197530865 0.7506790123456789 0.03125 0.03333333333333333
0 0.90234375 0.6381056201550387 0.0421875 0.04791666666666667
0 0.8142463235294117 0.47855392156862747 0.0375 0.04583333333333333
0 0.8249393203883495 0.31105380258899673 0.034375 0.03958333333333333
0 0.8663388039568345 0.21657673860911272 0.0296875 0.0375
0 0.81953125 0.2469097222222222 0.0296875 0.035416666666666666
0 0.7416777482269503 0.3555481678486998 0.028125 0.03958333333333333
0 0.9556120986238532 0.10397553516819572 0.028125 0.04375
0 0.85625 0.06458333333333334 0.0328125 0.04583333333333333
0 0.8365211215415019 0.029298418972332017 0.0296875 0.05
0 0.6625520833333334 0.11409722222222222 0.0390625 0.04791666666666667
0 0.6425388003355705 0.17030201342281878 0.034375 0.04375
0 0.6078152221254356 0.290625 0.0328125 0.04791666666666667
0 0.5857691102756892 0.45729166666666665 0.028125 0.03125
0 0.5545007621951219 0.4864583333333333 0.0375 0.03958333333333333
0 0.4940784801136363 0.6547703598484849 0.034375 0.04791666666666667
0 0.39703965807174885 0.5752195440956651 0.03281249999999995 0.03958333333333333
0 0.3798457278481012 0.5543776371308017 0.028125 0.0375
0 0.3846200980392157 0.45761846405228757 0.03125000000000004 0.03958333333333333
0 0.36280610380116957 0.4059332358674464 0.0359375 0.041666666666666664
0 0.33110189037626625 0.428125 0.0359375 0.027083333333333334
0 0.33299278846153846 0.4427083333333333 0.0359375 0.03125
0 0.2311527489626556 0.5111989972337483 0.0375 0.04791666666666667
0 0.16282051282051282 0.44134615384615383 0.0375 0.041666666666666664
0 0.1357904411764706 0.38122549019607843 0.03125 0.041666666666666664
0 0.12110148514851485 0.3135622937293729 0.0328125 0.04375
0 0.0328125 0.3145833333333333 0.040625 0.041666666666666664
0 0.024278846153846158 0.3104967948717949 0.028125 0.03958333333333333
0 0.35961379716981134 0.8052948113207548 0.0390625 0.04791666666666667
0 0.31468186936936937 0.328125 0.05 0.052083333333333336
0 0.4003876544676806 0.3453085392902408 0.028125 0.035416666666666666
0 0.4840639140271493 0.30958239064856713 0.034375 0.031664781297134265
0 0.5922277360515021 0.215625 0.040625 0.052083333333333336
0 0.413014481707317 0.034375 0.034374999999999954 0.04375
0 0.42412806919642854 0.028245907738095242 0.0296875 0.035416666666666666
0 0.4071656586021505 0.1621415770609319 0.031249999999999955 0.041666666666666664
0 0.4151305009363296 0.20161126716604244 0.0421875 0.035416666666666666
0 0.37743489583333334 0.209375 0.0390625 0.04791666666666667
0 0.4257102272727272 0.2428030303030303 0.03125 0.04583333333333333
0 0.3962873340707965 0.296875 0.026562500000000044 0.035416666666666666
0 0.8648327464788732 0.177068661971831 0.03125 0.04375
0 0.6345181002475248 0.653125 0.034375 0.03958333333333333
0 0.5359375 0.5625 0.034375 0.05416666666666667
0 0.58203125 0.6895833333333333 0.0296875 0.03333333333333333
0 0.56953125 0.653125 0.0296875 0.035416666666666666
0 0.11837735355648535 0.10143828451882846 0.05625 0.05
0 0.36640625 0.26458333333333334 0.0328125 0.0375
0 0.3625 0.671875 0.0296875 0.03958333333333333
0 0.0390625 0.7875 0.028125 0.029166666666666667
0 0.34625 0.08520833333333333 0.03125 0.03958333333333333
0 0.20936249999999998 0.9906166666666666 0.03124999999999998 0.01876666666666663
1 0.54296875 0.6885416666666667 0.1265625 0.15208333333333332
1 0.13828125 0.10729166666666666 0.0671875 0.06875
1 0.36796875 0.27708333333333335 0.0859375 0.0875
1 0.628125 0.84375 0.059375 0.06666666666666667
