0 0.0484375 0.6015625 0.04375 0.05625
0 0.19140625 0.9427083333333334 0.0359375 0.04791666666666667
0 0.179709375 0.8813083333333334 0.028125 0.04583333333333333
0 0.2571558665644172 0.8935135480572598 0.0375 0.04375
0 0.6298326880530973 0.8552083333333333 0.03125 0.03958333333333333
0 0.5798125 0.8400833333333334 0.034375 0.05
0 0.6591145833333333 0.8253472222222222 0.0328125 0.03958333333333333
0 0.859507308467742 0.7524361559139785 0.03125 0.03333333333333333
0 0.88746875 0.6207083333333333 0.0421875 0.04791666666666667
0 0.8207589285714286 0.42797619047619045 0.0375 0.04583333333333333
0 0.597482638888889 0.3304398148148148 0.0359375 0.03958333333333333
0 0.85703125 0.21412037037037035 0.0296875 0.0375
0 0.78203125 0.215625 0.0296875 0.035416666666666666
0 0.717454268292683 0.36008638211382116 0.028125 0.03958333333333333
0 0.9515625 0.10260416666666666 0.028125 0.04375
0 0.8483695652173913 0.05720108695652174 0.0328125 0.045833333333333344
0 0.8140625 0.027604166666666666 0.0296875 0.05
0 0.6373314950980392 0.10978349673202616 0.0390625 0.047916666666666684
0 0.6288822115384616 0.1617948717948718 0.034375 0.04375
0 0.6131770833333333 0.28854166666666664 0.0328125 0.04791666666666667
0 0.5724368578767123 0.4471746575342466 0.028125 0.03125
0 0.5470952181208053 0.4805019574944071 0.0375 0.03958333333333333
0 0.48125 0.6677083333333333 0.034375 0.04791666666666667
0 0.37637069610778445 0.5622442614770459 0.0328125 0.03958333333333333
0 0.36438301282051283 0.5358440170940172 0.028125 0.03750000000000006
0 0.3566550925925926 0.440625 0.03125 0.03958333333333333
0 0.33185519366197186 0.38125 0.0359375 0.041666666666666664
0 0.33203125 0.428125 0.0359375 0.027083333333333334
0 0.3305357598706603 0.4427083333333333 0.0359375 0.03125
0 0.22213541666666664 0.4939236111111111 0.0375 0.04791666666666667
0 0.15214069383259912 0.4368437958883994 0.0375 0.03958333333333333
0 0.0953952205882353 0.3645833333333333 0.037665441176470596 0.05416666666666667
0 0.11984675480769232 0.315625 0.0328125 0.04375
0 0.0328125 0.3145833333333333 0.040625 0.041666666666666664
0 0.023459836623553436 0.30940478216473793 0.028125 0.03958333333333333
0 0.361140625 0.7931458333333333 0.0390625 0.04791666666666667
0 0.31181162587412586 0.32040355477855476 0.05 0.052083333333333336
0 0.4015313094106464 0.34683341254752853 0.028125 0.035416666666666666
0 0.46875 0.312385770234987 0.034375 0.045376414273281124
0 0.58306884765625 0.21145833333333333 0.040625 0.052083333333333336
0 0.4200284090909091 0.03787878787878787 0.0296875 0.035416666666666666
0 0.4080403645833333 0.1625 0.031249999999999955 0.041666666666666664
0 0.3854256465517241 0.19270833333333334 0.042187499999999954 0.035416666666666666
0 0.35438878676470587 0.1975183823529412 0.0390625 0.04791666666666667
0 0.4234375 0.25106589147286823 0.03125 0.04583333333333333
0 0.38719429347826084 0.30520833333333336 0.026562499999999954 0.035416666666666666
0 0.860764802631579 0.1744188596491228 0.03125 0.04375
0 0.6283793604651163 0.6492974806201551 0.034375 0.03958333333333333
0 0.5359375 0.5625 0.034375 0.05416666666666667
0 0.58203125 0.6895833333333333 0.0296875 0.03333333333333333
0 0.56953125 0.653125 0.0296875 0.035416666666666666
0 0.1140625 0.1 0.05625 0.05
0 0.36640625 0.26458333333333334 0.0328125 0.0375
0 0.17265625 0.09910714285714285 0.0296875 0.04583333333333333
0 0.3356317934782609 0.821875 0.0296875 0.03958333333333333
0 0.19609375 0.9847064393939393 0.0328125 0.03058712121212122
0 0.8356770833333333 0.9274305555555556 0.0328125 0.04791666666666667
0 0.7958806818181818 0.7238636363636364 0.0375 0.05
0 0.6568576388888889 0.4857638888888889 0.0390625 0.035416666666666666
0 0.7786931818181818 0.12566287878787877 0.025 0.03958333333333332
0 0.7973958333333334 0.5572916666666666 0.04062500000000009 0.052083333333333336
0 0.9428538602941176 0.42732843137254906 0.0265625 0.04375
0 0.44609375 0.8657051282051282 0.0421875 0.04583333333333333
0 0.52890625 0.746875 0.0296875 0.04375
0 0.05212053571428572 0.234375 0.03236607142857143 0.04017857142857141
1 0.54296875 0.6885416666666667 0.1265625 0.15208333333333332
1 0.13828125 0.10729166666666666 0.0671875 0.06875
1 0.36796875 0.27708333333333335 0.0859375 0.0875
1 0.628125 0.84375 0.059375 0.06666666666666667
