0 0.08269531249999999 0.6236979166666666 0.03601562500000001 0.0459374999999999
0 0.2085055443548387 0.9508870967741936 0.03449092741935482 0.04791666666666667
0 0.19498498908296943 0.8863810043668122 0.028125 0.04583333333333333
0 0.30564651051625236 0.9131273900573614 0.034375 0.04375
0 0.0375 0.73125 0.028125 0.03125
0 0.6465101047904191 0.8550461576846308 0.03125 0.03958333333333333
0 0.638344414893617 0.8475975177304965 0.034375 0.041666666666666664
0 0.6939338235294118 0.882107843137255 0.028125 0.041666666666666664
0 0.8596624228395061 0.746983024691358 0.03125 0.03333333333333333
0 0.9388152689873417 0.6542589662447257 0.0421875 0.04791666666666667
0 0.8132612179487179 0.4956196581196581 0.03749999999999991 0.04583333333333333
0 0.878125 0.3005787037037037 0.034375 0.03958333333333333
0 0.8643526785714286 0.22916666666666666 0.0296875 0.0375
0 0.8395520833333334 0.2714861111111111 0.0296875 0.035416666666666666
0 0.7555803571428571 0.34985119047619045 0.028125 0.03958333333333333
0 0.77015625 0.6066666666666667 0.0421875 0.04583333333333333
0 0.9553355414746545 0.10607238863287251 0.028125 0.04375
0 0.8703701761744966 0.07195190156599553 0.0328125 0.04583333333333333
0 0.8443853021978022 0.03333333333333333 0.0296875 0.05
0 0.6777126736111111 0.1271412037037037 0.04375 0.04791666666666665
0 0.6542525183150183 0.171875 0.034375 0.04375
0 0.6209836178414097 0.29454386930983845 0.0328125 0.04791666666666667
0 0.5892642231947484 0.4596439642596645 0.028125 0.03125
0 0.55625 0.4864583333333333 0.0375 0.03958333333333333
0 0.49640567765567767 0.6543765262515263 0.034375 0.04791666666666667
0 0.4075931342364532 0.5743329228243022 0.0328125 0.03333333333333333
0 0.38843750000000005 0.5416666666666666 0.028125000000000046 0.0375
0 0.3868960889570552 0.4577709611451943 0.031249999999999955 0.039263803680981604
0 0.3851796875 0.42290625 0.0359375 0.041666666666666664
0 0.33326813494934876 0.428125 0.0359375 0.027083333333333334
0 0.334521251701838 0.4427083333333333 0.0359375 0.03125
0 0.2438232421875 0.50400390625 0.0375 0.04791666666666667
0 0.17381485849056605 0.43125 0.0375 0.041666666666666664
0 0.158645402892562 0.3875 0.03125 0.041666666666666664
0 0.12542296974522293 0.3177083333333333 0.0328125 0.04375
0 0.0328125 0.3145833333333333 0.040625 0.041666666666666664
0 0.024788333900612664 0.31117611186748356 0.028125 0.03958333333333333
0 0.36683388157894736 0.8034978070175439 0.0390625 0.04791666666666667
0 0.3255489864864865 0.3298704954954955 0.05 0.052083333333333336
0 0.3991831534772182 0.345880795363709 0.028125 0.035416666666666666
0 0.4859375 0.3113681891025641 0.034375 0.035236378205128226
0 0.5977973090277777 0.21611689814814816 0.04050202546296298 0.0507716049382716
0 0.4690104166666667 0.09409722222222222 0.034375 0.04375
0 0.43399754213483144 0.023958333333333335 0.0296875 0.035416666666666666
0 0.4082820738137083 0.15306824838898653 0.027185852372583464 0.037602519039250146
0 0.4290649689616253 0.16656085402558315 0.0421875 0.035416666666666666
0 0.3911928689427313 0.20520833333333333 0.03906250000000004 0.04791666666666667
0 0.4289792239010989 0.2486664377289377 0.03125 0.0458333333333333
0 0.4054313151041667 0.3048025173611111 0.029306640625000036 0.03175781250000001
0 0.8862868788819875 0.19294125258799172 0.025970496894409934 0.038470496894409935
0 0.6431332236842106 0.6492872807017543 0.034621710526315755 0.03958333333333333
0 0.5359375 0.5625 0.034375 0.05416666666666667
0 0.147578125 0.3309375 0.0375 0.04583333333333333
0 0.58203125 0.6895833333333333 0.0296875 0.03333333333333333
0 0.56953125 0.653125 0.0296875 0.035416666666666666
0 0.12929482984293195 0.10607547993019197 0.05625 0.05
0 0.36640625 0.26458333333333334 0.0328125 0.0375
0 0.46640625 0.23020833333333332 0.0328125 0.03958333333333333
0 0.925 0.5833333333333334 0.028125 0.0375
0 0.3145833333333333 0.4961805555555555 0.03125 0.035416666666666666
0 0.9518229166666666 0.38645833333333335 0.0203125 0.03958333333333333
0 0.7824519230769231 0.8763621794871794 0.034375 0.04791666666666667
0 0.5265625 0.853125 0.03125 0.03958333333333333
1 0.54296875 0.6885416666666667 0.1265625 0.15208333333333332
1 0.13828125 0.10729166666666666 0.0671875 0.06875
1 0.36796875 0.27708333333333335 0.0859375 0.0875
1 0.628125 0.84375 0.059375 0.06666666666666667
