0 0.05423460144927537 0.6150211352657006 0.043750000000000004 0.05625
0 0.1955095108695652 0.9468115942028985 0.0359375 0.04791666666666667
0 0.18398584905660378 0.8872405660377358 0.028125 0.04583333333333333
0 0.28641826923076924 0.9095886752136751 0.034375 0.04375
0 0.6384863156209988 0.853125 0.03125 0.03958333333333333
0 0.6263868343195267 0.8458333333333333 0.034375 0.041666666666666664
0 0.68953125 0.8475 0.0328125 0.03958333333333333
0 0.860673225308642 0.7510262345679012 0.03125 0.03333333333333333
0 0.9021770009881424 0.6383193346508563 0.0421875 0.04791666666666667
0 0.7819602272727273 0.42367424242424245 0.03750000000000009 0.04583333333333333
0 0.800390625 0.3177083333333333 0.034375 0.03958333333333333
0 0.8658329586330936 0.21590227817745805 0.0296875 0.0375
0 0.8186643145161291 0.24629704301075267 0.0296875 0.035416666666666666
0 0.7396830673758865 0.35687795508274234 0.028125 0.03958333333333333
0 0.9552895642201834 0.10440558103975535 0.028125 0.04375
0 0.8548052226027398 0.06458333333333334 0.0328125 0.04583333333333333
0 0.8359652915019764 0.029668972332015812 0.0296875 0.05
0 0.6618824404761905 0.11365079365079366 0.0390625 0.047916666666666684
0 0.6413590604026845 0.16998741610738255 0.034375 0.04375
0 0.6092851698606272 0.290625 0.0328125 0.04791666666666667
0 0.5854166666666667 0.45729166666666665 0.028125 0.03125
0 0.5539862804878048 0.4864583333333333 0.0375 0.03958333333333333
0 0.4944779829545454 0.6542376893939394 0.034375 0.04791666666666667
0 0.39640905269058296 0.5743787369207773 0.0328125 0.03958333333333333
0 0.37895569620253167 0.5531909282700422 0.028125 0.0375
0 0.3850796568627451 0.4582312091503268 0.03125 0.03958333333333333
0 0.36281373031496067 0.4059383202099738 0.0359375 0.041666666666666664
0 0.3308983809696092 0.428125 0.0359375 0.027083333333333334
0 0.3328491958815521 0.4427083333333333 0.0359375 0.03125
0 0.23106617647058822 0.510968137254902 0.0375 0.04791666666666667
0 0.1625 0.4410270467836257 0.0375 0.04141081871345029
0 0.12917279411764707 0.38012254901960785 0.03125 0.041666666666666664
0 0.12081198770491804 0.31354166666666666 0.0328125 0.04375
0 0.0328125 0.3145833333333333 0.040625 0.041666666666666664
0 0.024230981960517362 0.31043297594735647 0.028125 0.03958333333333333
0 0.3598791273584906 0.8042334905660378 0.0390625 0.04791666666666667
0 0.313816352739726 0.32779680365296804 0.05 0.052083333333333336
0 0.4004544914448669 0.3453976552598226 0.028124999999999956 0.035416666666666666
0 0.48374575791855207 0.3097944947209653 0.034375 0.032088989441930595
0 0.5916051136363636 0.21523674242424243 0.040625 0.052083333333333336
0 0.41359375 0.060625000000000005 0.034375 0.04375
0 0.4238141741071429 0.02866443452380952 0.0296875 0.035416666666666666
0 0.4075436827956989 0.16113351254480288 0.03125 0.041666666666666664
0 0.4138137874531835 0.20090901997503122 0.042187499999999954 0.035416666666666666
0 0.3742650462962963 0.209375 0.0390625 0.04791666666666667
0 0.4251291322314049 0.24357782369146005 0.03125 0.04583333333333333
0 0.395847800925926 0.2970389660493827 0.026562500000000044 0.035416666666666666
0 0.8633472711267606 0.1750880281690141 0.03125 0.04375
0 0.6339959777227723 0.653125 0.034375 0.03958333333333333
0 0.5359375 0.5625 0.034375 0.05416666666666667
0 0.58203125 0.6895833333333333 0.0296875 0.03333333333333333
0 0.56953125 0.653125 0.0296875 0.035416666666666666
0 0.1180831589958159 0.10134021966527197 0.05625 0.05
0 0.36640625 0.26458333333333334 0.0328125 0.0375
0 0.4329427083333333 0.8428819444444444 0.0296875 0.03958333333333333
0 0.12901785714285713 0.7514880952380952 0.03125 0.0375
0 0.2846354166666667 0.04131944444444444 0.027604166666666652 0.03819444444444445
0 0.9175000000000001 0.5566666666666666 0.028125 0.041666666666666664
0 0.475 0.9768749999999999 0.0375 0.03958333333333333
0 0.20898750000000002 0.9903666666666666 0.03125000000000002 0.019266666666666647
1 0.54296875 0.6885416666666667 0.1265625 0.15208333333333332
1 0.13828125 0.10729166666666666 0.0671875 0.06875
1 0.36796875 0.27708333333333335 0.0859375 0.0875
1 0.628125 0.84375 0.059375 0.06666666666666667
