0 0.05 0.6077565426997246 0.04375 0.05625
0 0.1931544384057971 0.9444565217391304 0.0359375 0.04791666666666667
0 0.1811625 0.8851833333333333 0.028125 0.04583333333333333
0 0.27632624570446734 0.9063538087056128 0.03578178694158072 0.04375
0 0.6358854833546734 0.853125 0.03125 0.03958333333333333
0 0.6105950342465754 0.8427368721461188 0.034375 0.041666666666666664
0 0.6548437500000001 0.8360416666666667 0.0328125 0.03958333333333333
0 0.8609375 0.7535030009233611 0.03125 0.03333333333333333
0 0.8983103197674419 0.6381056201550387 0.0421875 0.04791666666666667
0 0.7744791666666667 0.42337962962962966 0.0375 0.04583333333333333
0 0.6974137931034483 0.3223060344827586 0.034375 0.03958333333333333
0 0.861226624015748 0.21875 0.0296875 0.0375
0 0.79296875 0.2313629518072289 0.0296875 0.035416666666666666
0 0.72861328125 0.3571986607142857 0.028125 0.03958333333333333
0 0.9536764705882353 0.10386029411764705 0.028125 0.04375
0 0.8520945581896552 0.0625 0.0328125 0.04583333333333333
0 0.829759987113402 0.03125 0.0296875 0.05
0 0.653604525862069 0.11186063218390804 0.0390625 0.04791666666666667
0 0.6392922794117647 0.16801470588235293 0.034375 0.04375
0 0.6160907451923077 0.28978365384615384 0.0328125 0.04791666666666667
0 0.5825204439252336 0.45481892523364487 0.028125 0.03125
0 0.5511728896103896 0.4859388528138528 0.0375 0.03958333333333333
0 0.4837571022727273 0.6700662878787879 0.034375 0.04791666666666667
0 0.3909188646788991 0.573079128440367 0.0328125 0.03958333333333333
0 0.3752681213017751 0.55 0.028125 0.0375
0 0.38891782407407405 0.459278549382716 0.031249999999999955 0.03958333333333333
0 0.35673076923076924 0.39503205128205127 0.0359375 0.041666666666666664
0 0.3329358552631579 0.428125 0.0359375 0.027083333333333334
0 0.33201954986385296 0.4427083333333333 0.0359375 0.03125
0 0.22919921875 0.5063151041666667 0.0375 0.04791666666666667
0 0.1623257434944238 0.4366132280049566 0.0375 0.03958333333333333
0 0.11204637096774192 0.3741455453149002 0.03124999999999999 0.041666666666666664
0 0.11953125 0.3146054964539007 0.0328125 0.04375
0 0.0328125 0.3145833333333333 0.040625 0.041666666666666664
0 0.023954433287950987 0.31006424438393465 0.028125 0.03958333333333333
0 0.3668933451417004 0.7995318825910931 0.0390625 0.04791666666666667
0 0.3103910098522168 0.32463567323481113 0.05 0.052083333333333336
0 0.4008406606463878 0.3459125475285171 0.028125 0.035416666666666666
0 0.47502029220779224 0.3104166666666667 0.034375 0.03564213564213562
0 0.5876868206521739 0.21354166666666666 0.040625 0.052083333333333336
0 0.38873355263157894 0.021875 0.034375 0.04375
0 0.42197311046511626 0.03203003875968992 0.0296875 0.035416666666666666
0 0.4091722328244275 0.1622296437659033 0.03125000000000004 0.041666666666666664
0 0.4039974908759124 0.20101125304136253 0.0421875 0.035416666666666666
0 0.3622310450819672 0.2075193533697632 0.0390625 0.04791666666666667
0 0.4227018704379562 0.24583333333333332 0.03125 0.04583333333333333
0 0.3926090801886793 0.2999174528301887 0.026562500000000044 0.035416666666666666
0 0.8621062500000001 0.17810833333333334 0.03125 0.04375
0 0.6313297672672673 0.6541134884884884 0.034375 0.03958333333333333
0 0.5359375 0.5625 0.034375 0.05416666666666667
0 0.58203125 0.6895833333333333 0.0296875 0.03333333333333333
0 0.56953125 0.653125 0.0296875 0.035416666666666666
0 0.1163833682008368 0.10077362273361228 0.05624999999999999 0.05
0 0.36640625 0.26458333333333334 0.0328125 0.0375
0 0.4246875 0.6264583333333333 0.028125 0.03958333333333333
0 0.48984375 0.265625 0.03125 0.0375
0 0.7558035714285715 0.6831845238095239 0.03125 0.04375
0 0.20602463942307692 0.9895833333333334 0.03125 0.020833333333333332
0 0.9784598214285714 0.4441964285714286 0.0265625 0.04375
0 0.33828125 0.7948863636363637 0.033096590909090916 0.05265151515151511
0 0.4114583333333333 0.15069444444444444 0.034374999999999954 0.04166666666666665
1 0.54296875 0.6885416666666667 0.1265625 0.15208333333333332
1 0.13828125 0.10729166666666666 0.0671875 0.06875
1 0.36796875 0.27708333333333335 0.0859375 0.0875
1 0.628125 0.84375 0.059375 0.06666666666666667
