0 0.05 0.606017561983471 0.04375 0.05625
0 0.19223958333333332 0.9435416666666666 0.0359375 0.04791666666666667
0 0.18084687500000002 0.8843416666666666 0.028125 0.04583333333333333
0 0.2725300687285223 0.9056307273768613 0.0368664089347079 0.04375
0 0.6348751600512164 0.853125 0.03125 0.03958333333333333
0 0.6019477739726027 0.8434574771689498 0.034375 0.041666666666666664
0 0.6853717672413793 0.8263290229885057 0.0328125 0.03958333333333333
0 0.8609375 0.7546687442289935 0.03125 0.03333333333333333
0 0.89765625 0.6377810846560847 0.0421875 0.04791666666666667
0 0.765625 0.4434748427672956 0.0375 0.04583333333333333
0 0.6733217592592593 0.32781635802469133 0.03460648148148149 0.03958333333333333
0 0.8587413877952755 0.21875 0.0296875 0.0375
0 0.79296875 0.22882781124497992 0.0296875 0.035416666666666666
0 0.7255135489510489 0.3566069347319347 0.028125 0.03958333333333333
0 0.9531034185082874 0.103125 0.028125 0.04375
0 0.8514143318965518 0.0625 0.0328125 0.04583333333333333
0 0.8240657216494846 0.03125 0.0296875 0.05
0 0.6530603448275862 0.11258620689655172 0.0390625 0.04791666666666665
0 0.6378560126582278 0.16690400843881859 0.034375 0.04375
0 0.61533203125 0.2877604166666667 0.0328125 0.04791666666666667
0 0.5810455607476636 0.45285241433021806 0.028125 0.03125
0 0.5503530844155844 0.48484577922077926 0.0375 0.03958333333333333
0 0.48160511363636366 0.6710227272727273 0.034375 0.04791666666666667
0 0.38797150330396474 0.5737105359765052 0.0328125 0.03958333333333333
0 0.3705991124260355 0.55 0.028125 0.0375
0 0.3816116898148148 0.4544077932098765 0.03125 0.03958333333333333
0 0.3537109375 0.39108072916666664 0.0359375 0.041666666666666664
0 0.33313228626943003 0.428125 0.0359375 0.027083333333333334
0 0.3316972642954391 0.4427083333333333 0.0359375 0.03125
0 0.22779017857142855 0.5034970238095238 0.0375 0.04791666666666667
0 0.1605657527881041 0.4381776641883519 0.0375 0.03958333333333333
0 0.10695564516129033 0.3712365591397849 0.03125 0.041666666666666664
0 0.11953125 0.31639627659574465 0.0328125 0.04375
0 0.0328125 0.3145833333333333 0.040625 0.041666666666666664
0 0.023847004765146358 0.3099210063535285 0.028125 0.03958333333333333
0 0.36875 0.7979166666666667 0.0390625 0.04791666666666667
0 0.3091775722021661 0.32395833333333335 0.05 0.052083333333333336
0 0.40099067252851717 0.34611256337135615 0.028125000000000046 0.035416666666666666
0 0.4688717532467533 0.3104166666666667 0.034375 0.03746392496392493
0 0.5859714673913043 0.21354166666666666 0.040625 0.052083333333333336
0 0.4212390988372093 0.03398740310077519 0.0296875 0.035416666666666666
0 0.409375 0.1625 0.03125 0.041666666666666664
0 0.39821920955882356 0.19800857843137257 0.0421875 0.035416666666666666
0 0.3601465450310559 0.20624353002070395 0.0390625 0.04791666666666667
0 0.4221259124087592 0.24583333333333332 0.03125 0.04583333333333333
0 0.3920135613207547 0.30150550314465413 0.0265625 0.035416666666666666
0 0.8620092975206612 0.17889979338842973 0.03125 0.04375
0 0.6303819444444445 0.6547453703703704 0.034375 0.03958333333333333
0 0.5359375 0.5625 0.034375 0.05416666666666667
0 0.58203125 0.6895833333333333 0.0296875 0.03333333333333333
0 0.56953125 0.653125 0.0296875 0.035416666666666666
0 0.11572306485355648 0.10055352161785217 0.05624999999999999 0.05
0 0.36640625 0.26458333333333334 0.0328125 0.0375
0 0.5048295454545454 0.9408143939393939 0.028125 0.03958333333333333
0 0.431640625 0.47213541666666664 0.0296875 0.0375
0 0.9403124999999999 0.7885416666666667 0.03125 0.04375
0 0.58828125 0.13333333333333333 0.0328125 0.041666666666666664
0 0.33675986842105265 0.8980263157894737 0.040625 0.0375
0 0.4798828125 0.9802083333333333 0.03125 0.03958333333333333
0 0.20441964285714284 0.989297619047619 0.03135714285714284 0.021404761904761926
0 0.9713481104651163 0.43645833333333334 0.0265625 0.04375
0 0.6754687500000001 0.08625 0.0296875 0.041666666666666664
0 0.1140625 0.5869791666666667 0.0359375 0.04375
0 0.15833333333333333 0.153125 0.03125 0.035416666666666666
1 0.54296875 0.6885416666666667 0.1265625 0.15208333333333332
1 0.13828125 0.10729166666666666 0.0671875 0.06875
1 0.36796875 0.27708333333333335 0.0859375 0.0875
1 0.628125 0.84375 0.059375 0.06666666666666667
