0 0.05 0.6054321625344353 0.04375 0.05625
0 0.1919316123188406 0.9432336956521739 0.035937500000000025 0.04791666666666667
0 0.18074062500000002 0.8840583333333334 0.028125 0.04583333333333333
0 0.27125214776632306 0.9053873138602521 0.03723152920962201 0.04375
0 0.6345350512163892 0.853125 0.03125 0.03958333333333333
0 0.5990368150684932 0.8437000570776256 0.034375 0.041666666666666664
0 0.6840959821428572 0.8413690476190475 0.0328125 0.03958333333333333
0 0.8609375 0.7550611726685134 0.03125 0.03333333333333333
0 0.89765625 0.6375 0.0421875 0.04791666666666667
0 0.765625 0.44213836477987417 0.0375 0.04583333333333333
0 0.672191722972973 0.3260416666666667 0.0359375 0.03958333333333333
0 0.85859375 0.21819178628389155 0.0296875 0.0375
0 0.79296875 0.22804221854304635 0.0296875 0.035416666666666666
0 0.7247705419580419 0.3575976107226107 0.028125 0.03958333333333333
0 0.9529566643646408 0.103125 0.028125 0.04375
0 0.8511853448275861 0.0625 0.0328125 0.04583333333333333
0 0.8224837039877301 0.031019938650306753 0.0296875 0.05
0 0.6528771551724138 0.11283045977011492 0.0390625 0.04791666666666665
0 0.6371835443037975 0.16645569620253164 0.034375 0.04375
0 0.6150766225961538 0.28707932692307697 0.0328125 0.0479166666666667
0 0.5805490654205607 0.45219042056074765 0.028125 0.03125
0 0.5500771103896104 0.48447781385281385 0.0375 0.03958333333333333
0 0.4808806818181818 0.671344696969697 0.034375 0.04791666666666667
0 0.3868013491189427 0.5727744126284875 0.0328125 0.03958333333333333
0 0.36902736686390536 0.55 0.028125 0.0375
0 0.3791521990740741 0.4527681327160494 0.03125 0.03958333333333333
0 0.35238281250000003 0.3906380208333333 0.0359375 0.041666666666666664
0 0.33285702720207255 0.428125 0.0359375 0.027083333333333334
0 0.3315887721238938 0.4427083333333333 0.0359375 0.03125
0 0.22731584821428572 0.5025483630952381 0.0375 0.04791666666666667
0 0.15997328066914498 0.43870430607187116 0.0375 0.03958333333333333
0 0.10555334394904459 0.37056794055201697 0.03224522292993631 0.04325902335456474
0 0.11953125 0.31699911347517734 0.0328125 0.04375
0 0.0328125 0.3145833333333333 0.040625 0.041666666666666664
0 0.023810840707964603 0.3098727876106195 0.028125 0.03958333333333333
0 0.3691464552238806 0.7973880597014926 0.0390625 0.04791666666666667
0 0.30898578519855596 0.32395833333333335 0.05 0.052083333333333336
0 0.40104117157794683 0.34617989543726235 0.028125000000000046 0.035416666666666666
0 0.46875 0.31059073107049606 0.034375 0.03819625761531764
0 0.5857414215686274 0.21328022875816993 0.040625 0.052083333333333336
0 0.42109375 0.03447254738015607 0.0296875 0.035416666666666666
0 0.409375 0.1625 0.03125 0.041666666666666664
0 0.39626608455882356 0.19696691176470588 0.0421875 0.035416666666666666
0 0.3594866071428572 0.20580357142857145 0.0390625 0.04791666666666667
0 0.4219320255474453 0.24583333333333332 0.03125 0.04583333333333333
0 0.39181308962264155 0.3020400943396226 0.026562500000000044 0.035416666666666666
0 0.8615702479338843 0.17772899449035812 0.03125 0.04375
0 0.6300628753753754 0.654958083083083 0.034375 0.03958333333333333
0 0.5359375 0.5625 0.034375 0.05416666666666667
0 0.58203125 0.6895833333333333 0.0296875 0.03333333333333333
0 0.56953125 0.653125 0.0296875 0.035416666666666666
0 0.11550078451882846 0.10047942817294282 0.05625000000000001 0.05
0 0.36640625 0.26458333333333334 0.0328125 0.0375
0 0.36588541666666663 0.5090277777777777 0.0296875 0.0375
0 0.9840625 0.8072916666666666 0.029375000000000106 0.042916666666666714
0 0.50703125 0.14333333333333334 0.0328125 0.041666666666666664
0 0.28816964285714286 0.8696428571428572 0.040625 0.0375
0 0.459375 0.971875 0.03125 0.03958333333333333
0 0.2036607142857143 0.9884880952380952 0.031660714285714285 0.023023809523809526
0 0.9701126453488372 0.43645833333333334 0.0265625 0.04375
0 0.6672395833333333 0.14847222222222223 0.0296875 0.041666666666666664
0 0.03046875 0.540625 0.0328125 0.04513888888888887
0 0.07630208333333334 0.19895833333333332 0.03125 0.035416666666666666
1 0.54296875 0.6885416666666667 0.1265625 0.15208333333333332
1 0.13828125 0.10729166666666666 0.0671875 0.06875
1 0.36796875 0.27708333333333335 0.0859375 0.0875
1 0.628125 0.84375 0.059375 0.06666666666666667
