0 0.06495535714285713 0.609375 0.04375 0.05625
0 0.19751132246376812 0.9488134057971015 0.0359375 0.04791666666666667
0 0.184375 0.8889835858585858 0.028125 0.04583333333333333
0 0.29478369980879543 0.9119204110898662 0.034375 0.04375
0 0.6406970230473752 0.853125 0.03125 0.03958333333333333
0 0.6314950073964497 0.8458333333333333 0.034375 0.041666666666666664
0 0.70234375 0.9020833333333333 0.0328125 0.03958333333333333
0 0.8602469135802469 0.7493209876543211 0.03125 0.03333333333333333
0 0.9091163252508361 0.6402208751393534 0.0421875 0.04791666666666667
0 0.7951704545454545 0.4804924242424242 0.03749999999999991 0.04583333333333333
0 0.82568359375 0.30266927083333334 0.034375 0.03958333333333333
0 0.86796875 0.21962868480725625 0.0296875 0.0375
0 0.8207236842105263 0.2521381578947368 0.0296875 0.03541666666666664
0 0.7465786637931034 0.353125 0.028125 0.03958333333333333
0 0.9575892857142858 0.10401785714285715 0.028125 0.04375
0 0.8610199434673367 0.06566164154103853 0.0328125 0.04583333333333333
0 0.8400744546979866 0.03140380313199106 0.0296875 0.05
0 0.6664284131205674 0.11692523640661939 0.03930629432624118 0.047916666666666684
0 0.647152894295302 0.1715324384787472 0.034375 0.04375
0 0.6079626225490197 0.29186683006535946 0.0328125 0.04791666666666667
0 0.5871475563909774 0.45729166666666665 0.028125 0.03125
0 0.55625 0.4864583333333333 0.0375 0.03958333333333333
0 0.49461528884462147 0.6563620517928287 0.034375 0.04791666666666667
0 0.40067454268292685 0.5793953252032521 0.0328125 0.03555894308943088
0 0.3820581896551724 0.5540948275862069 0.028125 0.0375
0 0.3830100574712644 0.45547174329501916 0.03125 0.03958333333333333
0 0.3607398343373494 0.40455572289156627 0.0359375 0.041666666666666664
0 0.3318978382778582 0.428125 0.0359375 0.027083333333333334
0 0.33355439499659634 0.4427083333333333 0.0359375 0.03125
0 0.23001167012448134 0.5081561203319502 0.0375 0.04791666666666667
0 0.16846153846153847 0.4357051282051282 0.0375 0.041666666666666664
0 0.15234375 0.3868055555555555 0.03125 0.041666666666666664
0 0.12246287128712871 0.3171926567656766 0.0328125 0.04375
0 0.0328125 0.3145833333333333 0.040625 0.041666666666666664
0 0.024466048332198776 0.31074639777626506 0.028125 0.03958333333333333
0 0.3586860236220472 0.8093257874015748 0.0390625 0.04791666666666667
0 0.31963682432432433 0.328125 0.05 0.052083333333333336
0 0.4001262476235741 0.3449599968314322 0.028124999999999956 0.035416666666666666
0 0.48194293478260863 0.31145833333333334 0.034375 0.031865942028985475
0 0.5939981223175966 0.215625 0.040625 0.052083333333333336
0 0.4175941780821918 0.039626141552511415 0.034375 0.04375
0 0.42781603107344635 0.02620645009416196 0.0296875 0.035416666666666666
0 0.40661797012302286 0.16249816930287053 0.03051405975395429 0.04093072642062099
0 0.42333559782608693 0.18285024154589372 0.0421875 0.035416666666666666
0 0.37972656250000003 0.209375 0.0390625 0.04791666666666667
0 0.4279485887096774 0.24351478494623657 0.03125 0.04583333333333333
0 0.39750414823008845 0.296875 0.026562499999999954 0.035416666666666666
0 0.8692500000000001 0.1839027777777778 0.03125 0.04375
0 0.6365601794554456 0.653125 0.034375 0.03958333333333333
0 0.5359375 0.5625 0.034375 0.05416666666666667
0 0.58203125 0.6895833333333333 0.0296875 0.03333333333333333
0 0.56953125 0.653125 0.0296875 0.035416666666666666
0 0.11952798117154813 0.1018218270571827 0.05625000000000001 0.05
0 0.36640625 0.26458333333333334 0.0328125 0.0375
0 0.34453125 0.008333333333333333 0.0234375 0.016666666666666666
0 0.83046875 0.375 0.034375 0.04375
0 0.1420955882352941 0.7634803921568628 0.03125 0.041666666666666664
0 0.0390625 0.0375 0.028125 0.03333333333333333
0 0.3880208333333333 0.5822916666666667 0.031249999999999955 0.03958333333333333
0 0.984375 0.5385416666666667 0.02624999999999993 0.035416666666666666
0 0.984375 0.5604166666666667 0.021875 0.029166666666666667
0 0.21082916666666668 0.9915944444444444 0.03125 0.01681111111111117
0 0.728125 0.02905092592592592 0.0375 0.03958333333333333
0 0.421875 0.15 0.03125 0.0375
1 0.54296875 0.6885416666666667 0.1265625 0.15208333333333332
1 0.13828125 0.10729166666666666 0.0671875 0.06875
1 0.36796875 0.27708333333333335 0.0859375 0.0875
1 0.628125 0.84375 0.059375 0.06666666666666667
