0 0.048667279411764706 0.6052083333333333 0.04375 0.05625
0 0.19140625 0.9427083333333334 0.0359375 0.04791666666666667
0 0.180246875 0.8827416666666666 0.028125 0.04583333333333333
0 0.26457534509202457 0.9001086400817997 0.0375 0.04375
0 0.6310218473451328 0.8552083333333333 0.03125 0.03958333333333333
0 0.5928531804733728 0.84375 0.034375 0.04911242603550292
0 0.6325994318181818 0.8550189393939395 0.0328125 0.03958333333333333
0 0.8605909778225806 0.7553259408602151 0.03125 0.03333333333333333
0 0.89465625 0.6404583333333334 0.0421875 0.04791666666666667
0 0.7803571428571429 0.47202380952380957 0.0375 0.04583333333333333
0 0.65946875 0.3187916666666667 0.0359375 0.03958333333333333
0 0.85859375 0.21504186602870815 0.0296875 0.0375
0 0.7923405283505154 0.22673969072164948 0.0296875 0.03569587628865977
0 0.7207148203592815 0.3617951596806387 0.028125 0.03958333333333333
0 0.9522746892265193 0.103125 0.028125 0.04375
0 0.8501562500000001 0.060833333333333336 0.0328125 0.045833333333333344
0 0.8194203032544379 0.027083333333333334 0.0296875 0.05
0 0.6483644334532375 0.11354166666666667 0.0390625 0.04791666666666667
0 0.6340585443037975 0.16437236286919832 0.034375 0.04375
0 0.6170733848314607 0.2864583333333333 0.0328125 0.04791666666666667
0 0.5770387414383562 0.44962899543379 0.028125 0.03125
0 0.5487946428571429 0.48276785714285714 0.0375 0.03958333333333333
0 0.48043926886792454 0.669870283018868 0.034375 0.04791666666666667
0 0.38136357378854624 0.5684241923641704 0.0328125 0.03958333333333333
0 0.36713942307692304 0.5395192307692308 0.028125 0.0375
0 0.3655103211009174 0.44593845565749235 0.03125 0.03958333333333333
0 0.3437774811557789 0.38635887772194305 0.0359375 0.041666666666666664
0 0.33203125 0.428125 0.0359375 0.027083333333333334
0 0.3310846026208305 0.4427083333333333 0.0359375 0.03125
0 0.22531728927203062 0.49855124521072797 0.0375 0.04791666666666667
0 0.15687637665198237 0.4400009177679883 0.0375 0.03958333333333333
0 0.09993990384615385 0.3680021367521367 0.039062500000000014 0.05416666666666667
0 0.12042195048309179 0.316520732689211 0.0328125 0.04375
0 0.0328125 0.3145833333333333 0.040625 0.041666666666666664
0 0.0236427842069435 0.30964871227592466 0.028125 0.03958333333333333
0 0.3668434633027523 0.7956804281345565 0.0390625 0.04791666666666667
0 0.30809453971119133 0.32395833333333335 0.05 0.052083333333333336
0 0.40127584363117874 0.34649279150823825 0.028125000000000046 0.035416666666666666
0 0.46875 0.31145017406440384 0.034375 0.04163402959094871
0 0.5847732843137254 0.21198937908496732 0.040625 0.052083333333333336
0 0.42109375 0.035573439241917505 0.0296875 0.035416666666666666
0 0.409375 0.1625 0.03125 0.041666666666666664
0 0.39152644230769235 0.190625 0.042187500000000044 0.035416666666666666
0 0.35711695675105487 0.20225474683544306 0.0390625 0.04791666666666667
0 0.42780448717948716 0.2537393162393162 0.03125 0.04583333333333333
0 0.39044053819444446 0.3044126157407407 0.0265625 0.035416666666666666
0 0.8594168526785714 0.17806919642857144 0.03125 0.04375
0 0.6296875 0.6525068681318681 0.034375 0.03958333333333333
0 0.5359375 0.5625 0.034375 0.05416666666666667
0 0.58203125 0.6895833333333333 0.0296875 0.03333333333333333
0 0.56953125 0.653125 0.0296875 0.035416666666666666
0 0.11446783472803349 0.10013511157601115 0.05625000000000001 0.05
0 0.36640625 0.26458333333333334 0.0328125 0.0375
0 0.36328125 0.9229166666666667 0.0296875 0.0375
0 0.190625 0.21875 0.0296875 0.041666666666666664
0 0.04828125 0.73 0.0265625 0.04583333333333333
0 0.04583333333333334 0.702662037037037 0.03958333333333333 0.03773148148148143
0 0.4067708333333333 0.9005787037037037 0.031249999999999955 0.03958333333333333
0 0.2765625 0.8364583333333333 0.03125 0.04375
0 0.19990985576923076 0.9854166666666667 0.03281249999999998 0.029166666666666667
0 0.9878004807692307 0.6001602564102565 0.024399038461538503 0.05384615384615389
0 0.9875 0.5020833333333333 0.025 0.04583333333333333
0 0.95982666015625 0.43427734375 0.0265625 0.04375
0 0.6135416666666667 0.4545138888888889 0.0296875 0.04375
1 0.54296875 0.6885416666666667 0.1265625 0.15208333333333332
1 0.13828125 0.10729166666666666 0.0671875 0.06875
1 0.36796875 0.27708333333333335 0.0859375 0.0875
1 0.628125 0.84375 0.059375 0.06666666666666667
