0 0.0484375 0.6039930555555556 0.04375 0.05625
0 0.19140625 0.9427083333333334 0.0359375 0.04791666666666667
0 0.18001562499999998 0.882125 0.028125 0.04583333333333333
0 0.26138324386503065 0.8972712167689161 0.0375 0.04375
0 0.630510232300885 0.8552083333333333 0.03125 0.03958333333333333
0 0.5876875 0.8424166666666667 0.034375 0.05
0 0.6359019886363637 0.8254734848484849 0.0328125 0.03958333333333333
0 0.860124747983871 0.7540826612903225 0.03125 0.03333333333333333
0 0.8909687500000001 0.6347083333333334 0.0421875 0.04791666666666667
0 0.7895089285714286 0.36041666666666666 0.03750000000000009 0.04583333333333333
0 0.6358258928571429 0.31242559523809527 0.0359375 0.041071428571428585
0 0.8580364947552448 0.21458333333333332 0.0296875 0.0375
0 0.7887644974226804 0.23071305841924397 0.0296875 0.03728522336769758
0 0.7186991869918699 0.3634061653116531 0.028125 0.03958333333333333
0 0.9519552831491712 0.103125 0.028125 0.04375
0 0.8496843112244898 0.05957482993197279 0.0328125 0.04583333333333333
0 0.8173677884615385 0.027083333333333334 0.0296875 0.05
0 0.6433734262589927 0.11354166666666667 0.0390625 0.04791666666666667
0 0.6324158653846154 0.1633653846153846 0.034375 0.04375
0 0.6172277706185567 0.28695231958762885 0.0328125 0.04791666666666667
0 0.5750588613013699 0.44857305936073055 0.028125 0.03125
0 0.5481229026845638 0.48187220357941835 0.0375 0.03958333333333333
0 0.48098466981132076 0.6684158805031447 0.034375 0.04791666666666667
0 0.37912144461077846 0.5659119261477046 0.0328125 0.03958333333333333
0 0.3659535256410257 0.5379380341880342 0.028125 0.0375
0 0.359984756097561 0.4425558943089431 0.03125 0.03958333333333333
0 0.33854820979899497 0.3832600502512563 0.0359375 0.041666666666666664
0 0.33203125 0.428125 0.0359375 0.027083333333333334
0 0.33084847260040845 0.4427083333333333 0.0359375 0.03125
0 0.22443127394636014 0.496779214559387 0.0375 0.04791666666666667
0 0.15483893171806168 0.4386426211453745 0.0375 0.03958333333333333
0 0.09697516025641026 0.36536680911680913 0.039062500000000014 0.05416666666666667
0 0.12098052536231885 0.3157759661835749 0.0328125 0.04375
0 0.0328125 0.3145833333333333 0.040625 0.041666666666666664
0 0.023564074200136148 0.3095437656001815 0.028125 0.03958333333333333
0 0.36525229357798167 0.794973241590214 0.0390625 0.04791666666666667
0 0.3085992132867133 0.3232590326340326 0.05 0.052083333333333336
0 0.4013857533269962 0.3466393377693283 0.028125 0.035416666666666666
0 0.46875 0.3118526979982594 0.034375 0.0432441253263707
0 0.58426513671875 0.21145833333333333 0.040625 0.052083333333333336
0 0.42109375 0.03608904682274248 0.0296875 0.035416666666666666
0 0.40910373263888894 0.1625 0.03125000000000004 0.041666666666666664
0 0.3890964673913044 0.19087409420289853 0.042187500000000044 0.035416666666666666
0 0.3561412183544304 0.20030327004219411 0.0390625 0.04791666666666667
0 0.4259463028169014 0.2522300469483568 0.03125 0.04583333333333333
0 0.3894134963768116 0.30520833333333336 0.026562500000000044 0.035416666666666666
0 0.8599588815789474 0.17656798245614036 0.03125 0.04375
0 0.6295663759689922 0.6508801679586563 0.034375 0.03958333333333333
0 0.5359375 0.5625 0.034375 0.05416666666666667
0 0.58203125 0.6895833333333333 0.0296875 0.03333333333333333
0 0.56953125 0.653125 0.0296875 0.035416666666666666
0 0.1140625 0.1 0.05625 0.05
0 0.36640625 0.26458333333333334 0.0328125 0.0375
0 0.19109375 0.9125 0.029687500000000023 0.03250000000000005
0 0.011328125 0.2140625 0.02265625 0.034375
0 0.09765625 0.4625 0.0296875 0.04583333333333333
0 0.3709292763157895 0.8646381578947369 0.0296875 0.03958333333333333
0 0.1976862980769231 0.9854166666666667 0.0328125 0.029166666666666667
0 0.84140625 0.9497916666666666 0.0328125 0.04791666666666667
0 0.89140625 0.6395833333333333 0.0375 0.05
0 0.9042410714285714 0.399702380952381 0.034375 0.041666666666666664
0 0.8580729166666666 0.3890046296296296 0.0265625 0.04375
0 0.9466796875 0.4890625 0.0375 0.041666666666666664
0 0.95169677734375 0.43186848958333335 0.0265625 0.04375
0 0.5663523706896552 0.9739942528735632 0.03442887931034484 0.035057471264367736
0 0.5805606617647059 0.5955269607843138 0.0296875 0.04375
1 0.54296875 0.6885416666666667 0.1265625 0.15208333333333332
1 0.13828125 0.10729166666666666 0.0671875 0.06875
1 0.36796875 0.27708333333333335 0.0859375 0.0875
1 0.628125 0.84375 0.059375 0.06666666666666667
