0 0.05421195652173914 0.6149909420289855 0.043750000000000004 0.05625
0 0.1955185688405797 0.9468206521739131 0.035937499999999976 0.04791666666666667
0 0.18399764150943396 0.887248427672956 0.028125 0.04583333333333333
0 0.28645833333333337 0.9096064814814814 0.034375 0.04375
0 0.6384963188220231 0.853125 0.03125 0.03958333333333333
0 0.6264099482248521 0.8458333333333333 0.034375 0.041666666666666664
0 0.68921875 0.8476041666666667 0.0328125 0.03958333333333333
0 0.8606712962962962 0.7510185185185185 0.03125 0.03333333333333333
0 0.9021831768774703 0.6383275691699605 0.0421875 0.04791666666666667
0 0.7818181818181819 0.42935606060606063 0.0375 0.04583333333333333
0 0.80078125 0.3177083333333333 0.034375 0.03958333333333333
0 0.8658441996402878 0.21591726618705034 0.0296875 0.0375
0 0.8186844758064517 0.24631048387096774 0.0296875 0.035416666666666666
0 0.7397273936170212 0.35684840425531916 0.028125 0.03958333333333333
0 0.9552967316513762 0.1043960244648318 0.028125 0.04375
0 0.8548373287671233 0.06458333333333334 0.0328125 0.04583333333333333
0 0.8359776432806324 0.029660737812911727 0.0296875 0.05
0 0.6618973214285714 0.1136607142857143 0.0390625 0.047916666666666684
0 0.6413852768456376 0.1699944071588367 0.034375 0.04375
0 0.6092525043554007 0.290625 0.0328125 0.04791666666666667
0 0.5854244987468672 0.45729166666666665 0.028125 0.03125
0 0.5539977134146341 0.4864583333333333 0.0375 0.03958333333333333
0 0.49446910511363634 0.6542495265151516 0.034375 0.04791666666666667
0 0.39642306614349776 0.5743974215246637 0.0328125 0.03958333333333333
0 0.3789754746835443 0.553217299578059 0.028125 0.0375
0 0.38506944444444446 0.4582175925925926 0.03125 0.03958333333333333
0 0.36283833661417325 0.40595472440944885 0.0359375 0.041666666666666664
0 0.3309029034008683 0.428125 0.0359375 0.027083333333333334
0 0.332852386827774 0.4427083333333333 0.0359375 0.03125
0 0.2310723039215686 0.5109844771241829 0.0375 0.04791666666666661
0 0.1625 0.44104532163742693 0.0375 0.041418128654970764
0 0.12931985294117648 0.3801470588235294 0.03125 0.041666666666666664
0 0.12081839139344261 0.31354166666666666 0.0328125 0.04375
0 0.0328125 0.3145833333333333 0.040625 0.041666666666666664
0 0.024232045609258002 0.31043439414567736 0.028125 0.03958333333333333
0 0.3598732311320755 0.8042570754716981 0.0390625 0.04791666666666667
0 0.31382705479452055 0.32781107305936075 0.05 0.052083333333333336
0 0.4004530061787072 0.345395674904943 0.028125 0.035416666666666666
0 0.4837528280542986 0.3097897812971342 0.034375 0.032079562594268474
0 0.5916193181818181 0.21524621212121212 0.040625 0.052083333333333336
0 0.41312499999999996 0.059791666666666674 0.034374999999999954 0.043750000000000004
0 0.4238211495535714 0.028655133928571427 0.0296875 0.035416666666666666
0 0.4075352822580645 0.16115591397849463 0.03125 0.041666666666666664
0 0.41384304775280895 0.2009246254681648 0.042187499999999954 0.035416666666666666
0 0.3743460648148148 0.209375 0.0390625 0.04791666666666667
0 0.4251420454545454 0.24356060606060606 0.03125 0.04583333333333333
0 0.3958622685185185 0.29702932098765433 0.0265625 0.035416666666666666
0 0.8633802816901408 0.17513204225352114 0.03125 0.04375
0 0.6340075804455446 0.653125 0.034375 0.03958333333333333
0 0.5359375 0.5625 0.034375 0.05416666666666667
0 0.58203125 0.6895833333333333 0.0296875 0.03333333333333333
0 0.56953125 0.653125 0.0296875 0.035416666666666666
0 0.11808969665271966 0.10134239888423989 0.05625 0.05
0 0.36640625 0.26458333333333334 0.0328125 0.0375
0 0.4322916666666667 0.8388888888888889 0.0296875 0.03958333333333333
0 0.12678571428571428 0.7508928571428571 0.03125 0.0375
0 0.2833333333333333 0.03784722222222223 0.027083333333333348 0.03680555555555555
0 0.9240625 0.5591666666666666 0.028125 0.041666666666666664
0 0.471875 0.9764583333333333 0.0375 0.03958333333333333
0 0.20899583333333333 0.9903722222222222 0.03124999999999998 0.019255555555555522
1 0.54296875 0.6885416666666667 0.1265625 0.15208333333333332
1 0.13828125 0.10729166666666666 0.0671875 0.06875
1 0.36796875 0.27708333333333335 0.0859375 0.0875
1 0.628125 0.84375 0.059375 0.06666666666666667
