0 0.0827878937007874 0.6239419291338583 0.0375 0.05375656167979012
0 0.21148040254237288 0.953125 0.0345603813559322 0.04791666666666667
0 0.20160343886462884 0.8837336244541485 0.02812500000000002 0.04583333333333333
0 0.30912404397705545 0.9135137826641172 0.034375 0.04375
0 0.184375 0.828125 0.028125 0.03125
0 0.6510494402985074 0.8541666666666666 0.03125 0.03333333333333333
0 0.6364095744680851 0.8467375886524823 0.034375 0.041666666666666664
0 0.7309375 0.8754166666666667 0.034375 0.03583333333333331
0 0.91171875 0.3319444444444445 0.0328125 0.05
0 0.8594753086419754 0.7462345679012345 0.03125 0.03333333333333333
0 0.94609375 0.6559027777777777 0.0421875 0.04791666666666667
0 0.81767578125 0.5036458333333333 0.0375 0.04583333333333333
0 0.99140625 0.4822916666666667 0.0171875 0.03125
0 0.8904947916666666 0.3046875 0.034375 0.03958333333333333
0 0.8703956117021276 0.22686170212765958 0.0296875 0.0375
0 0.8353125 0.2802777777777778 0.0296875 0.035416666666666666
0 0.7591517857142858 0.3489583333333333 0.029575892857142794 0.03958333333333333
0 0.8253125000000001 0.3920833333333333 0.04124999999999997 0.04583333333333333
0 0.9588277649769585 0.1107286866359447 0.028125 0.04375
0 0.8724045721476511 0.07466442953020133 0.0328125 0.04583333333333332
0 0.8452180631868131 0.03241758241758242 0.0296875 0.05
0 0.6793878424657535 0.13083618721461188 0.04375 0.047916666666666684
0 0.6553645833333334 0.17006944444444447 0.034375 0.04375
0 0.6271075581395349 0.29818313953488373 0.0328125 0.04791666666666667
0 0.5899275164113786 0.4605283552151714 0.028125 0.03125
0 0.5577319587628866 0.4874463058419244 0.0375 0.03958333333333333
0 0.49707532051282055 0.6525908119658119 0.034375 0.04791666666666667
0 0.4105168269230769 0.575 0.0328125 0.03333333333333333
0 0.1625 0.7770833333333333 0.04375 0.05
0 0.38935185185185184 0.5375 0.028124999999999956 0.0375
0 0.39061541411042944 0.4596306237218814 0.03125 0.03802402862985688
0 0.38745312500000006 0.4218958333333333 0.035937500000000046 0.041666666666666664
0 0.33359375 0.428125 0.0359375 0.027083333333333334
0 0.3348307734853642 0.4427083333333333 0.0359375 0.03125
0 0.2526077586206897 0.503742816091954 0.0375 0.04791666666666667
0 0.1789622641509434 0.43125 0.0375 0.041666666666666664
0 0.16052427685950413 0.3875 0.03125 0.041666666666666664
0 0.12636598926380369 0.3184879856850716 0.0328125 0.04375
0 0.0328125 0.3145833333333333 0.040625 0.041666666666666664
0 0.02489150782845473 0.31131367710460633 0.028125 0.03958333333333333
0 0.3676315789473684 0.8003070175438597 0.0390625 0.04791666666666667
0 0.3288793103448276 0.3295905172413793 0.05 0.052083333333333336
0 0.39881969424460434 0.34636540767386087 0.028125 0.035416666666666666
0 0.4859375 0.31039663461538464 0.034375 0.033293269230769224
0 0.6030598958333334 0.21892361111111114 0.039800347222222233 0.043287037037037054
0 0.5099330357142857 0.10163690476190476 0.034375 0.04375
0 0.43552044172932336 0.023958333333333335 0.0296875 0.035416666666666666
0 0.4088148066783831 0.15004942882249558 0.02612038664323375 0.036537053309900404
0 0.4297492240406321 0.16610468397291195 0.0421875 0.035416666666666666
0 0.3958666024229075 0.20520833333333333 0.0390625 0.04791666666666667
0 0.42856284340659345 0.2503319597069597 0.03125 0.045833333333333365
0 0.408115234375 0.3075390625 0.030253906250000018 0.030494791666666642
0 0.884051724137931 0.20222701149425287 0.025 0.0375
0 0.6411113410596027 0.6510416666666666 0.03644453642384109 0.03958333333333333
0 0.5359375 0.5625 0.034375 0.05416666666666667
0 0.32846467391304346 0.5458333333333333 0.040625 0.041666666666666664
0 0.58203125 0.6895833333333333 0.0296875 0.03333333333333333
0 0.56953125 0.653125 0.0296875 0.035416666666666666
0 0.1340559554973822 0.1081915357766143 0.05625 0.05
0 0.36640625 0.26458333333333334 0.0328125 0.0375
0 0.72109375 0.3572916666666667 0.0328125 0.03958333333333333
0 0.89921875 0.25052083333333336 0.028125 0.0375
0 0.06921875 0.5483333333333333 0.03125 0.035416666666666666
0 0.75078125 0.9739583333333334 0.0328125 0.04375
1 0.54296875 0.6885416666666667 0.1265625 0.15208333333333332
1 0.13828125 0.10729166666666666 0.0671875 0.06875
1 0.36796875 0.27708333333333335 0.0859375 0.0875
1 0.628125 0.84375 0.059375 0.06666666666666667
