0 0.08807824803149607 0.6274688320209972 0.0375 0.05234580052493444
0 0.21331845238095237 0.9572916666666667 0.034375 0.04791666666666667
0 0.20747134279475982 0.8813864628820961 0.028125 0.04583333333333333
0 0.31200132978723405 0.9135416666666667 0.034375 0.04375
0 0.329296875 0.9796875 0.02890625 0.030208333333333334
0 0.6580690298507463 0.8541666666666666 0.03125 0.03333333333333333
0 0.6346941489361703 0.8459751773049645 0.034375 0.041666666666666664
0 0.7306891025641026 0.8375267094017094 0.028125 0.04375
0 0.83359375 0.7041666666666667 0.0328125 0.05
0 0.8561875000000001 0.7444166666666666 0.03125 0.03333333333333333
0 0.94609375 0.6535607298474946 0.0421875 0.04791666666666667
0 0.8589062500000001 0.5254166666666666 0.034375 0.035416666666666666
0 0.91703125 0.40520833333333334 0.0265625 0.035416666666666666
0 0.9225852272727273 0.2864583333333333 0.034375 0.03958333333333333
0 0.872301640070922 0.2217789598108747 0.0296875 0.0375
0 0.8405066287878787 0.2964015151515152 0.04105113636363633 0.03333333333333333
0 0.7625 0.34637896825396824 0.03125 0.03958333333333333
0 0.9564732142857142 0.26235119047619043 0.0375 0.04374999999999997
0 0.9619239631336406 0.11485695084485406 0.028125 0.04374999999999998
0 0.87265625 0.07328703703703704 0.0328125 0.04583333333333333
0 0.8459563873626375 0.03143315018315018 0.0296875 0.05
0 0.6849101027397261 0.13206335616438356 0.04375 0.04791666666666667
0 0.6561111111111111 0.1680787037037037 0.034375 0.04375
0 0.6325763081395348 0.3023498062015504 0.0328125 0.04791666666666667
0 0.590515590809628 0.46131245441283736 0.028125 0.03125
0 0.5591172680412371 0.48836984536082473 0.0375 0.03958333333333333
0 0.49822382478632476 0.6495281339031339 0.034375 0.04791666666666667
0 0.40543064024390246 0.5733231707317074 0.03281250000000004 0.03333333333333333
0 0.37265625 0.5864583333333333 0.0375 0.04583333333333333
0 0.3973958333333333 0.5361111111111111 0.028124999999999956 0.03749999999999994
0 0.3944928278688525 0.4619535519125683 0.03125 0.0375
0 0.38946875 0.42100000000000004 0.0359375 0.041666666666666664
0 0.33359375 0.428125 0.0359375 0.027083333333333334
0 0.33510519486044926 0.4427083333333333 0.0359375 0.03125
0 0.260948275862069 0.504978448275862 0.0375 0.04791666666666667
0 0.1835259433962264 0.43125 0.0375 0.041666666666666664
0 0.16219008264462811 0.3875 0.03125 0.041666666666666664
0 0.12719037576687114 0.31958716768916157 0.0328125 0.04375
0 0.11875 0.20520833333333333 0.034375 0.052083333333333336
0 0.0328125 0.3145833333333333 0.040625 0.041666666666666664
0 0.024982981620149763 0.3114356421601997 0.028125 0.03958333333333333
0 0.36681608606557375 0.7989583333333333 0.0390625 0.04791666666666667
0 0.33351293103448276 0.32835488505747124 0.05 0.052083333333333336
0 0.3984974520383693 0.3467950639488409 0.028124999999999956 0.035416666666666666
0 0.4859375 0.3095352564102564 0.034375 0.03157051282051283
0 0.6077256944444445 0.22141203703703702 0.03917824074074074 0.03665123456790124
0 0.5356584821428572 0.11845238095238096 0.03872767857142856 0.04375000000000002
0 0.436530780075188 0.023958333333333335 0.0296875 0.035416666666666666
0 0.40928712653778554 0.147372949619215 0.02517574692442883 0.0355924135910955
0 0.43035588318284423 0.1657002445447705 0.0421875 0.035416666666666666
0 0.4000103248898679 0.20520833333333333 0.03906250000000004 0.04791666666666667
0 0.4281936813186813 0.25180860805860805 0.03125 0.0458333333333333
0 0.4104947916666667 0.30996527777777777 0.03109375000000001 0.029375000000000047
0 0.884375 0.20383333333333334 0.025 0.0375
0 0.6433360927152318 0.6510416666666666 0.03733443708609272 0.03958333333333333
0 0.5359375 0.5625 0.034375 0.05416666666666667
0 0.5147977941176471 0.7015931372549019 0.040625 0.041666666666666664
0 0.58203125 0.6895833333333333 0.0296875 0.03333333333333333
0 0.56953125 0.653125 0.0296875 0.035416666666666666
0 0.13827715968586388 0.1100676265270506 0.05625 0.04999999999999998
0 0.36640625 0.26458333333333334 0.0328125 0.0375
0 0.9577008928571429 0.4861607142857143 0.0328125 0.03958333333333333
1 0.54296875 0.6885416666666667 0.1265625 0.15208333333333332
1 0.13828125 0.10729166666666666 0.0671875 0.06875
1 0.36796875 0.27708333333333335 0.0859375 0.0875
1 0.628125 0.84375 0.059375 0.06666666666666667
