0 0.08032552083333333 0.6249131944444444 0.040026041666666665 0.05128472222222224
0 0.2074470766129032 0.9506989247311828 0.034632056451612894 0.04791666666666667
0 0.19307450873362444 0.8871451965065502 0.028124999999999976 0.04583333333333333
0 0.3046426864244742 0.9130158540471638 0.034375 0.04375
0 0.6457241766467066 0.8546968562874252 0.03125 0.03958333333333333
0 0.6389029255319149 0.847845744680851 0.034375 0.041666666666666664
0 0.6853125 0.8765833333333333 0.03075000000000001 0.036999999999999984
0 0.8597164351851851 0.747199074074074 0.03125 0.03333333333333333
0 0.9343848892405063 0.6524129746835443 0.0421875 0.04791666666666667
0 0.8076522435897436 0.49412393162393164 0.0375 0.04583333333333333
0 0.8732142857142857 0.30699404761904764 0.034375 0.03958333333333333
0 0.8637098214285714 0.2285952380952381 0.0296875 0.0375
0 0.8383854166666668 0.26993055555555556 0.0296875 0.035416666666666666
0 0.7551636904761905 0.35040674603174604 0.028125 0.03958333333333333
0 0.6894176136363637 0.6196969696969696 0.0421875 0.04583333333333333
0 0.9550130208333334 0.10520833333333333 0.028125 0.04375
0 0.8697829278523489 0.071168903803132 0.0328125 0.045833333333333344
0 0.8441449175824175 0.03333333333333333 0.0296875 0.05
0 0.6779545454545455 0.12592803030303032 0.04357954545454543 0.047916666666666684
0 0.6536114926739927 0.171875 0.034375 0.04375
0 0.6192490363436123 0.29428689427312776 0.0328125 0.04791666666666667
0 0.5890727571115975 0.45938867614879647 0.028125 0.03125
0 0.55625 0.4864583333333333 0.0375 0.03958333333333333
0 0.49624542124542126 0.6548038766788766 0.034375 0.04791666666666667
0 0.40716209975369455 0.5740455665024631 0.0328125 0.03333333333333333
0 0.3859375 0.5416666666666666 0.028125 0.0375
0 0.385791015625 0.4571940104166667 0.03125 0.03958333333333333
0 0.381640625 0.42604166666666665 0.0359375 0.041666666666666664
0 0.3331415068740955 0.428125 0.0359375 0.027083333333333334
0 0.3344319052076242 0.4427083333333333 0.0359375 0.03125
0 0.2414306640625 0.5044596354166667 0.0375 0.04791666666666667
0 0.17232900943396226 0.43125 0.0375 0.041666666666666664
0 0.15810304752066115 0.3875 0.03125 0.041666666666666664
0 0.12514430732484078 0.3177083333333333 0.0328125 0.04375
0 0.0328125 0.3145833333333333 0.040625 0.041666666666666664
0 0.024758551735874747 0.3111364023144996 0.028125 0.03958333333333333
0 0.36660361842105266 0.8044188596491229 0.0390625 0.04791666666666667
0 0.32502346096096096 0.32969532032032034 0.05 0.052083333333333336
0 0.3992880695443645 0.34574090727418066 0.028125000000000046 0.035416666666666666
0 0.48567934782608696 0.31145833333333334 0.034375 0.03518719806763286
0 0.5967643508583691 0.215625 0.040625 0.052083333333333336
0 0.4533854166666667 0.10208333333333333 0.034375 0.04375
0 0.4335059691011236 0.023958333333333335 0.0296875 0.035416666666666666
0 0.4081282952548331 0.15393966022261277 0.0274934094903339 0.03791007615700058
0 0.4288674520316027 0.16669253197893152 0.0421875 0.035416666666666666
0 0.38984375 0.20520833333333333 0.0390625 0.04791666666666667
0 0.4290994162087912 0.2481856684981685 0.03125 0.04583333333333333
0 0.40465657552083334 0.30401258680555554 0.029033203124999973 0.03212239583333331
0 0.8849281832298136 0.19203545548654244 0.02705745341614918 0.03955745341614906
0 0.6446496212121212 0.6489583333333333 0.034375 0.03958333333333333
0 0.5359375 0.5625 0.034375 0.05416666666666667
0 0.08550347222222224 0.28032407407407406 0.03750000000000001 0.0458333333333333
0 0.58203125 0.6895833333333333 0.0296875 0.03333333333333333
0 0.56953125 0.653125 0.0296875 0.035416666666666666
0 0.12792048429319372 0.10546465968586388 0.05625 0.05
0 0.36640625 0.26458333333333334 0.0328125 0.0375
0 0.41203124999999996 0.30541666666666667 0.0328125 0.03958333333333333
0 0.93203125 0.6864583333333333 0.028125 0.0375
0 0.40267857142857144 0.5081845238095238 0.03125 0.035416666666666666
0 0.94609375 0.494375 0.0203125 0.03958333333333333
0 0.7183823529411765 0.892218137254902 0.034375 0.04791666666666667
0 0.465625 0.8833333333333333 0.03125 0.03958333333333333
1 0.54296875 0.6885416666666667 0.1265625 0.15208333333333332
1 0.13828125 0.10729166666666666 0.0671875 0.06875
1 0.36796875 0.27708333333333335 0.0859375 0.0875
1 0.628125 0.84375 0.059375 0.06666666666666667
