0 0.0484375 0.6043650793650793 0.04375 0.05625
0 0.19140625 0.9427083333333334 0.0359375 0.04791666666666667
0 0.1800625 0.8822500000000001 0.028125 0.04583333333333333
0 0.26203029141104295 0.8978463701431493 0.0375 0.04375
0 0.6306139380530974 0.8552083333333333 0.03125 0.03958333333333333
0 0.5888928571428571 0.8427738095238095 0.034375 0.05
0 0.6330729166666667 0.8306712962962963 0.0328125 0.03958333333333333
0 0.860219254032258 0.7543346774193548 0.03125 0.03333333333333333
0 0.8915044642857144 0.6368511904761905 0.0421875 0.04791666666666667
0 0.7797794117647059 0.3995098039215686 0.0375 0.04583333333333333
0 0.6425223214285715 0.3090773809523809 0.0359375 0.0455357142857143
0 0.8582003933566433 0.21458333333333332 0.0296875 0.0375
0 0.789489368556701 0.22990764604810998 0.02968750000000009 0.03696305841924401
0 0.71905875748503 0.36326721556886227 0.028125 0.03958333333333333
0 0.9520200276243094 0.103125 0.028125 0.04375
0 0.8497799744897959 0.059829931972789116 0.0328125 0.04583333333333333
0 0.8177838387573966 0.027083333333333334 0.0296875 0.05
0 0.6443851169064748 0.11354166666666667 0.0390625 0.04791666666666667
0 0.6328916139240507 0.16359440928270041 0.034375 0.04375
0 0.6177110180412371 0.28663015463917524 0.0328125 0.04791666666666667
0 0.5754601883561643 0.448787100456621 0.028125 0.03125
0 0.5482802013422818 0.4820819351230425 0.0375 0.03958333333333333
0 0.48087411556603776 0.6687106918238993 0.034375 0.04791666666666667
0 0.3795424775449102 0.5664733033932136 0.0328125 0.03958333333333333
0 0.36619391025641024 0.538258547008547 0.028125 0.0375
0 0.3608422256097561 0.4433180894308943 0.03125 0.03958333333333333
0 0.3396081972361809 0.38388819095477383 0.0359375 0.041666666666666664
0 0.33203125 0.428125 0.0359375 0.027083333333333334
0 0.33089633679373726 0.4427083333333333 0.0359375 0.03125
0 0.22461087164750956 0.4971384099616858 0.0375 0.04791666666666667
0 0.15525192731277532 0.43891795154185026 0.0375 0.03958333333333333
0 0.09757612179487181 0.36590099715099716 0.039062500000000014 0.05416666666666667
0 0.12086730072463767 0.31592693236714975 0.0328125 0.04375
0 0.0328125 0.3145833333333333 0.040625 0.041666666666666664
0 0.023580028931245743 0.3095650385749943 0.028125 0.03958333333333333
0 0.3655748279816514 0.7951165902140673 0.0390625 0.04791666666666667
0 0.3081075174825175 0.3236960955710956 0.05 0.052083333333333336
0 0.40136347433460073 0.34660963244613435 0.028125 0.035416666666666666
0 0.46875 0.3117711053089643 0.034375 0.042917754569190635
0 0.5844117647058823 0.21150735294117648 0.040625 0.052083333333333336
0 0.42109375 0.03598453177257525 0.0296875 0.035416666666666666
0 0.4092664930555555 0.1625 0.03125 0.041666666666666664
0 0.38995058760683765 0.190625 0.042187500000000044 0.035416666666666666
0 0.35633900316455697 0.20069883966244725 0.0390625 0.04791666666666667
0 0.4264414612676056 0.2526701877934272 0.03125 0.0458333333333333
0 0.38975317028985507 0.30520833333333336 0.0265625 0.035416666666666666
0 0.8598355263157895 0.1768969298245614 0.03125 0.04375
0 0.6296875 0.6511561355311355 0.034375 0.03958333333333333
0 0.5359375 0.5625 0.034375 0.05416666666666667
0 0.58203125 0.6895833333333333 0.0296875 0.03333333333333333
0 0.56953125 0.653125 0.0296875 0.035416666666666666
0 0.11408211297071129 0.10000653765690376 0.05625 0.05
0 0.36640625 0.26458333333333334 0.0328125 0.0375
0 0.234375 0.9239583333333333 0.028125 0.03958333333333333
0 0.047135416666666666 0.20208333333333334 0.029687499999999995 0.041666666666666664
0 0.09887152777777777 0.513888888888889 0.029687499999999988 0.04583333333333339
0 0.37390625 0.8722916666666667 0.0296875 0.03958333333333333
0 0.19813701923076926 0.9854166666666667 0.03281250000000002 0.029166666666666667
0 0.846875 0.98125 0.03125 0.0375
0 0.9067708333333334 0.6597222222222222 0.0375 0.05
0 0.94453125 0.40208333333333335 0.034375 0.041666666666666664
0 0.8805555555555555 0.42268518518518516 0.029166666666666785 0.04259259259259262
0 0.9533447265625 0.43235677083333335 0.0265625 0.04375
0 0.5853298611111111 0.5665509259259259 0.0296875 0.04375
1 0.54296875 0.6885416666666667 0.1265625 0.15208333333333332
1 0.13828125 0.10729166666666666 0.0671875 0.06875
1 0.36796875 0.27708333333333335 0.0859375 0.0875
1 0.628125 0.84375 0.059375 0.06666666666666667
