0 0.083203125 0.6234375 0.03515625 0.04479166666666667
0 0.20873235887096775 0.9509274193548387 0.034460685483870976 0.04791666666666667
0 0.19539437772925763 0.8862172489082969 0.028124999999999976 0.04583333333333333
0 0.3058616156787763 0.9131512906309751 0.034375 0.04375
0 0.05 0.7378472222222222 0.029166666666666667 0.035416666666666666
0 0.6466785179640719 0.8551210079840319 0.03125 0.03958333333333333
0 0.6382247340425532 0.8475443262411347 0.034375 0.041666666666666664
0 0.6966911764705882 0.8824754901960784 0.028125 0.041666666666666664
0 0.8596508487654321 0.7469367283950618 0.03125 0.03333333333333333
0 0.9397646360759493 0.6546545358649788 0.0421875 0.04791666666666667
0 0.8141447368421053 0.4959429824561404 0.03750000000000009 0.04583333333333333
0 0.8796875 0.3003472222222222 0.034375 0.03958333333333333
0 0.8648883928571429 0.22916666666666666 0.0296875 0.0375
0 0.8398020833333334 0.27181944444444445 0.0296875 0.035416666666666666
0 0.7556696428571429 0.3497321428571428 0.028125 0.03958333333333333
0 0.7861979166666666 0.5972222222222222 0.04218749999999991 0.04583333333333333
0 0.9555515552995392 0.10636040706605222 0.028125 0.04375
0 0.8704960151006711 0.07211968680089485 0.0328125 0.04583333333333333
0 0.8444368131868132 0.03333333333333333 0.0296875 0.05
0 0.6775824652777778 0.12748842592592594 0.04375 0.04791666666666667
0 0.6543898809523809 0.171875 0.034375 0.04375
0 0.621355313876652 0.2945989353891336 0.0328125 0.04791666666666667
0 0.5893052516411379 0.45969866885485045 0.028125 0.03125
0 0.5562661082474227 0.48646907216494845 0.0375 0.03958333333333333
0 0.4964400183150183 0.6542849511599512 0.034375 0.04791666666666667
0 0.4076854987684729 0.574394499178982 0.03281249999999995 0.03333333333333333
0 0.38897321428571424 0.5416666666666666 0.028124999999999956 0.0375
0 0.3871261503067485 0.4578859918200409 0.03125000000000004 0.03918711656441717
0 0.38532031250000004 0.42284375 0.035937500000000046 0.041666666666666664
0 0.333295269536903 0.428125 0.0359375 0.027083333333333334
0 0.3345403973791695 0.4427083333333333 0.0359375 0.03125
0 0.2443359375 0.50390625 0.0375 0.04791666666666667
0 0.17413325471698113 0.43125 0.0375 0.041666666666666664
0 0.15876162190082646 0.3875 0.03125 0.041666666666666664
0 0.12548268312101912 0.3177083333333333 0.0328125 0.04375
0 0.0328125 0.3145833333333333 0.040625 0.041666666666666664
0 0.024794715793056497 0.3111846210574087 0.028125 0.03958333333333333
0 0.3668832236842105 0.8033004385964913 0.0390625 0.04791666666666667
0 0.3256615990990991 0.329908033033033 0.05 0.052083333333333336
0 0.3991606714628297 0.34591077138289367 0.028124999999999956 0.035416666666666666
0 0.4859375 0.3113080929487179 0.034375 0.03511618589743589
0 0.5981228298611111 0.21629050925925924 0.04045862268518521 0.05030864197530865
0 0.47265625 0.09444444444444443 0.034375 0.04375
0 0.4341028792134831 0.023958333333333335 0.0296875 0.035416666666666666
0 0.40831502636203865 0.1528815172817809 0.02711994727592266 0.03753661394258933
0 0.42910729401805864 0.1665326373212942 0.0421875 0.035416666666666666
0 0.39148196585903083 0.20520833333333333 0.03906249999999996 0.04791666666666667
0 0.42895346840659343 0.24876945970695974 0.03125 0.045833333333333365
0 0.40559733072916665 0.3049717881944444 0.029365234375000028 0.031679687500000026
0 0.8865780279503106 0.1931353519668737 0.025737577639751485 0.038237577639751545
0 0.6427220394736842 0.6495065789473684 0.03478618421052628 0.03958333333333333
0 0.5359375 0.5625 0.034375 0.05416666666666667
0 0.156484375 0.34781249999999997 0.0375 0.04583333333333333
0 0.58203125 0.6895833333333333 0.0296875 0.03333333333333333
0 0.56953125 0.653125 0.0296875 0.035416666666666666
0 0.12958933246073298 0.106206369982548 0.05625 0.05
0 0.36640625 0.26458333333333334 0.0328125 0.0375
0 0.48515625 0.23361742424242424 0.0328125 0.03958333333333333
0 0.9169642857142858 0.5619047619047619 0.028125 0.0375
0 0.29661458333333335 0.4857638888888889 0.03125 0.035416666666666666
0 0.9455729166666667 0.3614583333333333 0.0203125 0.03958333333333333
0 0.7961538461538462 0.8725160256410257 0.034375 0.04791666666666667
0 0.5296875 0.8322916666666667 0.03125 0.03958333333333333
1 0.54296875 0.6885416666666667 0.1265625 0.15208333333333332
1 0.13828125 0.10729166666666666 0.0671875 0.06875
1 0.36796875 0.27708333333333335 0.0859375 0.0875
1 0.628125 0.84375 0.059375 0.06666666666666667
