0 0.08345703125000001 0.6233072916666667 0.034726562500000016 0.04421875000000005
0 0.20884576612903225 0.9509475806451613 0.03444556451612903 0.04791666666666667
0 0.19559907205240173 0.8861353711790393 0.028124999999999976 0.04583333333333333
0 0.3059691682600382 0.9131632409177821 0.034375 0.04375
0 0.058984375 0.7348958333333333 0.028125 0.03125
0 0.6467627245508982 0.8551584331337325 0.03125 0.03958333333333333
0 0.6381648936170212 0.847517730496454 0.034375 0.041666666666666664
0 0.6980698529411764 0.8826593137254902 0.028125 0.041666666666666664
0 0.859645061728395 0.7469135802469136 0.03125 0.03333333333333333
0 0.9402393196202532 0.6548523206751056 0.0421875 0.04791666666666667
0 0.8142680921052632 0.49610745614035084 0.0375 0.04583333333333333
0 0.88046875 0.3002314814814815 0.034375 0.03958333333333333
0 0.8651562500000001 0.22916666666666666 0.0296875 0.0375
0 0.8399553571428571 0.271875 0.0296875 0.035416666666666666
0 0.7557142857142857 0.3496726190476191 0.028125 0.03958333333333333
0 0.7924479166666666 0.5805555555555556 0.04218749999999991 0.04583333333333333
0 0.9556595622119815 0.10650441628264208 0.028125 0.04375
0 0.8705589345637584 0.07220357941834452 0.0328125 0.04583333333333333
0 0.8444625686813186 0.03333333333333333 0.0296875 0.05
0 0.677517361111111 0.12766203703703702 0.04375 0.04791666666666665
0 0.6544585622710622 0.171875 0.034375 0.04375
0 0.6215411618942731 0.2946264684287812 0.0328125 0.04791666666666667
0 0.5893257658643326 0.45972602115244343 0.028125 0.03125
0 0.5563144329896907 0.4865012886597938 0.0375 0.03958333333333333
0 0.4964571886446887 0.6542391636141637 0.034375 0.04791666666666667
0 0.40773168103448276 0.5744252873563218 0.0328125 0.03333333333333333
0 0.3890625 0.5415708812260537 0.028125 0.0375
0 0.3872411809815951 0.4579435071574642 0.03125 0.03914877300613497
0 0.385390625 0.4228125 0.035937499999999956 0.041666666666666664
0 0.33330883683068013 0.428125 0.0359375 0.027083333333333334
0 0.3345499702178353 0.4427083333333333 0.0359375 0.03125
0 0.24459228515625 0.503857421875 0.0375 0.04791666666666667
0 0.17429245283018868 0.43125 0.0375 0.041666666666666664
0 0.1588197314049587 0.3875 0.03125 0.041666666666666664
0 0.1255125398089172 0.3177083333333333 0.0328125 0.04375
0 0.0328125 0.3145833333333333 0.040625 0.041666666666666664
0 0.024797906739278418 0.31118887565237124 0.028125 0.03958333333333333
0 0.3669078947368421 0.8032017543859649 0.0390625 0.04791666666666667
0 0.3257179054054054 0.32992680180180184 0.05 0.052083333333333336
0 0.39914943045563545 0.345925759392486 0.028124999999999956 0.035416666666666666
0 0.4859375 0.3112780448717949 0.034375 0.03505608974358972
0 0.5982855902777778 0.21637731481481481 0.04043692129629628 0.05007716049382716
0 0.4796875 0.10590277777777778 0.034375 0.04375
0 0.43415554775280896 0.023958333333333335 0.0296875 0.035416666666666666
0 0.4083315026362039 0.15278815172817808 0.027086994727592285 0.03750366139425892
0 0.4291284565462754 0.16651852896914973 0.0421875 0.035416666666666666
0 0.3916265143171806 0.20520833333333333 0.0390625 0.04791666666666667
0 0.4289405906593407 0.24882097069597067 0.03125 0.04583333333333333
0 0.4056803385416667 0.3050564236111111 0.029394531250000043 0.031640625
0 0.8867236024844722 0.1932324016563147 0.02562111801242235 0.03812111801242235
0 0.6425164473684211 0.6496162280701755 0.03486842105263159 0.03958333333333333
0 0.5359375 0.5625 0.034375 0.05416666666666667
0 0.1609375 0.35625 0.0375 0.04583333333333333
0 0.58203125 0.6895833333333333 0.0296875 0.03333333333333333
0 0.56953125 0.653125 0.0296875 0.035416666666666666
0 0.1297365837696335 0.10627181500872601 0.05625 0.05
0 0.36640625 0.26458333333333334 0.0328125 0.0375
0 0.49453125 0.2353219696969697 0.0328125 0.03958333333333333
0 0.9010416666666666 0.5611111111111111 0.028125 0.0375
0 0.2883928571428572 0.4799107142857143 0.03125 0.035416666666666666
0 0.9502604166666666 0.35381944444444446 0.0203125 0.03958333333333333
0 0.8078125 0.8663194444444444 0.034375 0.04791666666666667
0 0.540234375 0.8432291666666667 0.03125 0.03958333333333333
1 0.54296875 0.6885416666666667 0.1265625 0.15208333333333332
1 0.13828125 0.10729166666666666 0.0671875 0.06875
1 0.36796875 0.27708333333333335 0.0859375 0.0875
1 0.628125 0.84375 0.059375 0.06666666666666667
