0 0.0484375 0.6044890873015873 0.04375 0.05625
0 0.19140625 0.9427083333333334 0.0359375 0.04791666666666667
0 0.180078125 0.8822916666666667 0.028125 0.04583333333333333
0 0.2622459739263804 0.8980380879345603 0.0375 0.04375
0 0.6306485066371682 0.8552083333333333 0.03125 0.03958333333333333
0 0.5892946428571428 0.8428928571428571 0.034375 0.05
0 0.6322048611111111 0.8326003086419753 0.0328125 0.03958333333333333
0 0.860250756048387 0.7544186827956989 0.03125 0.03333333333333333
0 0.8916830357142856 0.6375654761904762 0.0421875 0.04791666666666667
0 0.7839154411764706 0.4087009803921569 0.03750000000000009 0.04583333333333333
0 0.6447544642857144 0.3079613095238095 0.0359375 0.04702380952380955
0 0.8582550262237761 0.21458333333333332 0.0296875 0.0375
0 0.7897309922680412 0.22963917525773195 0.0296875 0.03685567010309277
0 0.7191991017964072 0.3631424650698603 0.028125 0.03958333333333333
0 0.9520416091160222 0.103125 0.028125 0.04375
0 0.8498118622448979 0.05991496598639456 0.0328125 0.04583333333333333
0 0.8179225221893491 0.027083333333333334 0.0296875 0.05
0 0.6447223471223021 0.11354166666666667 0.0390625 0.04791666666666667
0 0.6329905063291139 0.16366033755274262 0.034375 0.04375
0 0.6178721005154639 0.2865227663230241 0.0328125 0.0479166666666667
0 0.5755939640410959 0.44885844748858444 0.028125 0.03125
0 0.5483326342281879 0.4821518456375839 0.0375 0.03958333333333333
0 0.4808372641509434 0.668808962264151 0.034375 0.04791666666666667
0 0.37968282185628743 0.5666604291417165 0.0328125 0.03958333333333333
0 0.3662740384615385 0.5383653846153845 0.028125 0.03749999999999994
0 0.3611280487804878 0.4435721544715447 0.03125 0.03958333333333333
0 0.3399615263819095 0.38409757118927973 0.0359375 0.041666666666666664
0 0.33203125 0.428125 0.0359375 0.027083333333333334
0 0.33091229152484686 0.4427083333333333 0.0359375 0.03125
0 0.22467073754789274 0.4972581417624521 0.0375 0.04791666666666667
0 0.1553895925110132 0.4390097283406755 0.0375 0.03958333333333333
0 0.09777644230769231 0.36607905982905986 0.0390625 0.05416666666666667
0 0.12082955917874397 0.3159772544283414 0.0328125 0.04375
0 0.0328125 0.3145833333333333 0.040625 0.041666666666666664
0 0.023585347174948944 0.3095721295665986 0.028125 0.03958333333333333
0 0.3656823394495413 0.795164373088685 0.0390625 0.04791666666666667
0 0.3079436188811189 0.3238417832167832 0.05 0.052083333333333336
0 0.40135604800380226 0.3465997306717364 0.028125 0.035416666666666666
0 0.46875 0.31174390774586597 0.034375 0.04280896431679722
0 0.5844424019607843 0.2115482026143791 0.040625 0.052083333333333336
0 0.42109375 0.03594969342251951 0.0296875 0.035416666666666666
0 0.4093207465277778 0.1625 0.03125 0.041666666666666664
0 0.3900841346153846 0.190625 0.042187499999999954 0.035416666666666666
0 0.35640493143459917 0.20083069620253163 0.0390625 0.04791666666666667
0 0.426606514084507 0.25281690140845076 0.03125 0.045833333333333365
0 0.38985460069444444 0.3051938657407407 0.0265625 0.035416666666666666
0 0.8597944078947368 0.1770065789473684 0.03125 0.04375
0 0.6296875 0.6512706043956044 0.034375 0.03958333333333333
0 0.5359375 0.5625 0.034375 0.05416666666666667
0 0.58203125 0.6895833333333333 0.0296875 0.03333333333333333
0 0.56953125 0.653125 0.0296875 0.035416666666666666
0 0.11411480125523013 0.10001743375174338 0.05625 0.05
0 0.36640625 0.26458333333333334 0.0328125 0.0375
0 0.25390625 0.934375 0.028125 0.03958333333333333
0 0.06265625 0.20041666666666666 0.0296875 0.041666666666666664
0 0.09453125 0.53125 0.0296875 0.04583333333333333
0 0.3778645833333333 0.8753472222222223 0.03072916666666665 0.03958333333333333
0 0.19828725961538463 0.9854166666666667 0.0328125 0.029166666666666667
0 0.8421875 0.9885416666666667 0.028125 0.022916666666666665
0 0.91328125 0.6479166666666667 0.0375 0.05
0 0.958203125 0.40208333333333335 0.034375 0.041666666666666664
0 0.8805397727272727 0.44280303030303025 0.03125 0.041666666666666664
0 0.95389404296875 0.43251953125 0.0265625 0.04375
0 0.5875 0.5572916666666666 0.0296875 0.04375
1 0.54296875 0.6885416666666667 0.1265625 0.15208333333333332
1 0.13828125 0.10729166666666666 0.0671875 0.06875
1 0.36796875 0.27708333333333335 0.0859375 0.0875
1 0.628125 0.84375 0.059375 0.06666666666666667
