0 0.054205907534246575 0.6149828767123288 0.04375 0.05625
0 0.19519248188405797 0.9464945652173913 0.0359375 0.04791666666666667
0 0.18357311320754716 0.8869654088050314 0.028125 0.04583333333333333
0 0.2850160256410256 0.9089654558404558 0.034375 0.04375
0 0.6381362035851472 0.853125 0.03125 0.03958333333333333
0 0.6255778476331362 0.8458333333333333 0.034375 0.041666666666666664
0 0.6965160472972973 0.8493524774774774 0.0328125 0.03958333333333333
0 0.8607407407407408 0.7512962962962962 0.03125 0.03333333333333333
0 0.9019608448616602 0.6380311264822134 0.0421875 0.04791666666666667
0 0.765625 0.4479166666666667 0.0375 0.04583333333333333
0 0.7895220588235293 0.3141544117647059 0.03437499999999991 0.03958333333333333
0 0.865439523381295 0.21537769784172664 0.0296875 0.0375
0 0.8179586693548387 0.2458266129032258 0.0296875 0.035416666666666666
0 0.7390625 0.35697691846522783 0.028125 0.03958333333333333
0 0.9550387041284404 0.10474006116207951 0.028125 0.04375
0 0.8538501602564101 0.064508547008547 0.0328125 0.04583333333333332
0 0.8355329792490119 0.029957180500658764 0.0296875 0.05
0 0.6607472474093264 0.11328259930915371 0.0390625 0.04791666666666667
0 0.6405847886029412 0.16973805147058824 0.034375 0.04375
0 0.610428462543554 0.290625 0.0328125 0.04791666666666667
0 0.5851425438596491 0.45729166666666665 0.028125 0.03125
0 0.5535861280487805 0.4864583333333333 0.0375 0.03958333333333333
0 0.49478870738636366 0.6538233901515151 0.034375 0.04791666666666667
0 0.39591858183856504 0.5737247757847534 0.03281250000000004 0.03958333333333333
0 0.3782634493670886 0.5522679324894515 0.028125 0.0375
0 0.385437091503268 0.45870778867102396 0.03125000000000004 0.03958333333333333
0 0.3619525098425197 0.4053641732283465 0.0359375 0.041666666666666664
0 0.3307400958755427 0.428125 0.0359375 0.027083333333333334
0 0.3327375127637849 0.4427083333333333 0.0359375 0.03125
0 0.23085171568627452 0.5103962418300654 0.0375 0.04791666666666667
0 0.1625 0.4403874269005848 0.0375 0.041154970760233965
0 0.12402573529411764 0.37926470588235295 0.03125 0.041666666666666664
0 0.12058785860655738 0.31354166666666666 0.0328125 0.04375
0 0.0328125 0.3145833333333333 0.040625 0.041666666666666664
0 0.02419375425459496 0.31038333900612664 0.028125 0.03958333333333333
0 0.36008549528301886 0.8034080188679246 0.0390625 0.04791666666666667
0 0.3134417808219178 0.32729737442922374 0.05 0.052083333333333336
0 0.4005064757604563 0.34546696768060836 0.028125000000000046 0.035416666666666666
0 0.4834983031674208 0.30995946455505285 0.034375 0.032418929110105604
0 0.5911079545454545 0.21490530303030303 0.040625 0.052083333333333336
0 0.39002976190476185 0.04627976190476191 0.034374999999999954 0.04375
0 0.4235700334821429 0.02898995535714285 0.0296875 0.035416666666666666
0 0.407830391221374 0.16044052162849873 0.031249999999999955 0.041666666666666664
0 0.41278967696629215 0.20036282771535582 0.042187500000000044 0.035416666666666666
0 0.3714293981481481 0.209375 0.0390625 0.04791666666666667
0 0.4246771694214876 0.24418044077134984 0.03125 0.04583333333333333
0 0.3953414351851852 0.29737654320987655 0.026562500000000044 0.035416666666666666
0 0.8621919014084508 0.1735475352112676 0.03125 0.04375
0 0.6335898824257427 0.653125 0.034375 0.03958333333333333
0 0.5359375 0.5625 0.034375 0.05416666666666667
0 0.58203125 0.6895833333333333 0.0296875 0.03333333333333333
0 0.56953125 0.653125 0.0296875 0.035416666666666666
0 0.1178543410041841 0.1012639470013947 0.05625 0.05
0 0.36640625 0.26458333333333334 0.0328125 0.0375
0 0.51015625 0.9572916666666667 0.0296875 0.03958333333333333
0 0.09765625 0.7453125 0.03125 0.0375
0 0.27760416666666665 0.14930555555555555 0.028125 0.039583333333333345
0 0.8046875 0.575 0.028125 0.041666666666666664
0 0.48611111111111105 0.8774305555555556 0.025 0.04375
0 0.20869583333333336 0.9901722222222222 0.03125000000000002 0.019655555555555537
0 0.05078125 0.9864583333333333 0.0234375 0.027083333333333334
1 0.54296875 0.6885416666666667 0.1265625 0.15208333333333332
1 0.13828125 0.10729166666666666 0.0671875 0.06875
1 0.36796875 0.27708333333333335 0.0859375 0.0875
1 0.628125 0.84375 0.059375 0.06666666666666667
