0 0.05349957191780822 0.6140410958904109 0.04375 0.05625
0 0.19499320652173915 0.9462952898550725 0.035937500000000025 0.04791666666666667
0 0.18331367924528302 0.8867924528301887 0.028125 0.04583333333333333
0 0.2841346153846154 0.908573717948718 0.034375 0.04375
0 0.637916133162612 0.853125 0.03125 0.03958333333333333
0 0.6250693417159764 0.8458333333333333 0.034375 0.041666666666666664
0 0.6937288851351352 0.8605011261261261 0.0328125 0.03958333333333333
0 0.8607831790123457 0.751466049382716 0.03125 0.03333333333333333
0 0.9018249752964428 0.6378499670619235 0.0421875 0.04791666666666667
0 0.7314903846153846 0.4475961538461538 0.0375 0.04583333333333333
0 0.7776041666666667 0.3086805555555555 0.034375 0.03958333333333333
0 0.8651922212230216 0.21504796163069542 0.0296875 0.0375
0 0.817515120967742 0.24553091397849464 0.0296875 0.035416666666666666
0 0.7390625 0.3566471822541966 0.028125 0.03958333333333333
0 0.9548810206422018 0.10495030581039755 0.028125 0.04375
0 0.8536738782051282 0.06427350427350427 0.0328125 0.04583333333333332
0 0.8352612401185772 0.030138339920948616 0.0296875 0.05
0 0.6598567033678757 0.11304512089810019 0.0390625 0.047916666666666684
0 0.6404584099264705 0.16956954656862744 0.034375 0.04375
0 0.6111471036585365 0.290625 0.0328125 0.04791666666666667
0 0.5849702380952382 0.45729166666666665 0.028125 0.03125
0 0.5533346036585366 0.4864583333333333 0.0375 0.03958333333333333
0 0.49498401988636365 0.6535629734848485 0.034375 0.04791666666666667
0 0.3956102858744394 0.5733137144992526 0.03281249999999995 0.03958333333333333
0 0.3780016447368421 0.5519188596491228 0.028125 0.0375
0 0.3856617647058823 0.45900735294117645 0.03125 0.03958333333333333
0 0.3614111712598425 0.405003280839895 0.0359375 0.041666666666666664
0 0.3306406023878437 0.428125 0.0359375 0.027083333333333334
0 0.3326673119469027 0.4427083333333333 0.0359375 0.03125
0 0.23071691176470588 0.5100367647058823 0.0375 0.04791666666666667
0 0.1625 0.43998538011695904 0.0375 0.040994152046783645
0 0.1224921218487395 0.37885154061624654 0.03125 0.041666666666666664
0 0.1204469774590164 0.31354166666666666 0.0328125 0.04375
0 0.0328125 0.3145833333333333 0.040625 0.041666666666666664
0 0.024170353982300885 0.3103521386430678 0.028125 0.03958333333333333
0 0.3604725455465587 0.8029563090418353 0.0390625 0.04791666666666667
0 0.31320633561643835 0.32698344748858443 0.05 0.052083333333333336
0 0.4005391516159696 0.34551053548795946 0.028125 0.035416666666666666
0 0.48334276018099553 0.3100631598793363 0.034375 0.03262631975867271
0 0.5907954545454546 0.2146969696969697 0.040625 0.052083333333333336
0 0.384375 0.03955518018018018 0.034375 0.04375
0 0.42341657366071433 0.029194568452380953 0.0296875 0.035416666666666666
0 0.40796159351145034 0.16061545801526717 0.03125 0.041666666666666664
0 0.41214595037453183 0.20001950686641698 0.042187499999999954 0.035416666666666666
0 0.36964699074074076 0.209375 0.0390625 0.04791666666666667
0 0.4243930785123967 0.24455922865013774 0.03125 0.04583333333333333
0 0.3950231481481482 0.2975887345679012 0.026562500000000044 0.035416666666666666
0 0.8614656690140846 0.17257922535211268 0.03125 0.04375
0 0.6333346225247525 0.653125 0.034375 0.03958333333333333
0 0.5359375 0.5625 0.034375 0.05416666666666667
0 0.58203125 0.6895833333333333 0.0296875 0.03333333333333333
0 0.56953125 0.653125 0.0296875 0.035416666666666666
0 0.11771051255230125 0.10121600418410041 0.05625 0.05
0 0.36640625 0.26458333333333334 0.0328125 0.0375
0 0.038671875 0.734375 0.03125 0.0375
0 0.2875 0.2267361111111111 0.028125 0.03958333333333333
0 0.7381696428571429 0.5690476190476191 0.028125 0.041666666666666664
0 0.4953125 0.8041666666666667 0.025 0.04375
0 0.20851250000000002 0.99005 0.03125000000000002 0.019900000000000043
0 0.9935697115384615 0.4571714743589743 0.012860576923077006 0.03149038461538461
1 0.54296875 0.6885416666666667 0.1265625 0.15208333333333332
1 0.13828125 0.10729166666666666 0.0671875 0.06875
1 0.36796875 0.27708333333333335 0.0859375 0.0875
1 0.628125 0.84375 0.059375 0.06666666666666667
