cl1x8p06c00153f6b05wzxejg 0 0.7591401457055215 0.2049750766871166 0.0359375 0.04583333333333333
cl1x8p7bu00193f6b9qrfgs1t 0 0.3720775462962963 0.31948302469135803 0.0453125 0.06875
cl1x8q3k9001i3f6bqul43214 0 0.7140335648148148 0.6227237654320987 0.0484375 0.06458333333333334
cl1x8q730001m3f6b3ehrw3ir 0 0.8639756944444444 0.9143904320987654 0.0390625 0.03958333333333333
cl1x8qbrj001r3f6bqrp39tej 0 0.790625 0.8541666666666666 0.04375 0.05416666666666667
cl1x8qhfm001w3f6bqonobao6 0 0.753125 0.9770833333333333 0.034375 0.04583333333333333
cl1x8zxp700293f6bs2hoa2iz 0 0.6804976851851852 0.5627314814814814 0.03692129629629628 0.062345679012345674
cl1x9o3hb002i3f6bwfsaz760 0 0.9804227941176471 0.13596813725490195 0.036029411764705796 0.0636029411764706
cl1x9r870002n3f6bpj1mow54 0 0.942573456175299 0.035416666666666666 0.03514691235059768 0.04583333333333333
cl52ggroj000w3b6gpb2ml5nl 1 0.51953125 0.3458333333333333 0.0953125 0.10833333333333334
cl52ghqtu00113b6gm5kt6xmd 2 0.5109375 0.365625 0.025 0.03958333333333333
cl52gqo7600193b6g4t4rsvwj 2 0.29893749999999997 0.6764166666666667 0.053125 0.05416666666666667
cl52h2pai001d3b6gvsgq4lg9 2 0.9875 0.6641751126126126 0.025 0.03333333333333333
cl52h70ko001h3b6gjptgj215 2 0.14765625 0.026041666666666668 0.0265625 0.035416666666666666
