cl1x8p06c00153f6b05wzxejg 0 0.7646232745398773 0.19218110940695296 0.0359375 0.04583333333333333
cl1x8p7bu00193f6b9qrfgs1t 0 0.14087701612903225 0.7260416666666667 0.04375 0.052083333333333336
cl1x8pz2c001e3f6baljsd3f1 0 0.5829637096774194 0.7723790322580645 0.04435483870967749 0.04892473118279573
cl1x8q3k9001i3f6bqul43214 0 0.717723880597015 0.8687655472636816 0.03125 0.05625
cl1x8q730001m3f6b3ehrw3ir 0 0.971991604477612 0.8221548507462686 0.0344216417910447 0.043812189054726385
cl1x8qbrj001r3f6bqrp39tej 0 0.790625 0.83696509009009 0.0375 0.052083333333333336
cl1x8qhfm001w3f6bqonobao6 0 0.7412784090909091 0.9586931818181819 0.034375 0.052083333333333336
cl1x8qm6k00203f6bhtj7t6h9 0 0.812827620967742 0.9603158602150539 0.03593750000000009 0.04831989247311827
cl1x9r870002n3f6bpj1mow54 0 0.94953125 0.021458333333333336 0.029062500000000036 0.03875
cl52ggroj000w3b6gpb2ml5nl 1 0.51953125 0.3458333333333333 0.0953125 0.10833333333333334
cl52ghqtu00113b6gm5kt6xmd 2 0.5114990234375 0.36741536458333335 0.022998046875 0.03899739583333333
cl52gqo7600193b6g4t4rsvwj 2 0.653125 0.8072916666666666 0.040625 0.05625
cl52h2pai001d3b6gvsgq4lg9 2 0.9862320696721312 0.6311902322404371 0.02246413934426226 0.041786202185792355
