cl1x8p06c00153f6b05wzxejg 0 0.76328125 0.1953125 0.0359375 0.04583333333333333
cl1x8p7bu00193f6b9qrfgs1t 0 0.22833806818181818 0.6726325757575757 0.04730113636363638 0.05776515151515156
cl1x8pz2c001e3f6baljsd3f1 0 0.7108664772727273 0.721780303030303 0.04190340909090908 0.041666666666666664
cl1x8q3k9001i3f6bqul43214 0 0.7142045454545455 0.8179924242424242 0.044602272727272754 0.06515151515151511
cl1x8q730001m3f6b3ehrw3ir 0 0.9664663461538462 0.840224358974359 0.044711538461538324 0.057051282051281994
cl1x8qbrj001r3f6bqrp39tej 0 0.7909855769230769 0.852724358974359 0.04110576923076916 0.055448717948718
cl1x8qhfm001w3f6bqonobao6 0 0.7400451030927835 0.9657001718213057 0.036920103092783485 0.050386597938144345
cl1x8qm6k00203f6bhtj7t6h9 0 0.8850852272727273 0.9139204545454546 0.03948863636363633 0.052083333333333336
cl1x9r870002n3f6bpj1mow54 0 0.9461856617647058 0.029411764705882353 0.03336397058823533 0.03799019607843137
cl52ggroj000w3b6gpb2ml5nl 1 0.51953125 0.3458333333333333 0.0953125 0.10833333333333334
cl52ghqtu00113b6gm5kt6xmd 2 0.51484375 0.3714717741935484 0.0296875 0.04711021505376346
cl52gqo7600193b6g4t4rsvwj 2 0.5237499999999999 0.9153125000000001 0.0390625 0.04791666666666667
cl52h2pai001d3b6gvsgq4lg9 2 0.9859375 0.6427083333333333 0.028125 0.04375
