cl1x8p06c00153f6b05wzxejg 0 0.7606163726993864 0.20153054703476483 0.0359375 0.04583333333333333
cl1x8p7bu00193f6b9qrfgs1t 0 0.34968750000000004 0.4579583333333333 0.046875 0.06458333333333334
cl1x8pz2c001e3f6baljsd3f1 0 0.9815696022727274 0.7561079545454545 0.027627840909090828 0.03721590909090911
cl1x8q3k9001i3f6bqul43214 0 0.70234375 0.6806249999999999 0.0515625 0.06875
cl1x8q730001m3f6b3ehrw3ir 0 0.9070652173913043 0.9211503623188406 0.03539402173913046 0.04112318840579713
cl1x8qbrj001r3f6bqrp39tej 0 0.7909466911764705 0.855453431372549 0.04439338235294112 0.0567401960784314
cl1x8qhfm001w3f6bqonobao6 0 0.7574424342105263 0.9770833333333333 0.034375 0.04583333333333333
cl1x8qm6k00203f6bhtj7t6h9 0 0.9897500000000001 0.7583333333333333 0.018249999999999923 0.058333333333333334
cl1x8y8wp00243f6bczckj7d5 0 0.9484375 0.8349999999999999 0.040625 0.04833333333333331
cl1x8zxp700293f6bs2hoa2iz 0 0.71984375 0.772 0.0359375 0.058333333333333334
cl1x9r870002n3f6bpj1mow54 0 0.94375 0.033666666666666664 0.0375 0.04583333333333333
cl52ggroj000w3b6gpb2ml5nl 1 0.51953125 0.3458333333333333 0.0953125 0.10833333333333334
cl52ghqtu00113b6gm5kt6xmd 2 0.5109375 0.365625 0.025 0.03958333333333333
cl52gqo7600193b6g4t4rsvwj 2 0.305078125 0.8104166666666667 0.03984375 0.05
cl52h2pai001d3b6gvsgq4lg9 2 0.9875 0.6555930930930931 0.025 0.03333333333333333
