cl1x8p06c00153f6b05wzxejg 0 0.7640385352760737 0.19354550102249488 0.0359375 0.04583333333333333
cl1x8p7bu00193f6b9qrfgs1t 0 0.1852997448979592 0.7035926870748299 0.043750000000000025 0.052083333333333336
cl1x8pz2c001e3f6baljsd3f1 0 0.640625 0.7489583333333333 0.05 0.05625
cl1x8q3k9001i3f6bqul43214 0 0.7234375 0.8395833333333333 0.0375 0.07083333333333333
cl1x8q730001m3f6b3ehrw3ir 0 0.974266581632653 0.840625 0.0375 0.04791666666666667
cl1x8qbrj001r3f6bqrp39tej 0 0.790625 0.8438344594594595 0.0375 0.052083333333333336
cl1x8qhfm001w3f6bqonobao6 0 0.7375 0.9614583333333333 0.034375 0.052083333333333336
cl1x8qm6k00203f6bhtj7t6h9 0 0.83984375 0.9572916666666667 0.0359375 0.052083333333333336
cl1x9r870002n3f6bpj1mow54 0 0.9482880434782608 0.023115942028985505 0.03154891304347825 0.042065217391304345
cl52ggroj000w3b6gpb2ml5nl 1 0.51953125 0.3458333333333333 0.0953125 0.10833333333333334
cl52ghqtu00113b6gm5kt6xmd 2 0.51298828125 0.36940104166666665 0.0259765625 0.04296875
cl52gqo7600193b6g4t4rsvwj 2 0.6049632352941176 0.8580882352941176 0.04485294117647056 0.05416666666666667
cl52h2pai001d3b6gvsgq4lg9 2 0.9870133196721312 0.6337943989071039 0.024026639344262257 0.036577868852459026
