cl1x8p06c00153f6b05wzxejg 0 0.7616420628834356 0.19913726993865033 0.0359375 0.04583333333333333
cl1x8p7bu00193f6b9qrfgs1t 0 0.3140625 0.5552083333333333 0.046875 0.06458333333333334
cl1x8pz2c001e3f6baljsd3f1 0 0.86953125 0.7395833333333334 0.0421875 0.05416666666666667
cl1x8q3k9001i3f6bqul43214 0 0.7109375 0.7270833333333333 0.040625 0.06666666666666667
cl1x8q730001m3f6b3ehrw3ir 0 0.9390104166666667 0.8858333333333334 0.0359375 0.05
cl1x8qbrj001r3f6bqrp39tej 0 0.7911925551470589 0.8564368872549021 0.04488511029411768 0.05870710784313727
cl1x8qhfm001w3f6bqonobao6 0 0.74609375 0.9510416666666667 0.0359375 0.06458333333333334
cl1x8qm6k00203f6bhtj7t6h9 0 0.9501302083333332 0.8171875 0.037239583333333395 0.059375
cl1x8y8wp00243f6bczckj7d5 0 0.78828125 0.93125 0.0484375 0.06666666666666667
cl1x8zxp700293f6bs2hoa2iz 0 0.7265625 0.9208333333333333 0.03125 0.058333333333333334
cl1x9r870002n3f6bpj1mow54 0 0.9446180555555556 0.028009259259259255 0.0375 0.04583333333333333
cl52ggroj000w3b6gpb2ml5nl 1 0.51953125 0.3458333333333333 0.0953125 0.10833333333333334
cl52ghqtu00113b6gm5kt6xmd 2 0.5109375 0.365625 0.025 0.03958333333333333
cl52gqo7600193b6g4t4rsvwj 2 0.357421875 0.8829427083333333 0.0421875 0.05
cl52h2pai001d3b6gvsgq4lg9 2 0.9871942934782609 0.6462409420289854 0.025611413043478314 0.034148550724637634
