cl1x8p06c00153f6b05wzxejg 0 0.7607889187116564 0.20112793967280165 0.0359375 0.04583333333333333
cl1x8p7bu00193f6b9qrfgs1t 0 0.3440625 0.4849583333333333 0.046875 0.06458333333333334
cl1x8pz2c001e3f6baljsd3f1 0 0.969424715909091 0.7552556818181818 0.03401988636363651 0.03551136363636367
cl1x8q3k9001i3f6bqul43214 0 0.70234375 0.688125 0.0515625 0.06875
cl1x8q730001m3f6b3ehrw3ir 0 0.9119565217391304 0.9105525362318841 0.041508152173913085 0.037862318840579806
cl1x8qbrj001r3f6bqrp39tej 0 0.7909880514705883 0.8556188725490196 0.04447610294117652 0.05707107843137251
cl1x8qhfm001w3f6bqonobao6 0 0.7567540322580646 0.9744623655913979 0.0346774193548387 0.04946236559139786
cl1x8qm6k00203f6bhtj7t6h9 0 0.9824375 0.7583333333333333 0.026125000000000044 0.058333333333333334
cl1x8y8wp00243f6bczckj7d5 0 0.9279017857142857 0.8495535714285715 0.039285714285714236 0.04375
cl1x8zxp700293f6bs2hoa2iz 0 0.72546875 0.8005 0.0359375 0.058333333333333334
cl1x9r870002n3f6bpj1mow54 0 0.94375 0.03254166666666667 0.0375 0.04583333333333333
cl52ggroj000w3b6gpb2ml5nl 1 0.51953125 0.3458333333333333 0.0953125 0.10833333333333334
cl52ghqtu00113b6gm5kt6xmd 2 0.5109375 0.365625 0.025 0.03958333333333333
cl52gqo7600193b6g4t4rsvwj 2 0.31171875 0.8291666666666667 0.04375 0.041666666666666664
cl52h2pai001d3b6gvsgq4lg9 2 0.9875 0.653903903903904 0.025 0.03333333333333333
