cl1x8p06c00153f6b05wzxejg 0 0.7596194401840491 0.20385672290388548 0.0359375 0.04583333333333333
cl1x8p7bu00193f6b9qrfgs1t 0 0.36908482142857146 0.3638392857142857 0.0453125 0.06875
cl1x8q3k9001i3f6bqul43214 0 0.7094866071428572 0.6397321428571429 0.0484375 0.05922619047619051
cl1x8q730001m3f6b3ehrw3ir 0 0.8844866071428573 0.927827380952381 0.035044642857142885 0.04136904761904757
cl1x8qbrj001r3f6bqrp39tej 0 0.7907077205882354 0.8544975490196077 0.043915441176470615 0.05482843137254901
cl1x8qhfm001w3f6bqonobao6 0 0.754235197368421 0.9770833333333333 0.034375 0.04583333333333333
cl1x8zxp700293f6bs2hoa2iz 0 0.7046875 0.61875 0.03125 0.05416666666666667
cl1x9r870002n3f6bpj1mow54 0 0.9430403386454185 0.035416666666666666 0.03608067729083668 0.04583333333333333
cl52ggroj000w3b6gpb2ml5nl 1 0.51953125 0.3458333333333333 0.0953125 0.10833333333333334
cl52ghqtu00113b6gm5kt6xmd 2 0.5109375 0.365625 0.025 0.03958333333333333
cl52gqo7600193b6g4t4rsvwj 2 0.28515625 0.7333333333333333 0.0390625 0.058333333333333334
cl52h2pai001d3b6gvsgq4lg9 2 0.9875 0.666286599099099 0.025 0.03333333333333333
