cl1x8p06c00153f6b05wzxejg 0 0.7609806365030675 0.2006805981595092 0.0359375 0.04583333333333333
cl1x8p7bu00193f6b9qrfgs1t 0 0.34127604166666664 0.4864583333333333 0.046875 0.06458333333333334
cl1x8pz2c001e3f6baljsd3f1 0 0.95205078125 0.7461371527777778 0.04303385416666679 0.05355902777777774
cl1x8q3k9001i3f6bqul43214 0 0.7110026041666667 0.6934895833333333 0.0515625 0.06875
cl1x8q730001m3f6b3ehrw3ir 0 0.9173913043478261 0.8987771739130435 0.04830163043478262 0.03423913043478256
cl1x8qbrj001r3f6bqrp39tej 0 0.7910340073529412 0.8558026960784313 0.04456801470588232 0.05743872549019606
cl1x8qhfm001w3f6bqonobao6 0 0.7532258064516129 0.9657258064516128 0.035685483870967795 0.06155913978494627
cl1x8qm6k00203f6bhtj7t6h9 0 0.9857421875 0.778125 0.0265625 0.058333333333333334
cl1x8y8wp00243f6bczckj7d5 0 0.8896205357142858 0.8709821428571428 0.03727678571428576 0.04851190476190474
cl1x8zxp700293f6bs2hoa2iz 0 0.7220703125 0.821875 0.0359375 0.058333333333333334
cl1x9r870002n3f6bpj1mow54 0 0.94375 0.03129166666666667 0.0375 0.04583333333333333
cl52ggroj000w3b6gpb2ml5nl 1 0.51953125 0.3458333333333333 0.0953125 0.10833333333333334
cl52ghqtu00113b6gm5kt6xmd 2 0.5109375 0.365625 0.025 0.03958333333333333
cl52gqo7600193b6g4t4rsvwj 2 0.3177556818181818 0.8462121212121212 0.04375 0.041666666666666664
cl52h2pai001d3b6gvsgq4lg9 2 0.9875 0.652027027027027 0.025 0.03333333333333333
