cl1x8p06c00153f6b05wzxejg 0 0.7632333205521473 0.1954243353783231 0.0359375 0.04583333333333333
cl1x8p7bu00193f6b9qrfgs1t 0 0.2315340909090909 0.6701073232323231 0.048484848484848485 0.05965909090909101
cl1x8pz2c001e3f6baljsd3f1 0 0.7150094696969698 0.7220959595959596 0.04024621212121211 0.041666666666666664
cl1x8q3k9001i3f6bqul43214 0 0.7137310606060605 0.8153093434343435 0.046969696969696974 0.06672979797979804
cl1x8q730001m3f6b3ehrw3ir 0 0.9654447115384615 0.8397435897435898 0.04555288461538467 0.058012820512820557
cl1x8qbrj001r3f6bqrp39tej 0 0.7911057692307691 0.8532852564102564 0.04230769230769225 0.05657051282051277
cl1x8qhfm001w3f6bqonobao6 0 0.7402061855670103 0.9659686426116838 0.037081185567010254 0.05027920962199322
cl1x8qm6k00203f6bhtj7t6h9 0 0.8892282196969697 0.9161300505050505 0.04067234848484844 0.052083333333333336
cl1x9r870002n3f6bpj1mow54 0 0.9463005514705882 0.029718137254901963 0.034053308823529346 0.03860294117647059
cl52ggroj000w3b6gpb2ml5nl 1 0.51953125 0.3458333333333333 0.0953125 0.10833333333333334
cl52ghqtu00113b6gm5kt6xmd 2 0.51484375 0.37079973118279574 0.0296875 0.04576612903225807
cl52gqo7600193b6g4t4rsvwj 2 0.51515625 0.92 0.0390625 0.04791666666666667
cl52h2pai001d3b6gvsgq4lg9 2 0.9862771739130434 0.643840579710145 0.027445652173913083 0.04239130434782604
