cl1x8p06c00153f6b05wzxejg 0 0.762916986196319 0.19616244887525564 0.0359375 0.04583333333333333
cl1x8p7bu00193f6b9qrfgs1t 0 0.253515625 0.6485677083333333 0.045703125 0.05026041666666667
cl1x8pz2c001e3f6baljsd3f1 0 0.74775390625 0.7177083333333333 0.0486328125 0.0625
cl1x8q3k9001i3f6bqul43214 0 0.71494140625 0.8018229166666667 0.0482421875 0.0578125
cl1x8q730001m3f6b3ehrw3ir 0 0.9587019230769231 0.8365705128205129 0.05110576923076913 0.06435897435897431
cl1x8qbrj001r3f6bqrp39tej 0 0.7918990384615384 0.8569871794871794 0.05024038461538458 0.06397435897435895
cl1x8qhfm001w3f6bqonobao6 0 0.7396484375 0.9640625 0.043359375 0.06302083333333333
cl1x8qm6k00203f6bhtj7t6h9 0 0.9126953125 0.900390625 0.049609375 0.061197916666666664
cl1x9r870002n3f6bpj1mow54 0 0.94765625 0.034375 0.0390625 0.04791666666666667
cl52ggroj000w3b6gpb2ml5nl 1 0.51953125 0.3458333333333333 0.0953125 0.10833333333333334
cl52ghqtu00113b6gm5kt6xmd 2 0.5134650735294117 0.36838235294117644 0.03556985294117645 0.045098039215686295
cl52gqo7600193b6g4t4rsvwj 2 0.47601562499999994 0.9315625 0.04140625 0.043541666666666735
cl52h2pai001d3b6gvsgq4lg9 2 0.9860294117647058 0.6459558823529412 0.027941176470588226 0.0482843137254901
