cl1x8p06c00153f6b05wzxejg 0 0.7637893021472393 0.19412704498977504 0.0359375 0.04583333333333333
cl1x8p7bu00193f6b9qrfgs1t 0 0.20105229591836732 0.694749149659864 0.043749999999999976 0.052083333333333336
cl1x8pz2c001e3f6baljsd3f1 0 0.664111328125 0.7244140625 0.04619140625 0.051171875
cl1x8q3k9001i3f6bqul43214 0 0.71708984375 0.8328125 0.0375 0.07083333333333333
cl1x8q730001m3f6b3ehrw3ir 0 0.9659757653061224 0.840625 0.0375 0.04791666666666667
cl1x8qbrj001r3f6bqrp39tej 0 0.790625 0.8467623873873874 0.0375 0.052083333333333336
cl1x8qhfm001w3f6bqonobao6 0 0.7383376288659793 0.9628543814432989 0.0352126288659794 0.051524914089347125
cl1x8qm6k00203f6bhtj7t6h9 0 0.85634765625 0.9319010416666667 0.0359375 0.052083333333333336
cl1x9r870002n3f6bpj1mow54 0 0.9477581521739131 0.02382246376811594 0.032608695652173836 0.043478260869565216
cl52ggroj000w3b6gpb2ml5nl 1 0.51953125 0.3458333333333333 0.0953125 0.10833333333333334
cl52ghqtu00113b6gm5kt6xmd 2 0.513623046875 0.3702473958333333 0.02724609375 0.044661458333333334
cl52gqo7600193b6g4t4rsvwj 2 0.58515625 0.9010416666666666 0.0390625 0.04791666666666667
cl52h2pai001d3b6gvsgq4lg9 2 0.9873463114754099 0.6349043715846995 0.024692622950819754 0.034357923497267726
