cl1x8p06c00153f6b05wzxejg 0 0.7624089340490798 0.19734790388548057 0.0359375 0.04583333333333333
cl1x8p7bu00193f6b9qrfgs1t 0 0.2755208333333333 0.6100694444444446 0.04375 0.049305555555555595
cl1x8pz2c001e3f6baljsd3f1 0 0.7942708333333334 0.7135416666666666 0.04687500000000009 0.05625
cl1x8q3k9001i3f6bqul43214 0 0.7109375 0.767361111111111 0.034375 0.05416666666666667
cl1x8q730001m3f6b3ehrw3ir 0 0.9479166666666667 0.8232638888888888 0.038541666666666606 0.0506944444444444
cl1x8qbrj001r3f6bqrp39tej 0 0.7913763786764706 0.857172181372549 0.04525275735294123 0.060177696078431354
cl1x8qhfm001w3f6bqonobao6 0 0.7417598684210527 0.9633991228070174 0.04148026315789473 0.06903508771929824
cl1x8qm6k00203f6bhtj7t6h9 0 0.9348958333333333 0.8680555555555555 0.05104166666666661 0.061111111111111074
cl1x8y8wp00243f6bczckj7d5 0 0.69140625 0.9751302083333333 0.0359375 0.04973958333333333
cl1x9r870002n3f6bpj1mow54 0 0.9446676587301587 0.028802910052910056 0.0362103174603174 0.042394179894179894
cl52ggroj000w3b6gpb2ml5nl 1 0.51953125 0.3458333333333333 0.0953125 0.10833333333333334
cl52ghqtu00113b6gm5kt6xmd 2 0.5134232954545455 0.365625 0.029971590909090916 0.03958333333333333
cl52gqo7600193b6g4t4rsvwj 2 0.43515625 0.9197916666666667 0.04093750000000007 0.042916666666666714
cl52h2pai001d3b6gvsgq4lg9 2 0.9866383272058823 0.6467677696078431 0.026723345588235324 0.0369178921568628
