cl1x8p06c00153f6b05wzxejg 0 0.762830713190184 0.19636375255623723 0.0359375 0.04583333333333333
cl1x8p7bu00193f6b9qrfgs1t 0 0.25966796875 0.6418294270833333 0.04306640625 0.04381510416666667
cl1x8pz2c001e3f6baljsd3f1 0 0.7576416015625 0.7153645833333333 0.054345703125 0.071875
cl1x8q3k9001i3f6bqul43214 0 0.7160400390625 0.7988932291666667 0.046044921875 0.051953125
cl1x8q730001m3f6b3ehrw3ir 0 0.9568629807692307 0.8357051282051283 0.05262019230769237 0.06608974358974358
cl1x8qbrj001r3f6bqrp39tej 0 0.7921153846153846 0.8579967948717948 0.05240384615384626 0.06599358974358971
cl1x8qhfm001w3f6bqonobao6 0 0.739208984375 0.962890625 0.04599609375 0.06888020833333333
cl1x8qm6k00203f6bhtj7t6h9 0 0.918408203125 0.89072265625 0.05224609375 0.06529947916666666
cl1x9r870002n3f6bpj1mow54 0 0.9469866071428573 0.03325892857142857 0.03839285714285712 0.04657738095238095
cl52ggroj000w3b6gpb2ml5nl 1 0.51953125 0.3458333333333333 0.0953125 0.10833333333333334
cl52ghqtu00113b6gm5kt6xmd 2 0.5137408088235293 0.3678308823529412 0.03501838235294121 0.0439950980392157
cl52gqo7600193b6g4t4rsvwj 2 0.4693359375 0.93203125 0.044921875 0.04635416666666667
cl52h2pai001d3b6gvsgq4lg9 2 0.9861328125 0.64609375 0.027734375 0.04635416666666667
