cl1x8p06c00153f6b05wzxejg 0 0.7602137653374232 0.20246996421267893 0.0359375 0.04583333333333333
cl1x8p7bu00193f6b9qrfgs1t 0 0.363525390625 0.4263671875 0.0453125 0.05416666666666667
cl1x8q3k9001i3f6bqul43214 0 0.7073893229166667 0.6598524305555556 0.0515625 0.06875
cl1x8q730001m3f6b3ehrw3ir 0 0.8791666666666667 0.9347222222222222 0.034375 0.041666666666666664
cl1x8qbrj001r3f6bqrp39tej 0 0.7908501838235293 0.8550674019607843 0.04420036764705877 0.05596813725490198
cl1x8qhfm001w3f6bqonobao6 0 0.7561472039473685 0.9770833333333333 0.034375 0.04583333333333333
cl1x8y8wp00243f6bczckj7d5 0 0.98796875 0.80875 0.024062499999999966 0.05916666666666662
cl1x8zxp700293f6bs2hoa2iz 0 0.7149245689655173 0.7276580459770116 0.03318965517241379 0.055890804597701065
cl1x9r870002n3f6bpj1mow54 0 0.9436192729083664 0.035416666666666666 0.03723854581673312 0.04583333333333333
cl52ggroj000w3b6gpb2ml5nl 1 0.51953125 0.3458333333333333 0.0953125 0.10833333333333334
cl52ghqtu00113b6gm5kt6xmd 2 0.5109375 0.365625 0.025 0.03958333333333333
cl52gqo7600193b6g4t4rsvwj 2 0.30424107142857143 0.7653273809523811 0.04375 0.053869047619047566
cl52h2pai001d3b6gvsgq4lg9 2 0.9875 0.6603929924242424 0.025 0.03333333333333333
