cl1x8p06c00153f6b05wzxejg 0 0.7639810199386503 0.19367970347648264 0.0359375 0.04583333333333333
cl1x8p7bu00193f6b9qrfgs1t 0 0.18893494897959182 0.7015518707482993 0.043749999999999976 0.052083333333333336
cl1x8pz2c001e3f6baljsd3f1 0 0.646044921875 0.7432942708333333 0.04912109375 0.055078125
cl1x8q3k9001i3f6bqul43214 0 0.72197265625 0.8380208333333333 0.0375 0.07083333333333333
cl1x8q730001m3f6b3ehrw3ir 0 0.9723533163265307 0.840625 0.0375 0.04791666666666667
cl1x8qbrj001r3f6bqrp39tej 0 0.790625 0.8445101351351351 0.0375 0.052083333333333336
cl1x8qhfm001w3f6bqonobao6 0 0.7376932989690722 0.9617804982817869 0.03456829896907214 0.051954467353951844
cl1x8qm6k00203f6bhtj7t6h9 0 0.84365234375 0.9514322916666667 0.0359375 0.052083333333333336
cl1x9r870002n3f6bpj1mow54 0 0.9481657608695653 0.02327898550724638 0.031793478260869534 0.04239130434782609
cl52ggroj000w3b6gpb2ml5nl 1 0.51953125 0.3458333333333333 0.0953125 0.10833333333333334
cl52ghqtu00113b6gm5kt6xmd 2 0.513134765625 0.36959635416666664 0.02626953125 0.043359375
cl52gqo7600193b6g4t4rsvwj 2 0.6019301470588235 0.8691176470588236 0.042095588235294114 0.05416666666666667
cl52h2pai001d3b6gvsgq4lg9 2 0.9870901639344261 0.6340505464480874 0.02418032786885238 0.03606557377049183
