cl1x8p06c00153f6b05wzxejg 0 0.7604054831288344 0.2020226226993865 0.0359375 0.04583333333333333
cl1x8p7bu00193f6b9qrfgs1t 0 0.3502467105263158 0.4366776315789474 0.046875 0.06458333333333334
cl1x8q3k9001i3f6bqul43214 0 0.7089226973684211 0.6658442982456141 0.0515625 0.06875
cl1x8q730001m3f6b3ehrw3ir 0 0.8887073863636363 0.9229166666666667 0.034375 0.041666666666666664
cl1x8qbrj001r3f6bqrp39tej 0 0.7908961397058824 0.855251225490196 0.044292279411764744 0.05633578431372553
cl1x8qhfm001w3f6bqonobao6 0 0.7567639802631578 0.9770833333333333 0.034375 0.04583333333333333
cl1x8y8wp00243f6bczckj7d5 0 0.9714638157894736 0.8326206140350877 0.040625 0.05603070175438596
cl1x8zxp700293f6bs2hoa2iz 0 0.7127055921052632 0.7537280701754386 0.0359375 0.058333333333333334
cl1x9r870002n3f6bpj1mow54 0 0.94375 0.035041666666666665 0.0375 0.04583333333333333
cl52ggroj000w3b6gpb2ml5nl 1 0.51953125 0.3458333333333333 0.0953125 0.10833333333333334
cl52ghqtu00113b6gm5kt6xmd 2 0.5109375 0.365625 0.025 0.03958333333333333
cl52gqo7600193b6g4t4rsvwj 2 0.29609375 0.7979166666666667 0.0421875 0.04583333333333333
cl52h2pai001d3b6gvsgq4lg9 2 0.9875 0.6580255681818182 0.025 0.03333333333333333
