cl1x9tim6002r3f6bnk8nzm3n 0 0.40078125 0.7822916666666667 0.0390625 0.04375
cl1x9tnl9002v3f6bkrmbhl5x 0 0.8279411764705882 0.8031862745098038 0.0375 0.041666666666666664
cl1x9ts9b002z3f6b0pi7kuyi 0 0.78046875 0.68125 0.0390625 0.04583333333333333
cl1x9twmy00333f6bapw23fc5 0 0.7625 0.5662955465587044 0.0375 0.05
cl1x9u25i00373f6bd1lovl0h 0 0.23984375 0.052083333333333336 0.034375 0.04791666666666667
cl1x9u91c003b3f6b9lj56i8z 0 0.5730674342105263 0.12280701754385964 0.0265625 0.05
cl1x9udl2003e3f6btxubnfcc 0 0.9228860294117647 0.14558823529411763 0.028125 0.04999999999999998
cl1x9un2t003i3f6byl7il2vz 0 0.0941137398785425 0.4643977732793522 0.03281249999999999 0.04583333333333333
cl1x9v1p4003m3f6bem40q8rb 0 0.27734375 0.46875 0.0546875 0.04583333333333333
cl1x9v6r9003q3f6bfuilxdsj 0 0.331640625 0.5338541666666666 0.03046875 0.034375
cl1x9vacg003u3f6bfq428da7 0 0.6928768382352941 0.3928921568627451 0.0296875 0.04583333333333333
cl1x9vdqc003y3f6b7vffk1iv 0 0.6368389423076923 0.4696314102564102 0.0421875 0.05336538461538461
cl1xa59ta00473f6b7ox9kdpq 0 0.7703125 0.27395833333333336 0.040625 0.052083333333333336
cl1xa5wph004c3f6bop56jnp9 0 0.85625 0.6583333333333333 0.046875 0.05416666666666667
cl1xa66pa004g3f6bbm5rxr18 0 0.4682265228426396 0.20798963620981387 0.040625 0.03958333333333333
cl52hert9001l3b6g8cmzvln4 1 0.19296875 0.76875 0.0984375 0.13333333333333333
cl52hfm3u001q3b6gjj78l74m 2 0.18393429487179486 0.7300747863247864 0.028125 0.03333333333333333
