cl1x9tim6002r3f6bnk8nzm3n 0 0.40078125 0.7822916666666667 0.0390625 0.04375
cl1x9tnl9002v3f6bkrmbhl5x 0 0.8268048128342246 0.7971256684491979 0.0375 0.041666666666666664
cl1x9ts9b002z3f6b0pi7kuyi 0 0.78046875 0.68125 0.0390625 0.04583333333333333
cl1x9twmy00333f6bapw23fc5 0 0.7625 0.5640013495276652 0.0375 0.05
cl1x9u25i00373f6bd1lovl0h 0 0.2704878826530612 0.021704931972789117 0.04078443877551021 0.043409863945578234
cl1x9u91c003b3f6b9lj56i8z 0 0.525173611111111 0.3560185185185185 0.0265625 0.05046296296296297
cl1x9udl2003e3f6btxubnfcc 0 0.9194769385026739 0.14407308377896613 0.028125 0.05
cl1x9un2t003i3f6byl7il2vz 0 0.09153276821862348 0.46325067476383264 0.0328125 0.04583333333333333
cl1x9v1p4003m3f6bem40q8rb 0 0.27734375 0.46875 0.0546875 0.04583333333333333
cl1x9v6r9003q3f6bfuilxdsj 0 0.29529246794871794 0.5178151709401709 0.0359375 0.035416666666666666
cl1x9vacg003u3f6bfq428da7 0 0.6826495655080214 0.40046791443850266 0.0296875 0.04583333333333333
cl1x9vdqc003y3f6b7vffk1iv 0 0.7677556818181819 0.34791666666666665 0.0375 0.05
cl1xa59ta00473f6b7ox9kdpq 0 0.7703125 0.27395833333333336 0.040625 0.052083333333333336
cl1xa5wph004c3f6bop56jnp9 0 0.85625 0.6583333333333333 0.046875 0.05416666666666667
cl1xa66pa004g3f6bbm5rxr18 0 0.46499048223350253 0.2123043570219966 0.040625 0.03958333333333333
cl1xa7ty6004k3f6bi8j7q67t 0 0.015234375 0.09348958333333333 0.03046875 0.06197916666666667
cl52hert9001l3b6g8cmzvln4 1 0.19296875 0.76875 0.0984375 0.13333333333333333
cl52hfm3u001q3b6gjj78l74m 2 0.18243599397590363 0.7270833333333333 0.02887801204819278 0.03333333333333333
