cl3lhiipm00483r6clbu4zwd5 0 0.6114583333333333 0.8861111111111111 0.034375 0.0375
cl3lhilws004c3r6ca6zqy1gw 0 0.41201923076923075 0.11314102564102564 0.034375 0.05
cl3lhip0q004g3r6cy4brw621 0 0.25260416666666663 0.41944444444444445 0.025 0.041666666666666664
cl3lhiryb004k3r6c6jpvvzx5 0 0.10674229452054795 0.3600313926940639 0.04062500000000001 0.04375
cl3lhixat004o3r6c883m96qx 0 0.09453125 0.49375 0.0390625 0.05416666666666667
cl3lhj2kj004s3r6cqx38u696 0 0.3627232142857143 0.3535714285714286 0.0296875 0.04375
cl3lhj62w004w3r6cfpkevjre 0 0.32890625 0.85625 0.0359375 0.03958333333333333
cl3lhjaff00503r6cfhg41lbh 0 0.4045072115384615 0.6557692307692308 0.029687499999999957 0.041666666666666664
cl3lhjl0700583r6c98dy5l90 0 0.75078125 0.09880952380952382 0.0359375 0.0375
cl3lhjozs005c3r6c6a8yc1mi 0 0.77265625 0.225 0.0359375 0.04583333333333333
cl3lhk205005k3r6cci1nhbg5 0 0.775 0.6135416666666667 0.034375 0.03958333333333333
cl3lhk6ae005o3r6cuxdrdr7u 0 0.86953125 0.703125 0.0515625 0.05625
cl3lhkh4n005w3r6c4bqrr6nr 0 0.665625 0.7302083333333333 0.0296875 0.04375
cl3lhkkd000603r6c4cm2omfx 0 0.6692379731861199 0.7510416666666667 0.046875 0.04791666666666667
cl3lhkr9100643r6c07670105 0 0.60734375 0.6383333333333333 0.0296875 0.041666666666666664
cl3lhkukf00683r6cqecge7xc 0 0.925 0.6083333333333333 0.0375 0.0375
cl3lhkz8h006c3r6cua0q7ub0 0 0.91796875 0.22708333333333333 0.0296875 0.03333333333333333
cl3lhl5xp006h3r6cniqq2oe4 0 0.91328125 0.20104166666666667 0.0296875 0.03958333333333333
cl3lhlj64006p3r6ctw3z14pj 2 0.75390625 0.48020833333333335 0.0328125 0.035416666666666666
cl3lhnipf006y3r6c9iuye03v 0 0.2756578947368421 0.21507675438596494 0.028125 0.03958333333333333
cl3li3r1200723r6cali2onlm 0 0.71484375 0.709375 0.028125 0.0375
cl3liq9gt007m3r6c37qu2a3z 0 0.8716145833333334 0.1048611111111111 0.0234375 0.03958333333333333
cl3ljrszo008a3r6cqz9s76mi 0 0.6674479166666667 0.8753472222222223 0.0296875 0.0375
