cl3lhiipm00483r6clbu4zwd5 0 0.5958333333333333 0.8583333333333333 0.034375 0.0375
cl3lhilws004c3r6ca6zqy1gw 0 0.40859375 0.1 0.034375 0.05
cl3lhip0q004g3r6cy4brw621 0 0.249609375 0.4036458333333333 0.025 0.041666666666666664
cl3lhiryb004k3r6c6jpvvzx5 0 0.1070562214611872 0.36044996194824963 0.04062499999999999 0.04375
cl3lhixat004o3r6c883m96qx 0 0.09453125 0.49375 0.0390625 0.05416666666666667
cl3lhj2kj004s3r6cqx38u696 0 0.344921875 0.3489583333333333 0.0296875 0.04375
cl3lhj62w004w3r6cfpkevjre 0 0.33046875 0.8708333333333333 0.0359375 0.03958333333333333
cl3lhjaff00503r6cfhg41lbh 0 0.40582932692307694 0.6592948717948718 0.0296875 0.041666666666666664
cl3lhjl0700583r6c98dy5l90 0 0.75078125 0.0984457671957672 0.0359375 0.0375
cl3lhjozs005c3r6c6a8yc1mi 0 0.77265625 0.225 0.0359375 0.04583333333333333
cl3lhk205005k3r6cci1nhbg5 0 0.775 0.6135416666666667 0.034375 0.03958333333333333
cl3lhk6ae005o3r6cuxdrdr7u 0 0.86953125 0.703125 0.0515625 0.05625
cl3lhkh4n005w3r6c4bqrr6nr 0 0.6671875 0.7427083333333333 0.0296875 0.04375
cl3lhkkd000603r6c4cm2omfx 0 0.6694006309148265 0.7510416666666667 0.046875 0.04791666666666667
cl3lhkr9100643r6c07670105 0 0.5941051136363636 0.6274621212121212 0.0296875 0.041666666666666664
cl3lhkukf00683r6cqecge7xc 0 0.925 0.6083333333333333 0.0375 0.0375
cl3lhkz8h006c3r6cua0q7ub0 0 0.91796875 0.22708333333333333 0.0296875 0.03333333333333333
cl3lhl5xp006h3r6cniqq2oe4 0 0.91328125 0.20104166666666667 0.0296875 0.03958333333333333
cl3lhlj64006p3r6ctw3z14pj 2 0.75390625 0.48020833333333335 0.0328125 0.035416666666666666
cl3lhnipf006y3r6c9iuye03v 0 0.28741776315789475 0.21387061403508772 0.028125 0.03958333333333333
cl3li3r1200723r6cali2onlm 0 0.7294642857142857 0.6851190476190475 0.028125 0.0375
cl3liq9gt007m3r6c37qu2a3z 0 0.8771205357142857 0.13497023809523812 0.0234375 0.039583333333333345
cl3ljrszo008a3r6cqz9s76mi 0 0.6766741071428571 0.9122023809523809 0.0296875 0.0375
