ckz3vwyqh000r3867ejpqrh3v 0 0.17809895833333333 0.1666435185185185 0.02505208333333333 0.033379629629629634
cl3l9s21y00043r6c9z22mg77 0 0.25748422231270357 0.09747896308360478 0.03190655537459284 0.04254207383279045
cl3l9sbf400083r6cvbbylvw8 2 0.0578125 0.28229166666666666 0.034375 0.04583333333333333
cl3l9sibg000c3r6cny8ys6gz 0 0.1921875 0.23854166666666668 0.03125 0.04791666666666667
cl3l9sm3z000g3r6c1mykp9ux 0 0.64296875 0.27395833333333336 0.0453125 0.04791666666666667
cl3l9sy3p000o3r6crvrc7d5m 0 0.6319010416666667 0.4282986111111111 0.03125 0.041666666666666664
cl3l9tkl700143r6cq9zyswc2 0 0.7852022058823529 0.34993872549019606 0.029779411764705797 0.03762254901960785
cl3l9tprg00183r6cl2w8qg4a 0 0.8973958333333334 0.21319444444444444 0.0390625 0.04791666666666667
cl3l9tt8f001c3r6cq5l0hgob 0 0.79765625 0.2791666666666667 0.0359375 0.05416666666666667
cl3l9txy6001g3r6cnd2gffxo 0 0.9718433988764044 0.15522940074906366 0.03125 0.041666666666666664
cl3l9u18k001k3r6cped3icrn 0 0.81171875 0.11794871794871795 0.0359375 0.03958333333333333
cl3l9u93r001s3r6cuhg8mdgx 0 0.7651642628205129 0.1752403846153846 0.0375 0.04583333333333333
cl3l9ufmk001w3r6cyq89vzx6 0 0.23853156618887014 0.6577501405283868 0.0390625 0.05
cl3l9uk3h00203r6ct590m8al 0 0.21640625 0.9739583333333334 0.0390625 0.04375
cl3l9vsu400243r6ctqrm7alj 0 0.19836359797297298 0.6321931306306307 0.0328125 0.04583333333333333
cl3la1b35002g3r6cs234lja3 0 0.08360333588957056 0.029856850715746418 0.03281250000000001 0.041666666666666664
cl3laaxqk002o3r6c9tmx16ej 0 0.50234375 0.7520833333333333 0.0328125 0.04375
cl3lahq71002s3r6cswrlo9yb 0 0.6637500000000001 0.9529166666666666 0.028125 0.03333333333333333
cl3lhgwiz00443r6cqe7vvf2k 0 0.49609375 0.2635416666666667 0.0609375 0.08125
cl522yttk000b3r6gtxj0zvyx 2 0.42842295420420423 0.35176113613613613 0.0296875 0.04375
cl522zdjv000f3r6gd65erki8 2 0.05390625 0.40625 0.0203125 0.03333333333333333
