cl3lhiipm00483r6clbu4zwd5 0 0.49625 0.6875 0.034375 0.0375
cl3lhilws004c3r6ca6zqy1gw 0 0.3859375 0.09768518518518518 0.034375 0.05
cl3lhip0q004g3r6cy4brw621 0 0.26156250000000003 0.3295833333333333 0.025 0.041666666666666664
cl3lhiryb004k3r6c6jpvvzx5 0 0.10911101598173516 0.36318968797564694 0.040625 0.04375
cl3lhixat004o3r6c883m96qx 0 0.09453125 0.49375 0.0390625 0.05416666666666667
cl3lhj2kj004s3r6cqx38u696 0 0.30928819444444444 0.34502314814814816 0.0296875 0.04375
cl3lhj62w004w3r6cfpkevjre 0 0.35234375 0.8586805555555556 0.0359375 0.03958333333333333
cl3lhjaff00503r6cfhg41lbh 0 0.4095805921052632 0.6608004385964912 0.029687500000000044 0.041666666666666664
cl3lhjl0700583r6c98dy5l90 0 0.7553839631782946 0.09617248062015503 0.0359375 0.0375
cl3lhjozs005c3r6c6a8yc1mi 0 0.77265625 0.225 0.0359375 0.04583333333333333
cl3lhk205005k3r6cci1nhbg5 0 0.7694711538461538 0.6125801282051282 0.034375 0.03958333333333333
cl3lhk6ae005o3r6cuxdrdr7u 0 0.86953125 0.703125 0.0515625 0.05625
cl3lhkh4n005w3r6c4bqrr6nr 0 0.6433159722222223 0.7848379629629629 0.0296875 0.04375
cl3lhkkd000603r6c4cm2omfx 0 0.6704652996845426 0.7510416666666667 0.046875 0.04791666666666667
cl3lhkr9100643r6c07670105 0 0.6495659722222222 0.5826388888888889 0.0296875 0.041666666666666664
cl3lhkukf00683r6cqecge7xc 0 0.925 0.6083333333333333 0.0375 0.0375
cl3lhkz8h006c3r6cua0q7ub0 0 0.91796875 0.22708333333333333 0.0296875 0.03333333333333333
cl3lhl5xp006h3r6cniqq2oe4 0 0.91328125 0.20104166666666667 0.0296875 0.03958333333333333
cl3lhlj64006p3r6ctw3z14pj 2 0.75390625 0.48020833333333335 0.0328125 0.035416666666666666
cl3lhnipf006y3r6c9iuye03v 0 0.2984375 0.3005787037037037 0.028125 0.03958333333333333
cl3li3r1200723r6cali2onlm 0 0.7883928571428571 0.5898809523809524 0.028125 0.0375
cl3likeil007e3r6cot4qb4oh 0 0.7591145833333333 0.9534722222222223 0.0328125 0.0375
cl3liq9gt007m3r6c37qu2a3z 0 0.9076562499999999 0.34645833333333337 0.0234375 0.03958333333333333
