ckz3vwyqh000r3867ejpqrh3v 0 0.18074596774193546 0.16666666666666666 0.025 0.03333333333333333
cl3l9s21y00043r6c9z22mg77 0 0.25795246335504884 0.09810328447339849 0.030970073289902266 0.04129343105320304
cl3l9sbf400083r6cvbbylvw8 2 0.12221467391304348 0.10534420289855073 0.034375 0.04583333333333333
cl3l9sibg000c3r6cny8ys6gz 0 0.1984375 0.236875 0.03125 0.04791666666666667
cl3l9sm3z000g3r6c1mykp9ux 0 0.64296875 0.27395833333333336 0.0453125 0.04791666666666667
cl3l9sy3p000o3r6crvrc7d5m 0 0.5953125 0.73125 0.03125 0.041666666666666664
cl3l9tfu100103r6czizzmxj8 0 0.7802734375 0.9182291666666667 0.0328125 0.05
cl3l9tkl700143r6cq9zyswc2 0 0.7762661637931034 0.36016522988505745 0.025 0.03125
cl3l9tprg00183r6cl2w8qg4a 0 0.9182291666666667 0.2443287037037037 0.0390625 0.04791666666666667
cl3l9tt8f001c3r6cq5l0hgob 0 0.79765625 0.2791666666666667 0.0359375 0.05416666666666667
cl3l9txy6001g3r6cnd2gffxo 0 0.9711973314606741 0.15566011235955057 0.03125 0.041666666666666664
cl3l9u18k001k3r6cped3icrn 0 0.81171875 0.11942307692307692 0.0359375 0.03958333333333333
cl3l9u93r001s3r6cuhg8mdgx 0 0.7655328525641025 0.1767147435897436 0.0375 0.04583333333333333
cl3l9ufmk001w3r6cyq89vzx6 0 0.23925880059021926 0.6580733558178752 0.0390625 0.05
cl3l9uk3h00203r6ct590m8al 0 0.21640625 0.9768540669856459 0.0390625 0.037958532695374816
cl3l9vsu400243r6ctqrm7alj 0 0.20024486940298508 0.6333333333333333 0.0328125 0.04583333333333333
cl3l9xw5u00283r6c9xt8hv3w 0 0.3380208333333333 0.9489583333333333 0.034375 0.04375
cl3la1b35002g3r6cs234lja3 0 0.08228048312883436 0.030444785276073624 0.0328125 0.041666666666666664
cl3laaxqk002o3r6c9tmx16ej 0 0.48125 0.9802083333333333 0.028125 0.03958333333333333
cl3lhgwiz00443r6cqe7vvf2k 0 0.49609375 0.2635416666666667 0.0609375 0.08125
cl522yttk000b3r6gtxj0zvyx 2 0.4292863175675675 0.3523367117117117 0.0296875 0.04375
cl522zdjv000f3r6gd65erki8 2 0.05390625 0.40625 0.0203125 0.03333333333333333
