ckz3vwyqh000r3867ejpqrh3v 0 0.17604166666666665 0.16481481481481483 0.029166666666666674 0.03703703703703702
cl3l9s21y00043r6c9z22mg77 0 0.2570821457654723 0.09694286102062975 0.0327107084690554 0.0436142779587405
cl3l9sibg000c3r6cny8ys6gz 0 0.18990162037037037 0.2415895061728395 0.03125 0.04791666666666667
cl3l9sm3z000g3r6c1mykp9ux 0 0.64296875 0.27395833333333336 0.0453125 0.04791666666666667
cl3l9sy3p000o3r6crvrc7d5m 0 0.5263020833333333 0.2690972222222222 0.03125 0.04166666666666664
cl3l9tkl700143r6cq9zyswc2 0 0.8197916666666666 0.31145833333333334 0.03125 0.03958333333333333
cl3l9tprg00183r6cl2w8qg4a 0 0.8787538109756097 0.1571900406504065 0.0390625 0.04791666666666667
cl3l9tt8f001c3r6cq5l0hgob 0 0.79765625 0.2791666666666667 0.0359375 0.05416666666666667
cl3l9txy6001g3r6cnd2gffxo 0 0.9723981741573035 0.15485955056179773 0.03125 0.041666666666666664
cl3l9u18k001k3r6cped3icrn 0 0.81171875 0.1166826923076923 0.0359375 0.03958333333333333
cl3l9u93r001s3r6cuhg8mdgx 0 0.7648477564102565 0.17397435897435898 0.0375 0.04583333333333333
cl3l9ufmk001w3r6cyq89vzx6 0 0.23790709317032038 0.6574725969645868 0.0390625 0.05
cl3l9uk3h00203r6ct590m8al 0 0.21640625 0.9739583333333334 0.0390625 0.04375
cl3l9vsu400243r6ctqrm7alj 0 0.1963778409090909 0.6284090909090909 0.03536931818181819 0.04924242424242422
cl3la1b35002g3r6cs234lja3 0 0.08473926380368098 0.029351993865030675 0.03281249999999999 0.041666666666666664
cl3laaxqk002o3r6c9tmx16ej 0 0.51640625 0.778125 0.0328125 0.04375
cl3lahq71002s3r6cswrlo9yb 0 0.890625 0.8739583333333333 0.0375 0.04791666666666667
cl3lavkqa00343r6cfbfc0lnk 0 0.91953125 0.6125 0.0328125 0.041666666666666664
cl3lay5t600383r6c5377gcka 0 0.84609375 0.984375 0.0234375 0.03125
cl3lbbdjg003g3r6c47a043gz 2 0.1546875 0.275 0.034375 0.04583333333333333
cl3lhgwiz00443r6cqe7vvf2k 0 0.49609375 0.2635416666666667 0.0609375 0.08125
cl522yttk000b3r6gtxj0zvyx 2 0.42768158783783783 0.35126689189189186 0.0296875 0.04375
cl522zdjv000f3r6gd65erki8 2 0.05390625 0.40625 0.0203125 0.03333333333333333
