cl3lhilws004c3r6ca6zqy1gw 0 0.42795138888888895 0.05578703703703704 0.034375 0.05
cl3lhip0q004g3r6cy4brw621 0 0.2390625 0.5395833333333333 0.025 0.041666666666666664
cl3lhiryb004k3r6c6jpvvzx5 0 0.10541385135135135 0.3563231981981982 0.040625 0.04375
cl3lhixat004o3r6c883m96qx 0 0.09453125 0.49375 0.0390625 0.05416666666666667
cl3lhj2kj004s3r6cqx38u696 0 0.3953125 0.29375 0.0296875 0.04375
cl3lhj62w004w3r6cfpkevjre 0 0.28359375 0.8458333333333333 0.0359375 0.03958333333333333
cl3lhjaff00503r6cfhg41lbh 0 0.40390625 0.6484375 0.0296875 0.041666666666666664
cl3lhjl0700583r6c98dy5l90 0 0.75078125 0.10261243386243386 0.0359375 0.0375
cl3lhjozs005c3r6c6a8yc1mi 0 0.77265625 0.225 0.0359375 0.04583333333333333
cl3lhk205005k3r6cci1nhbg5 0 0.775 0.6135416666666667 0.034375 0.03958333333333333
cl3lhk6ae005o3r6cuxdrdr7u 0 0.86953125 0.703125 0.0515625 0.05625
cl3lhkh4n005w3r6c4bqrr6nr 0 0.6953125 0.7177083333333333 0.0296875 0.04375
cl3lhkkd000603r6c4cm2omfx 0 0.6516098484848485 0.7477588383838384 0.046875 0.04791666666666667
cl3lhkr9100643r6c07670105 0 0.55625 0.775 0.0296875 0.041666666666666664
cl3lhkukf00683r6cqecge7xc 0 0.925 0.6083333333333333 0.0375 0.0375
cl3lhkz8h006c3r6cua0q7ub0 0 0.91796875 0.22708333333333333 0.0296875 0.03333333333333333
cl3lhl5xp006h3r6cniqq2oe4 0 0.91328125 0.20104166666666667 0.0296875 0.03958333333333333
cl3lhlj64006p3r6ctw3z14pj 2 0.75390625 0.48020833333333335 0.0328125 0.035416666666666666
cl3lhnipf006y3r6c9iuye03v 0 0.2703125 0.21145833333333333 0.028125 0.03958333333333333
cl3li3r1200723r6cali2onlm 0 0.75 0.840625 0.028125 0.0375
cl3ljrszo008a3r6cqz9s76mi 0 0.7453125 0.6520833333333333 0.0296875 0.0375
cl3lk7rxk008e3r6cvl9tfyaz 0 0.35142045454545456 0.06647727272727272 0.028125 0.033333333333333326
