ckz3vwyqh000r3867ejpqrh3v 0 0.1759375 0.16472222222222221 0.029374999999999995 0.037222222222222205
cl3l9s21y00043r6c9z22mg77 0 0.25706178745928343 0.09691571661237784 0.03275142508143323 0.043668566775244305
cl3l9sibg000c3r6cny8ys6gz 0 0.18978587962962962 0.24174382716049383 0.03125 0.04791666666666667
cl3l9sm3z000g3r6c1mykp9ux 0 0.64296875 0.27395833333333336 0.0453125 0.04791666666666667
cl3l9sy3p000o3r6crvrc7d5m 0 0.51875 0.25763888888888886 0.03125 0.04166666666666664
cl3l9tkl700143r6cq9zyswc2 0 0.8260416666666666 0.309375 0.03125 0.03958333333333333
cl3l9tprg00183r6cl2w8qg4a 0 0.87890625 0.15830518018018017 0.0390625 0.04791666666666667
cl3l9tt8f001c3r6cq5l0hgob 0 0.79765625 0.2791666666666667 0.0359375 0.05416666666666667
cl3l9txy6001g3r6cnd2gffxo 0 0.9724262640449439 0.15484082397003746 0.03125 0.041666666666666664
cl3l9u18k001k3r6cped3icrn 0 0.81171875 0.11661858974358973 0.0359375 0.03958333333333332
cl3l9u93r001s3r6cuhg8mdgx 0 0.7648317307692307 0.1739102564102564 0.0375 0.04583333333333333
cl3l9ufmk001w3r6cyq89vzx6 0 0.23787547428330522 0.6574585441259135 0.0390625 0.05
cl3l9uk3h00203r6ct590m8al 0 0.21640625 0.9739583333333334 0.0390625 0.04375
cl3l9vsu400243r6ctqrm7alj 0 0.19595170454545455 0.6274621212121211 0.03622159090909092 0.05037878787878789
cl3la1b35002g3r6cs234lja3 0 0.08479677914110431 0.029326431492842538 0.03281250000000001 0.041666666666666664
cl3laaxqk002o3r6c9tmx16ej 0 0.5200520833333333 0.7961805555555556 0.0328125 0.04375
cl3lahq71002s3r6cswrlo9yb 0 0.9010416666666666 0.8809027777777777 0.0375 0.04791666666666667
cl3lavkqa00343r6cfbfc0lnk 0 0.924609375 0.6171875 0.0328125 0.041666666666666664
cl3laz8qa003c3r6c1i29k66e 0 0.855859375 0.9848958333333333 0.02109375 0.030208333333333334
cl3lbbdjg003g3r6c47a043gz 2 0.16822916666666668 0.2881944444444445 0.034375 0.045833333333333365
cl3lhgwiz00443r6cqe7vvf2k 0 0.49609375 0.2635416666666667 0.0609375 0.08125
cl522yttk000b3r6gtxj0zvyx 2 0.4276440503003003 0.35124186686686687 0.0296875 0.04375
cl522zdjv000f3r6gd65erki8 2 0.05390625 0.40625 0.0203125 0.03333333333333333
