ckz3vwyqh000r3867ejpqrh3v 0 0.18192684331797235 0.16666666666666666 0.025 0.03333333333333333
cl3l9s21y00043r6c9z22mg77 0 0.25816113599348534 0.09838151465798045 0.03055272801302933 0.040736970684039094
cl3l9sbf400083r6cvbbylvw8 2 0.12649601063829788 0.10004432624113475 0.034375 0.04583333333333333
cl3l9sibg000c3r6cny8ys6gz 0 0.20109223300970874 0.23755056634304206 0.03125 0.04791666666666667
cl3l9sm3z000g3r6c1mykp9ux 0 0.64296875 0.27395833333333336 0.0453125 0.04791666666666667
cl3l9sy3p000o3r6crvrc7d5m 0 0.56171875 0.8526041666666667 0.03125 0.041666666666666664
cl3l9tfu100103r6czizzmxj8 0 0.756640625 0.84375 0.0328125 0.05
cl3l9tkl700143r6cq9zyswc2 0 0.7751616379310345 0.36311063218390804 0.025 0.03125
cl3l9tprg00183r6cl2w8qg4a 0 0.9214062500000001 0.24895833333333334 0.0390625 0.04791666666666667
cl3l9tt8f001c3r6cq5l0hgob 0 0.79765625 0.2791666666666667 0.0359375 0.05416666666666667
cl3l9txy6001g3r6cnd2gffxo 0 0.9709094101123595 0.15585205992509363 0.03125 0.041666666666666664
cl3l9u18k001k3r6cped3icrn 0 0.8122648665048544 0.11906351132686084 0.0359375 0.03958333333333333
cl3l9u93r001s3r6cuhg8mdgx 0 0.7661711165048544 0.17708333333333334 0.0375 0.04583333333333333
cl3l9ufmk001w3r6cyq89vzx6 0 0.2395828941821248 0.6582173974142776 0.0390625 0.05
cl3l9uk3h00203r6ct590m8al 0 0.21640625 0.9782844896331738 0.0390625 0.03509768740031897
cl3l9vsu400243r6ctqrm7alj 0 0.20406949626865672 0.6333333333333333 0.0328125 0.04583333333333333
cl3l9xw5u00283r6c9xt8hv3w 0 0.3642578125 0.9263020833333333 0.033203125 0.0421875
cl3la1b35002g3r6cs234lja3 0 0.08169095092024539 0.030706799591002042 0.0328125 0.041666666666666664
cl3lhgwiz00443r6cqe7vvf2k 0 0.49609375 0.2635416666666667 0.0609375 0.08125
cl522yttk000b3r6gtxj0zvyx 2 0.4296710773273273 0.3525932182182182 0.0296875 0.04375
cl522zdjv000f3r6gd65erki8 2 0.05390625 0.40625 0.0203125 0.03333333333333333
