ckz3vwyqh000r3867ejpqrh3v 0 0.18137960829493088 0.16666666666666666 0.025 0.03333333333333333
cl3l9s21y00043r6c9z22mg77 0 0.25806443403908796 0.09825257871878393 0.030746131921824117 0.04099484256243214
cl3l9sbf400083r6cvbbylvw8 2 0.12396941489361701 0.10172872340425533 0.034375 0.04583333333333333
cl3l9sibg000c3r6cny8ys6gz 0 0.19993206521739132 0.23647644927536232 0.03125 0.04791666666666667
cl3l9sm3z000g3r6c1mykp9ux 0 0.64296875 0.27395833333333336 0.0453125 0.04791666666666667
cl3l9sy3p000o3r6crvrc7d5m 0 0.5776041666666667 0.7982638888888889 0.03125 0.041666666666666664
cl3l9tfu100103r6czizzmxj8 0 0.76328125 0.8743055555555556 0.0328125 0.05
cl3l9tkl700143r6cq9zyswc2 0 0.7756734913793103 0.3617456896551724 0.025 0.03125
cl3l9tprg00183r6cl2w8qg4a 0 0.93046875 0.22604166666666667 0.0390625 0.04791666666666667
cl3l9tt8f001c3r6cq5l0hgob 0 0.79765625 0.2791666666666667 0.0359375 0.05416666666666667
cl3l9txy6001g3r6cnd2gffxo 0 0.9710428370786517 0.1557631086142322 0.03125 0.041666666666666664
cl3l9u18k001k3r6cped3icrn 0 0.81171875 0.11977564102564102 0.0359375 0.03958333333333333
cl3l9u93r001s3r6cuhg8mdgx 0 0.7656209935897436 0.1770673076923077 0.0375 0.04583333333333333
cl3l9ufmk001w3r6cyq89vzx6 0 0.23943270446880272 0.658150646430579 0.0390625 0.05
cl3l9uk3h00203r6ct590m8al 0 0.21640625 0.9776216108452951 0.0390625 0.036423444976076524
cl3l9vsu400243r6ctqrm7alj 0 0.20229710820895522 0.6333333333333333 0.03281249999999998 0.04583333333333333
cl3l9xw5u00283r6c9xt8hv3w 0 0.3471875 0.9314583333333334 0.034375 0.04375
cl3la1b35002g3r6cs234lja3 0 0.08196414877300615 0.030585378323108384 0.0328125 0.041666666666666664
cl3lhgwiz00443r6cqe7vvf2k 0 0.49609375 0.2635416666666667 0.0609375 0.08125
cl522yttk000b3r6gtxj0zvyx 2 0.429492774024024 0.35247434934934935 0.0296875 0.04375
cl522zdjv000f3r6gd65erki8 2 0.05390625 0.40625 0.0203125 0.03333333333333333
