cl3lhiipm00483r6clbu4zwd5 0 0.6027777777777777 0.8694444444444444 0.034375 0.0375
cl3lhilws004c3r6ca6zqy1gw 0 0.40697115384615384 0.10528846153846154 0.034375 0.05
cl3lhip0q004g3r6cy4brw621 0 0.2496875 0.40875 0.025 0.041666666666666664
cl3lhiryb004k3r6c6jpvvzx5 0 0.10694206621004568 0.36029775494672756 0.04062500000000001 0.04375
cl3lhixat004o3r6c883m96qx 0 0.09453125 0.49375 0.0390625 0.05416666666666667
cl3lhj2kj004s3r6cqx38u696 0 0.3510044642857143 0.3483630952380953 0.0296875 0.04375
cl3lhj62w004w3r6cfpkevjre 0 0.33255208333333336 0.867361111111111 0.0359375 0.03958333333333333
cl3lhjaff00503r6cfhg41lbh 0 0.40534855769230765 0.6580128205128205 0.029687499999999957 0.041666666666666664
cl3lhjl0700583r6c98dy5l90 0 0.75078125 0.09857804232804232 0.0359375 0.0375
cl3lhjozs005c3r6c6a8yc1mi 0 0.77265625 0.225 0.0359375 0.04583333333333333
cl3lhk205005k3r6cci1nhbg5 0 0.775 0.6135416666666667 0.034375 0.03958333333333333
cl3lhk6ae005o3r6cuxdrdr7u 0 0.86953125 0.703125 0.0515625 0.05625
cl3lhkh4n005w3r6c4bqrr6nr 0 0.675 0.7354166666666667 0.0296875 0.04375
cl3lhkkd000603r6c4cm2omfx 0 0.6693414826498423 0.7510416666666667 0.046875 0.04791666666666667
cl3lhkr9100643r6c07670105 0 0.5986505681818182 0.6289772727272728 0.0296875 0.041666666666666664
cl3lhkukf00683r6cqecge7xc 0 0.925 0.6083333333333333 0.0375 0.0375
cl3lhkz8h006c3r6cua0q7ub0 0 0.91796875 0.22708333333333333 0.0296875 0.03333333333333333
cl3lhl5xp006h3r6cniqq2oe4 0 0.91328125 0.20104166666666667 0.0296875 0.03958333333333333
cl3lhlj64006p3r6ctw3z14pj 2 0.75390625 0.48020833333333335 0.0328125 0.035416666666666666
cl3lhnipf006y3r6c9iuye03v 0 0.28314144736842106 0.21430921052631577 0.028125 0.03958333333333333
cl3li3r1200723r6cali2onlm 0 0.7223214285714286 0.6922619047619047 0.028125 0.0375
cl3liq9gt007m3r6c37qu2a3z 0 0.87890625 0.121875 0.0234375 0.03958333333333333
cl3ljrszo008a3r6cqz9s76mi 0 0.6802455357142857 0.894345238095238 0.0296875 0.0375
