cl3lhiipm00483r6clbu4zwd5 0 0.3533482142857143 0.4449404761904762 0.034375 0.0375
cl3lhilws004c3r6ca6zqy1gw 0 0.3508928571428572 0.125 0.034375 0.05
cl3lhip0q004g3r6cy4brw621 0 0.2928571428571428 0.24077380952380953 0.025 0.041666666666666664
cl3lhiryb004k3r6c6jpvvzx5 0 0.1109375 0.366869918699187 0.040625 0.04375
cl3lhixat004o3r6c883m96qx 0 0.09453125 0.49375 0.0390625 0.05416666666666667
cl3lhj2kj004s3r6cqx38u696 0 0.32511160714285714 0.3072916666666667 0.0296875 0.04375
cl3lhj62w004w3r6cfpkevjre 0 0.36953125 0.8335416666666667 0.0359375 0.03958333333333333
cl3lhjaff00503r6cfhg41lbh 0 0.41072048611111106 0.6695023148148148 0.029687499999999957 0.041666666666666664
cl3lhjg4e00543r6cwf7i8tpf 0 0.9035714285714287 0.3800595238095238 0.0375 0.0375
cl3lhjl0700583r6c98dy5l90 0 0.754015261627907 0.10164728682170542 0.0359375 0.0375
cl3lhjozs005c3r6c6a8yc1mi 0 0.77265625 0.225 0.0359375 0.04583333333333333
cl3lhk205005k3r6cci1nhbg5 0 0.7649038461538462 0.5903044871794872 0.034375 0.03958333333333333
cl3lhk6ae005o3r6cuxdrdr7u 0 0.86953125 0.703125 0.0515625 0.05625
cl3lhkh4n005w3r6c4bqrr6nr 0 0.62765625 0.8185416666666666 0.0296875 0.04375
cl3lhkkd000603r6c4cm2omfx 0 0.672136238170347 0.7510416666666667 0.046875 0.04791666666666667
cl3lhkr9100643r6c07670105 0 0.7642187500000001 0.5816666666666667 0.0296875 0.041666666666666664
cl3lhkukf00683r6cqecge7xc 0 0.925 0.6083333333333333 0.0375 0.0375
cl3lhkz8h006c3r6cua0q7ub0 0 0.91796875 0.22708333333333333 0.0296875 0.03333333333333333
cl3lhl5xp006h3r6cniqq2oe4 0 0.91328125 0.20104166666666667 0.0296875 0.03958333333333333
cl3lhlj64006p3r6ctw3z14pj 2 0.75390625 0.48020833333333335 0.0328125 0.035416666666666666
cl3lhmswg006u3r6cin3gjk6l 0 0.02689732142857143 0.6248511904761905 0.0296875 0.035416666666666666
cl3lhnipf006y3r6c9iuye03v 0 0.3017939814814815 0.3140817901234568 0.028125 0.03958333333333333
cl3li3r1200723r6cali2onlm 0 0.88984375 0.5357142857142858 0.0296875 0.05000000000000006
cl3likeil007e3r6cot4qb4oh 0 0.9686383928571429 0.7568452380952381 0.0328125 0.0375
