ckz3vwyqh000r3867ejpqrh3v 0 0.17650240384615384 0.16362179487179487 0.0296875 0.0375
cl3l9s21y00043r6c9z22mg77 0 0.25673828125 0.096484375 0.0328125 0.04375
cl3l9sibg000c3r6cny8ys6gz 0 0.1890625 0.24921875 0.03125 0.04791666666666667
cl3l9sm3z000g3r6c1mykp9ux 0 0.64296875 0.27395833333333336 0.0453125 0.04791666666666667
cl3l9sy3p000o3r6crvrc7d5m 0 0.4515625 0.20625 0.03125 0.041666666666666664
cl3l9tkl700143r6cq9zyswc2 0 0.86328125 0.290625 0.03125 0.03958333333333333
cl3l9tprg00183r6cl2w8qg4a 0 0.87890625 0.1684403153153153 0.0390625 0.04791666666666667
cl3l9tt8f001c3r6cq5l0hgob 0 0.79765625 0.2791666666666667 0.0359375 0.05416666666666667
cl3l9txy6001g3r6cnd2gffxo 0 0.9726369382022473 0.15470037453183522 0.03125 0.041666666666666664
cl3l9u18k001k3r6cped3icrn 0 0.81171875 0.11613782051282051 0.0359375 0.03958333333333333
cl3l9u93r001s3r6cuhg8mdgx 0 0.7647115384615384 0.17342948717948717 0.0375 0.04583333333333333
cl3l9ufmk001w3r6cyq89vzx6 0 0.2376383326306914 0.6573531478358628 0.0390625 0.05
cl3l9uk3h00203r6ct590m8al 0 0.21640625 0.9739583333333334 0.0390625 0.04375
cl3l9vsu400243r6ctqrm7alj 0 0.1945358727810651 0.6254499506903353 0.03750000000000002 0.052083333333333336
cl3la1b35002g3r6cs234lja3 0 0.08515625 0.029166666666666667 0.0328125 0.041666666666666664
cl3laaxqk002o3r6c9tmx16ej 0 0.529296875 0.8760416666666667 0.0328125 0.04375
cl3lahq71002s3r6cswrlo9yb 0 0.9770833333333334 0.8197916666666667 0.0375 0.04791666666666667
cl3lavkqa00343r6cfbfc0lnk 0 0.87734375 0.704861111111111 0.0328125 0.041666666666666664
cl3laz8qa003c3r6c1i29k66e 0 0.842578125 0.9473958333333333 0.0296875 0.041666666666666664
cl3lbbdjg003g3r6c47a043gz 2 0.17734375 0.22083333333333333 0.0265625 0.04583333333333333
cl3lhgwiz00443r6cqe7vvf2k 0 0.49609375 0.2635416666666667 0.0609375 0.08125
cl522yttk000b3r6gtxj0zvyx 2 0.42736251876876874 0.3510541791791792 0.0296875 0.04375
cl522zdjv000f3r6gd65erki8 2 0.05390625 0.40625 0.0203125 0.03333333333333333
