ckz3vwyqh000r3867ejpqrh3v 0 0.17826900921658986 0.16666666666666666 0.025 0.03333333333333333
cl3l9s21y00043r6c9z22mg77 0 0.25751475977198696 0.09751967969598262 0.031845480456026067 0.04246064060803474
cl3l9sbf400083r6cvbbylvw8 2 0.06171875 0.26857638888888885 0.034375 0.0458333333333333
cl3l9sibg000c3r6cny8ys6gz 0 0.1925951086956522 0.23843297101449276 0.03125000000000002 0.04791666666666667
cl3l9sm3z000g3r6c1mykp9ux 0 0.64296875 0.27395833333333336 0.0453125 0.04791666666666667
cl3l9sy3p000o3r6crvrc7d5m 0 0.6258680555555556 0.4486111111111111 0.03125 0.041666666666666664
cl3l9tkl700143r6cq9zyswc2 0 0.7849264705882353 0.3503063725490196 0.02922794117647056 0.036887254901960806
cl3l9tprg00183r6cl2w8qg4a 0 0.8993412990196079 0.21807598039215687 0.0390625 0.04791666666666667
cl3l9tt8f001c3r6cq5l0hgob 0 0.79765625 0.2791666666666667 0.0359375 0.05416666666666667
cl3l9txy6001g3r6cnd2gffxo 0 0.9718012640449437 0.1552574906367041 0.03125 0.041666666666666664
cl3l9u18k001k3r6cped3icrn 0 0.81171875 0.11804487179487179 0.0359375 0.03958333333333332
cl3l9u93r001s3r6cuhg8mdgx 0 0.7651883012820513 0.17533653846153846 0.0375 0.04583333333333333
cl3l9ufmk001w3r6cyq89vzx6 0 0.23857899451939293 0.6577712197863969 0.0390625 0.05
cl3l9uk3h00203r6ct590m8al 0 0.21640625 0.9739583333333334 0.0390625 0.04375
cl3l9vsu400243r6ctqrm7alj 0 0.1984269425675676 0.6322775900900901 0.03281250000000002 0.04583333333333333
cl3la1b35002g3r6cs234lja3 0 0.08351706288343558 0.029895194274028633 0.0328125 0.041666666666666664
cl3laaxqk002o3r6c9tmx16ej 0 0.48390625 0.770625 0.0328125 0.04375
cl3lahq71002s3r6cswrlo9yb 0 0.66328125 0.9723958333333333 0.028125 0.03333333333333333
cl3laibb1002w3r6c307znhv3 0 0.3546875 0.9916666666666667 0.0171875 0.016666666666666666
cl3lhgwiz00443r6cqe7vvf2k 0 0.49609375 0.2635416666666667 0.0609375 0.08125
cl522yttk000b3r6gtxj0zvyx 2 0.4284792605105105 0.3517986736736737 0.0296875 0.04375
cl522zdjv000f3r6gd65erki8 2 0.05390625 0.40625 0.0203125 0.03333333333333333
