ckz3vwyqh000r3867ejpqrh3v 0 0.1697048611111111 0.15146604938271607 0.0296875 0.03750000000000001
cl3l9s21y00043r6c9z22mg77 0 0.2546331091772152 0.08922072784810127 0.0328125 0.04375
cl3l9sibg000c3r6cny8ys6gz 0 0.17642045454545455 0.2515151515151515 0.03125 0.047916666666666635
cl3l9sm3z000g3r6c1mykp9ux 0 0.64296875 0.27395833333333336 0.0453125 0.04791666666666667
cl3l9tprg00183r6cl2w8qg4a 0 0.92109375 0.078125 0.0390625 0.04791666666666667
cl3l9tt8f001c3r6cq5l0hgob 0 0.79765625 0.2791666666666667 0.0359375 0.05416666666666667
cl3l9txy6001g3r6cnd2gffxo 0 0.9734375 0.15416666666666667 0.03125 0.041666666666666664
cl3l9u18k001k3r6cped3icrn 0 0.81171875 0.11354166666666667 0.0359375 0.03958333333333333
cl3l9u93r001s3r6cuhg8mdgx 0 0.7640625 0.17083333333333334 0.0375 0.04583333333333333
cl3l9ufmk001w3r6cyq89vzx6 0 0.23548034359190556 0.6563940415964026 0.0390625 0.05
cl3l9uk3h00203r6ct590m8al 0 0.21640625 0.9739583333333334 0.0390625 0.04375
cl3l9vsu400243r6ctqrm7alj 0 0.18570173816568047 0.6187191814595661 0.0375 0.052083333333333336
cl3la1b35002g3r6cs234lja3 0 0.08515625 0.029166666666666667 0.0328125 0.041666666666666664
cl3laz8qa003c3r6c1i29k66e 0 0.9716145833333334 0.5902777777777778 0.0296875 0.041666666666666664
cl3lbbdjg003g3r6c47a043gz 2 0.29453125 0.096875 0.0296875 0.035416666666666666
cl3lbiy6y003k3r6cyt6mkxog 0 0.37609375 0.9034375 0.0328125 0.0375
cl3lhgwiz00443r6cqe7vvf2k 0 0.49609375 0.2635416666666667 0.0609375 0.08125
cl522yttk000b3r6gtxj0zvyx 2 0.4248005818318318 0.3493462212212212 0.0296875 0.04375
cl522zdjv000f3r6gd65erki8 2 0.05390625 0.40625 0.0203125 0.03333333333333333
