cl3lhiipm00483r6clbu4zwd5 0 0.23356481481481478 0.24020061728395062 0.034375 0.0375
cl3lhilws004c3r6ca6zqy1gw 0 0.32228618421052635 0.13371710526315791 0.034375 0.05000000000000002
cl3lhip0q004g3r6cy4brw621 0 0.3524816176470588 0.17113970588235292 0.025 0.041666666666666664
cl3lhiryb004k3r6c6jpvvzx5 0 0.1109375 0.36928353658536583 0.040625 0.04375
cl3lhixat004o3r6c883m96qx 0 0.09412615740740742 0.49429012345679013 0.039062500000000014 0.05416666666666667
cl3lhj2kj004s3r6cqx38u696 0 0.33848958333333334 0.37993055555555555 0.0296875 0.04375
cl3lhj62w004w3r6cfpkevjre 0 0.3952604166666666 0.7772916666666667 0.035937499999999956 0.03958333333333333
cl3lhjaff00503r6cfhg41lbh 0 0.39776041666666667 0.6788888888888889 0.0296875 0.041666666666666664
cl3lhjg4e00543r6cwf7i8tpf 0 0.7795 0.20616666666666666 0.0375 0.0375
cl3lhjl0700583r6c98dy5l90 0 0.7618546195652174 0.10380434782608697 0.0359375 0.0375
cl3lhjozs005c3r6c6a8yc1mi 0 0.77265625 0.225 0.0359375 0.04583333333333333
cl3lhk205005k3r6cci1nhbg5 0 0.7622688609467455 0.5891333826429981 0.034375 0.03958333333333333
cl3lhk6ae005o3r6cuxdrdr7u 0 0.86953125 0.703125 0.0515625 0.05625
cl3lhkh4n005w3r6c4bqrr6nr 0 0.64171875 0.9086805555555556 0.0296875 0.04375
cl3lhkkd000603r6c4cm2omfx 0 0.6734375 0.7515719696969697 0.046875 0.04791666666666667
cl3lhkr9100643r6c07670105 0 0.8419270833333334 0.5479166666666667 0.0296875 0.041666666666666664
cl3lhkukf00683r6cqecge7xc 0 0.925 0.6083333333333333 0.0375 0.0375
cl3lhkz8h006c3r6cua0q7ub0 0 0.91796875 0.22708333333333333 0.0296875 0.03333333333333333
cl3lhl5xp006h3r6cniqq2oe4 0 0.91328125 0.20104166666666667 0.0296875 0.03958333333333333
cl3lhlbnd006l3r6cx5itn41y 0 0.93125 0.19895833333333332 0.034375 0.0375
cl3lhlj64006p3r6ctw3z14pj 2 0.75390625 0.48020833333333335 0.0328125 0.035416666666666666
cl3lhmswg006u3r6cin3gjk6l 0 0.07803819444444444 0.5442515432098766 0.0296875 0.03541666666666673
cl3lhnipf006y3r6c9iuye03v 0 0.29786931818181817 0.34270833333333334 0.028125 0.03958333333333333
cl3li3r1200723r6cali2onlm 0 0.9604166666666666 0.47951388888888885 0.028125 0.035416666666666666
cl3li4a0i00763r6csy6hcc2f 0 0.9328125 0.9384722222222222 0.028125 0.03333333333333333
