ckz3vwyqh000r3867ejpqrh3v 0 0.17884615384615385 0.16049679487179486 0.0296875 0.0375
cl3l9s21y00043r6c9z22mg77 0 0.2557861328125 0.09521484375 0.0328125 0.04375
cl3l9sibg000c3r6cny8ys6gz 0 0.18638698630136985 0.253125 0.03124999999999998 0.04791666666666667
cl3l9sm3z000g3r6c1mykp9ux 0 0.64296875 0.27395833333333336 0.0453125 0.04791666666666667
cl3l9sy3p000o3r6crvrc7d5m 0 0.2734375 0.10138888888888889 0.03125 0.041666666666666664
cl3l9tkl700143r6cq9zyswc2 0 0.9765625 0.26631944444444444 0.03125 0.039583333333333366
cl3l9tprg00183r6cl2w8qg4a 0 0.8780598958333334 0.17309027777777777 0.0390625 0.04791666666666667
cl3l9tt8f001c3r6cq5l0hgob 0 0.79765625 0.2791666666666667 0.0359375 0.05416666666666667
cl3l9txy6001g3r6cnd2gffxo 0 0.973184691011236 0.15433520599250936 0.03125 0.041666666666666664
cl3l9u18k001k3r6cped3icrn 0 0.81171875 0.11488782051282052 0.0359375 0.039583333333333345
cl3l9u93r001s3r6cuhg8mdgx 0 0.7643990384615384 0.1721794871794872 0.0375 0.04583333333333333
cl3l9ufmk001w3r6cyq89vzx6 0 0.23702176433389543 0.6570791174817313 0.0390625 0.05
cl3l9uk3h00203r6ct590m8al 0 0.21640625 0.9739583333333334 0.0390625 0.04375
cl3l9vsu400243r6ctqrm7alj 0 0.19201183431952665 0.6235268737672583 0.03750000000000002 0.052083333333333336
cl3la1b35002g3r6cs234lja3 0 0.08515625 0.029166666666666667 0.0328125 0.041666666666666664
cl3lavkqa00343r6cfbfc0lnk 0 0.84109375 0.9520833333333333 0.0328125 0.041666666666666664
cl3laz8qa003c3r6c1i29k66e 0 0.8731770833333334 0.8395833333333333 0.0296875 0.041666666666666664
cl3lbbdjg003g3r6c47a043gz 2 0.16953125 0.15625 0.0296875 0.04583333333333333
cl3lbiy6y003k3r6cyt6mkxog 0 0.38469669117647054 0.9792892156862745 0.03281249999999995 0.0375
cl3lbocc0003o3r6cz9of8unl 0 0.934375 0.011458333333333333 0.025 0.022916666666666665
cl3lhgwiz00443r6cqe7vvf2k 0 0.49609375 0.2635416666666667 0.0609375 0.08125
cl522yttk000b3r6gtxj0zvyx 2 0.42663053678678675 0.3505661911911912 0.0296875 0.04375
cl522zdjv000f3r6gd65erki8 2 0.05390625 0.40625 0.0203125 0.03333333333333333
