cl3lhiipm00483r6clbu4zwd5 0 0.5451704545454545 0.7484848484848484 0.034375 0.0375
cl3lhilws004c3r6ca6zqy1gw 0 0.4040178571428571 0.11517857142857144 0.034374999999999954 0.05000000000000002
cl3lhip0q004g3r6cy4brw621 0 0.2375 0.32976190476190476 0.025 0.041666666666666664
cl3lhiryb004k3r6c6jpvvzx5 0 0.10825485159817352 0.36204813546423137 0.040625 0.04375
cl3lhixat004o3r6c883m96qx 0 0.09453125 0.49375 0.0390625 0.05416666666666667
cl3lhj2kj004s3r6cqx38u696 0 0.31685267857142857 0.3415178571428571 0.0296875 0.04375
cl3lhj62w004w3r6cfpkevjre 0 0.3541294642857143 0.890327380952381 0.0359375 0.03958333333333333
cl3lhjaff00503r6cfhg41lbh 0 0.4083470394736842 0.6616228070175438 0.029687500000000044 0.041666666666666664
cl3lhjl0700583r6c98dy5l90 0 0.7532684948979591 0.09681122448979591 0.0359375 0.0375
cl3lhjozs005c3r6c6a8yc1mi 0 0.77265625 0.225 0.0359375 0.04583333333333333
cl3lhk205005k3r6cci1nhbg5 0 0.7721754807692307 0.624599358974359 0.034375 0.03958333333333333
cl3lhk6ae005o3r6cuxdrdr7u 0 0.86953125 0.703125 0.0515625 0.05625
cl3lhkh4n005w3r6c4bqrr6nr 0 0.63203125 0.7486607142857142 0.0296875 0.04375
cl3lhkkd000603r6c4cm2omfx 0 0.6700216876971609 0.7510416666666667 0.046875 0.04791666666666667
cl3lhkr9100643r6c07670105 0 0.6031960227272728 0.5645833333333333 0.0296875 0.041666666666666664
cl3lhkukf00683r6cqecge7xc 0 0.925 0.6083333333333333 0.0375 0.0375
cl3lhkz8h006c3r6cua0q7ub0 0 0.91796875 0.22708333333333333 0.0296875 0.03333333333333333
cl3lhl5xp006h3r6cniqq2oe4 0 0.91328125 0.20104166666666667 0.0296875 0.03958333333333333
cl3lhlj64006p3r6ctw3z14pj 2 0.75390625 0.48020833333333335 0.0328125 0.035416666666666666
cl3lhnipf006y3r6c9iuye03v 0 0.2850446428571428 0.26681547619047624 0.028125 0.039583333333333366
cl3li3r1200723r6cali2onlm 0 0.77109375 0.6041666666666666 0.028125 0.0375
cl3liq9gt007m3r6c37qu2a3z 0 0.898858173076923 0.262900641025641 0.0234375 0.039583333333333304
