0 0.13385416666666666 0.30763888888888885 0.0375 0.058333333333333334
0 0.14921875 0.434375 0.0359375 0.04791666666666667
0 0.20739182692307692 0.4801816239316239 0.0453125 0.058333333333333334
0 0.11541193181818181 0.3768939393939394 0.04218749999999999 0.058333333333333334
0 0.9125710227272726 0.5105113636363636 0.0421875 0.06041666666666672
0 0.62578125 0.3333333333333333 0.0484375 0.0625
0 0.8014300847457626 0.47973163841807914 0.04687499999999991 0.075
0 0.70546875 0.8072916666666666 0.0546875 0.07291666666666667
0 0.47229779411764705 0.7595710784313726 0.046875 0.06875
0 0.5868546195652173 0.5515851449275362 0.0390625 0.060416666666666605
0 0.7046875 0.08712121212121213 0.040625 0.05000000000000001
0 0.9623437499999999 0.3416666666666667 0.0390625 0.058333333333333334
