0 0.052500000000000005 0.22833333333333333 0.0375 0.058333333333333334
0 0.17495293674698795 0.3627886546184739 0.0359375 0.04791666666666667
0 0.20416666666666666 0.47604166666666664 0.04531249999999998 0.058333333333333334
0 0.37328125 0.46416666666666667 0.0421875 0.058333333333333334
0 0.59609375 0.49895833333333334 0.0421875 0.06041666666666667
0 0.62578125 0.3333333333333333 0.0484375 0.0625
0 0.839480198019802 0.4653877887788779 0.046875 0.075
0 0.8359375 0.23854166666666668 0.0375 0.05625
0 0.22484375 0.9691666666666666 0.0578125 0.058333333333333334
0 0.7079308712121212 0.8072916666666666 0.0546875 0.07291666666666667
0 0.4953125 0.7291462418300654 0.046875 0.06875
0 0.38453125000000005 0.11895833333333332 0.03906250000000004 0.06041666666666665
0 0.7625 0.023076923076923075 0.040625 0.04326923076923076
