0 0.37578125 0.6416666666666667 0.0359375 0.04791666666666667
0 0.10390625 0.7455729166666667 0.0359375 0.04791666666666667
0 0.2 0.8270833333333333 0.0453125 0.06666666666666667
0 0.37064732142857143 0.23705357142857145 0.0390625 0.05625
2 0.3911886867088608 0.20233386075949367 0.035937500000000046 0.052083333333333336
0 0.4576907467532467 0.31029491341991344 0.0375 0.052083333333333336
0 0.6296875 0.4864583333333333 0.04375 0.06041666666666667
0 0.078125 0.42083333333333334 0.0421875 0.058333333333333334
0 0.7308388157894737 0.042708333333333334 0.0375 0.05625
0 0.87265625 0.15520833333333334 0.0421875 0.06458333333333334
0 0.35299673507462687 0.6240360696517413 0.0421875 0.058333333333333334
0 0.4521701388888889 0.6065972222222222 0.0390625 0.052083333333333336
0 0.3099703577170418 0.5356645230439443 0.0328125 0.05
0 0.4765625 0.45729166666666665 0.0390625 0.05
2 0.3347458964646465 0.4523358585858586 0.0390625 0.05416666666666667
0 0.803125 0.9354166666666667 0.040625 0.058333333333333334
0 0.7040865384615385 0.8644230769230768 0.034375 0.05
