0 0.38515625 0.6283564814814814 0.0359375 0.04791666666666667
0 0.10703125 0.7425347222222223 0.0359375 0.04791666666666667
0 0.20063920454545453 0.83125 0.0453125 0.06666666666666667
0 0.3724247685185185 0.24355709876543213 0.0390625 0.05625000000000003
2 0.39621394230769236 0.2076121794871795 0.035937500000000046 0.052083333333333336
0 0.4611584595959596 0.3134680134680135 0.0375 0.052083333333333336
0 0.9532670454545455 0.48967803030303025 0.040625 0.05625
0 0.640625 0.4597537878787879 0.04375 0.06041666666666667
0 0.17947443181818185 0.4354166666666667 0.042187500000000024 0.058333333333333334
0 0.7126420454545455 0.04744318181818182 0.0375 0.05625
0 0.8917534722222221 0.16469907407407408 0.0421875 0.06458333333333334
0 0.3540928171641791 0.6189210199004975 0.0421875 0.058333333333333334
0 0.4493923611111111 0.5880787037037037 0.0390625 0.052083333333333336
0 0.3123316921221865 0.532516077170418 0.0328125 0.05
0 0.4409801136363637 0.46041666666666664 0.0390625 0.05
2 0.34216382575757576 0.45530303030303027 0.0390625 0.05416666666666667
0 0.803125 0.9354166666666667 0.040625 0.058333333333333334
0 0.7142361111111111 0.8642746913580247 0.034375 0.05
