0 0.34273011363636363 0.2544848484848485 0.0453125 0.0625
0 0.509939236111111 0.21524884259259258 0.04375 0.06458333333333334
0 0.7895860180412371 0.03333333333333333 0.04843749999999991 0.06666666666666667
0 0.6921875 0.8927083333333333 0.04375 0.06041666666666667
0 0.8457812499999999 0.7887500000000001 0.0453125 0.06666666666666667
0 0.3078125 0.81875 0.04375 0.06666666666666667
0 0.22953125000000002 0.423125 0.0390625 0.06041666666666667
0 0.28423295454545455 0.5666666666666667 0.04375 0.06666666666666667
0 0.009375 0.9791666666666666 0.01875 0.03333333333333333
0 0.05859375 0.9802083333333333 0.0421875 0.03958333333333333
0 0.73703125 0.22791666666666668 0.0421875 0.06458333333333334
