0 0.3404630681818182 0.2575075757575757 0.0453125 0.06249999999999997
0 0.5041666666666667 0.21909722222222222 0.04375 0.06458333333333334
0 0.7754340277777778 0.03333333333333333 0.0484375 0.06666666666666667
0 0.6921875 0.8927083333333333 0.04375 0.06041666666666667
0 0.7959578804347827 0.764945652173913 0.0453125 0.06666666666666667
0 0.3078125 0.81875 0.04375 0.06666666666666667
0 0.24622961956521738 0.3046648550724637 0.0390625 0.06041666666666667
0 0.2610383064516129 0.5666666666666667 0.04375 0.06666666666666667
0 0.009375 0.9791666666666666 0.01875 0.03333333333333333
0 0.05859375 0.9802083333333333 0.0421875 0.03958333333333333
0 0.5923611111111111 0.030671296296296294 0.04375 0.06134259259259259
0 0.9463994565217391 0.6765851449275362 0.04375 0.06875
