0 0.17276785714285714 0.2833333333333333 0.0375 0.058333333333333334
0 0.14921875 0.434375 0.0359375 0.04791666666666667
0 0.20546875 0.4670343137254902 0.0453125 0.058333333333333334
0 0.05613839285714286 0.38363095238095235 0.0421875 0.058333333333333334
0 0.97890625 0.4629464285714286 0.0421875 0.06041666666666667
0 0.62578125 0.3333333333333333 0.0484375 0.0625
0 0.796875 0.48125 0.046875 0.075
0 0.70546875 0.8072916666666666 0.0546875 0.07291666666666667
0 0.4703125 0.7635416666666667 0.046875 0.06875
0 0.61484375 0.6299107142857142 0.0390625 0.06041666666666667
0 0.659375 0.07023809523809524 0.040625 0.05
0 0.9682581018518519 0.33603395061728397 0.0390625 0.058333333333333334
0 0.01328125 0.3144345238095238 0.0265625 0.06875
