0 0.409765625 0.6016666666666667 0.0359375 0.04791666666666667
0 0.09779211956521738 0.7428894927536231 0.03593749999999999 0.04791666666666667
0 0.21970486111111112 0.8474537037037037 0.0453125 0.06666666666666667
0 0.37866138059701493 0.24319029850746265 0.0390625 0.056249999999999974
2 0.4177623820754717 0.20072720125786164 0.0359375 0.052083333333333336
0 0.46453598484848485 0.31234217171717177 0.0375 0.052083333333333336
0 0.7534375 0.445625 0.040625 0.05625
0 0.6306919642857143 0.425 0.04375 0.06041666666666667
0 0.40984375 0.45041666666666663 0.0421875 0.058333333333333334
0 0.7067708333333333 0.078125 0.0375 0.05625
0 0.9250756048387097 0.18874327956989248 0.0421875 0.06458333333333334
0 0.35070684523809526 0.6236111111111111 0.0421875 0.058333333333333334
0 0.4621723790322581 0.5723454301075269 0.0390625 0.052083333333333336
0 0.3178799715909091 0.5251183712121212 0.0328125 0.05
0 0.37765624999999997 0.4845833333333333 0.0390625 0.05
2 0.34621875 0.44616666666666666 0.0390625 0.05416666666666667
0 0.803125 0.9354166666666667 0.040625 0.058333333333333334
0 0.7278125 0.8563541666666666 0.034375 0.05
