0 0.34061647727272726 0.2573030303030303 0.0453125 0.0625
0 0.5045572916666667 0.21883680555555557 0.04375 0.06458333333333334
0 0.7763939950980392 0.03333333333333333 0.0484375 0.06666666666666667
0 0.6921875 0.8927083333333333 0.04375 0.06041666666666667
0 0.8015625 0.7677083333333333 0.0453125 0.06666666666666667
0 0.3078125 0.81875 0.04375 0.06666666666666667
0 0.249609375 0.3151041666666667 0.0390625 0.06041666666666667
0 0.26217237903225804 0.5666666666666667 0.04375 0.06666666666666667
0 0.009375 0.9791666666666666 0.01875 0.03333333333333333
0 0.05859375 0.9802083333333333 0.0421875 0.03958333333333333
0 0.601953125 0.0390625 0.04375 0.06458333333333334
0 0.9546875 0.6630208333333333 0.04375 0.06875
