0 0.3394403409090909 0.2588712121212121 0.0453125 0.0625
0 0.503125 0.21979166666666666 0.04375 0.06458333333333334
0 0.7702256944444444 0.03333333333333333 0.0484375 0.06666666666666667
0 0.6921875 0.8927083333333333 0.04375 0.06041666666666667
0 0.764483173076923 0.7684294871794872 0.0453125 0.06666666666666667
0 0.3078125 0.81875 0.04375 0.06666666666666667
0 0.24435096153846153 0.24302884615384618 0.039423076923076915 0.06041666666666667
0 0.25338541666666664 0.570486111111111 0.04375 0.06666666666666667
0 0.009375 0.9791666666666666 0.01875 0.03333333333333333
0 0.05859375 0.9802083333333333 0.0421875 0.03958333333333333
0 0.9087740384615385 0.7885416666666667 0.04375 0.06458333333333334
0 0.11796875 0.9725694444444444 0.04375 0.05
0 0.019419642857142854 0.7528273809523809 0.0375 0.06458333333333334
