0 0.08370535714285714 0.1705357142857143 0.0375 0.058333333333333334
0 0.14921875 0.42699404761904763 0.0359375 0.04791666666666667
0 0.20321817660550462 0.47521024464831807 0.04531250000000002 0.058333333333333334
0 0.18125 0.390625 0.0421875 0.058333333333333334
0 0.8356026785714287 0.5796130952380952 0.0421875 0.06041666666666667
0 0.62578125 0.3333333333333333 0.0484375 0.0625
0 0.8085275423728813 0.4773658192090396 0.046875 0.075
0 0.70546875 0.8072916666666666 0.0546875 0.07291666666666667
0 0.4767141990291262 0.7551072006472491 0.046875 0.06875
0 0.5449776785714285 0.4459821428571429 0.0390625 0.06041666666666667
0 0.6933035714285715 0.07559523809523809 0.040625 0.05
0 0.970486111111111 0.33391203703703703 0.0390625 0.058333333333333334
