0 0.09765625 0.2111111111111111 0.0375 0.058333333333333334
0 0.14921875 0.4292559523809524 0.0359375 0.04791666666666667
0 0.20376290137614678 0.473394495412844 0.0453125 0.058333333333333334
0 0.16083984375 0.383203125 0.0421875 0.058333333333333334
0 0.8486328125 0.5494791666666666 0.0421875 0.06041666666666667
0 0.62578125 0.3333333333333333 0.0484375 0.0625
0 0.8065148305084746 0.4780367231638418 0.046875 0.075
0 0.70546875 0.8072916666666666 0.0546875 0.07291666666666667
0 0.4749848300970874 0.7562601132686084 0.046875 0.06875
0 0.5500868055555556 0.4756944444444445 0.0390625 0.06041666666666667
0 0.6793402777777777 0.06689814814814815 0.040625 0.05000000000000001
0 0.9681770833333333 0.33611111111111114 0.0390625 0.058333333333333334
