0 0.09895833333333333 0.21180555555555555 0.03749999999999999 0.058333333333333334
0 0.1782285391566265 0.3547816265060241 0.0359375 0.04791666666666667
0 0.19765625 0.45729166666666665 0.0453125 0.058333333333333334
0 0.384375 0.5041666666666667 0.0421875 0.058333333333333334
0 0.55 0.478125 0.0421875 0.06041666666666667
0 0.62578125 0.3333333333333333 0.0484375 0.0625
0 0.8417233910891089 0.4629950495049505 0.046875 0.075
0 0.83515625 0.17916666666666667 0.0375 0.05625
0 0.2354403409090909 0.96875 0.0578125 0.058333333333333334
0 0.7084801136363637 0.8072916666666666 0.0546875 0.07291666666666667
0 0.4953125 0.7196691176470588 0.046875 0.06875
0 0.36796875 0.08333333333333333 0.0390625 0.06041666666666667
