0 0.05950520833333334 0.1204861111111111 0.037500000000000006 0.05833333333333332
0 0.1525390625 0.4119791666666667 0.0359375 0.04791666666666667
0 0.20132597477064218 0.48151758409785933 0.04531249999999998 0.058333333333333334
0 0.23125 0.4171875 0.0421875 0.058333333333333334
0 0.842578125 0.6548611111111111 0.0421875 0.06041666666666667
0 0.62578125 0.3333333333333333 0.0484375 0.0625
0 0.8150986842105263 0.4745394736842105 0.046875 0.075
0 0.70546875 0.8072916666666666 0.0546875 0.07291666666666667
0 0.4827214805825243 0.7511023462783172 0.046875 0.06875
0 0.5235677083333333 0.3625 0.0390625 0.06041666666666667
0 0.69453125 0.03697916666666667 0.040625 0.04583333333333333
0 0.9801257621951219 0.3263719512195122 0.0390625 0.058333333333333334
