0 0.3440167682926829 0.2530487804878049 0.0453125 0.0625
0 0.511501736111111 0.21420717592592592 0.04375 0.06458333333333334
0 0.7913257087628865 0.03333333333333333 0.0484375 0.06666666666666667
0 0.6921875 0.8927083333333333 0.04375 0.06041666666666667
0 0.845703125 0.8044270833333333 0.0453125 0.06666666666666667
0 0.3078125 0.81875 0.04375 0.06666666666666667
0 0.24453125 0.46145833333333336 0.0390625 0.06041666666666667
0 0.2867897727272727 0.5666666666666667 0.04375 0.06666666666666667
0 0.009375 0.9791666666666666 0.01875 0.03333333333333333
0 0.05859375 0.9802083333333333 0.0421875 0.03958333333333333
0 0.770703125 0.28489583333333335 0.0421875 0.06458333333333334
