0 0.07604166666666666 0.22291666666666668 0.0375 0.058333333333333334
0 0.17698606927710842 0.3578187751004016 0.0359375 0.04791666666666667
0 0.20152529761904764 0.4607142857142857 0.0453125 0.058333333333333334
0 0.3692708333333333 0.4895833333333333 0.0421875 0.058333333333333334
0 0.55078125 0.5010416666666667 0.0421875 0.06041666666666667
0 0.62578125 0.3333333333333333 0.0484375 0.0625
0 0.8408725247524753 0.46390264026402644 0.046875 0.075
0 0.853125 0.19479166666666667 0.0375 0.05625
0 0.23023200757575757 0.96875 0.0578125 0.058333333333333334
0 0.7082717803030303 0.8072916666666666 0.0546875 0.07291666666666667
0 0.4953125 0.7232638888888889 0.046875 0.06875
0 0.36811755952380953 0.10133928571428572 0.0390625 0.06041666666666667
0 0.7484375 0.01875 0.040625 0.0375
