0 0.37265625 0.6906968390804598 0.0359375 0.04791666666666667
0 0.09706864316239316 0.7469996438746438 0.0359375 0.04791666666666667
0 0.18546875 0.8202777777777778 0.04531249999999998 0.06666666666666667
0 0.36796875 0.240625 0.0390625 0.05625
2 0.36350446428571426 0.20342261904761905 0.0359375 0.052083333333333336
0 0.4546875 0.3072916666666667 0.0375 0.052083333333333336
0 0.6327702702702702 0.5473817567567567 0.04375 0.060416666666666605
0 0.85849609375 0.08723958333333333 0.0421875 0.06458333333333334
0 0.34765625 0.6166666666666667 0.0421875 0.058333333333333334
0 0.45223958333333336 0.6124305555555555 0.0390625 0.052083333333333336
0 0.30198201366559485 0.5463156484458734 0.0328125 0.04999999999999994
0 0.5596494932432432 0.42083333333333334 0.0390625 0.05
2 0.3088077910958904 0.45416666666666666 0.0390625 0.05416666666666667
0 0.803125 0.9354166666666667 0.040625 0.058333333333333334
0 0.6735906862745098 0.8770016339869281 0.034375 0.05
0 0.533203125 0.09765625 0.04375 0.052083333333333336
0 0.7015625 0.9265625 0.05 0.05963541666666667
