0 0.20734375 0.2916666666666667 0.042187499999999975 0.06666666666666667
0 0.35234375 0.24583333333333332 0.0453125 0.0625
0 0.531366604477612 0.20579912935323383 0.04375 0.06458333333333334
0 0.8002657860824742 0.03333333333333333 0.0484375 0.06666666666666667
0 0.6921875 0.8927083333333333 0.04375 0.06041666666666667
0 0.88984375 0.8929166666666667 0.0453125 0.06666666666666667
0 0.3078125 0.81875 0.04375 0.06666666666666667
0 0.25593750000000004 0.5927083333333333 0.0375 0.06041666666666667
0 0.3164179104477612 0.5471703980099503 0.04375 0.06666666666666672
0 0.009375 0.9791666666666666 0.01875 0.03333333333333333
0 0.05859375 0.9802083333333333 0.0421875 0.03958333333333333
