0 0.34606516768292683 0.2508638211382114 0.0453125 0.06249999999999997
0 0.5147590361445783 0.2115336345381526 0.04375 0.06458333333333334
0 0.7934036726804123 0.03333333333333333 0.0484375 0.06666666666666667
0 0.6921875 0.8927083333333333 0.04375 0.06041666666666667
0 0.8673108552631579 0.8218201754385964 0.0453125 0.06666666666666667
0 0.3078125 0.81875 0.04375 0.06666666666666667
0 0.22948190789473685 0.47834429824561403 0.0390625 0.06041666666666667
0 0.29381377551020404 0.5610544217687075 0.04375 0.06666666666666667
0 0.009375 0.9791666666666666 0.01875 0.03333333333333333
0 0.05859375 0.9802083333333333 0.0421875 0.03958333333333333
0 0.8274259868421053 0.34424342105263156 0.0421875 0.06458333333333334
