0 0.14296875 0.33958333333333335 0.0421875 0.06666666666666667
0 0.3505907012195122 0.24603658536585366 0.0453125 0.0625
0 0.5288318452380952 0.21071428571428572 0.04375 0.06458333333333334
0 0.7979945231958763 0.03333333333333333 0.04843749999999991 0.06666666666666667
0 0.6921875 0.8927083333333333 0.04375 0.06041666666666667
0 0.89072265625 0.8666015625 0.0453125 0.06666666666666667
0 0.3078125 0.81875 0.04375 0.06666666666666667
0 0.24513221153846154 0.5505608974358974 0.0390625 0.06041666666666667
0 0.30857954545454547 0.5522727272727272 0.04375 0.06666666666666661
0 0.009375 0.9791666666666666 0.01875 0.03333333333333333
0 0.05859375 0.9802083333333333 0.0421875 0.03958333333333333
0 0.9631610576923076 0.43806089743589743 0.0421875 0.06458333333333334
