0 0.06059027777777778 0.09768518518518518 0.0375 0.058333333333333334
0 0.15967548076923077 0.393349358974359 0.0359375 0.04791666666666667
0 0.18828125 0.4784438775510204 0.0453125 0.058333333333333334
0 0.2698918269230769 0.4564102564102564 0.0421875 0.058333333333333334
0 0.74375 0.6375 0.0421875 0.06041666666666667
0 0.62578125 0.3333333333333333 0.0484375 0.0625
0 0.8252475247524753 0.4720503300330033 0.046875 0.075
0 0.96171875 0.25625 0.0375 0.05625
0 0.705563446969697 0.8072916666666666 0.0546875 0.07291666666666667
0 0.4890625 0.7447916666666666 0.046875 0.06875
0 0.46293402777777776 0.26956018518518515 0.0390625 0.06041666666666667
0 0.98046875 0.3318627450980392 0.0390625 0.058333333333333334
