0 0.4284598214285714 0.5859821428571428 0.0359375 0.04791666666666667
0 0.09585336538461538 0.7532852564102565 0.03593749999999999 0.04791666666666667
0 0.2019831730769231 0.8451923076923077 0.0453125 0.06666666666666667
0 0.3854215801886792 0.2394064465408805 0.0390625 0.05625
2 0.43164799528301884 0.20147405660377357 0.0359375 0.052083333333333336
0 0.46684027777777776 0.31157407407407406 0.0375 0.052083333333333336
0 0.6053977272727272 0.403125 0.040625 0.05625
0 0.6171052631578948 0.4166118421052632 0.04375 0.06041666666666667
0 0.5605823863636363 0.5119318181818182 0.0421875 0.05833333333333339
0 0.6957386363636363 0.11751893939393938 0.034375 0.05625
0 0.9516858552631579 0.19621710526315791 0.0421875 0.06458333333333334
0 0.3572916666666667 0.6210069444444444 0.0359375 0.04375
0 0.4686197916666667 0.5868055555555556 0.0296875 0.052083333333333336
0 0.3271875 0.5175 0.0328125 0.04999999999999994
0 0.34968750000000004 0.5089583333333334 0.0390625 0.05
2 0.3618876689189189 0.4502252252252252 0.0390625 0.05416666666666667
0 0.803125 0.9354166666666667 0.040625 0.058333333333333334
0 0.7409821428571429 0.8489880952380953 0.034375 0.05
