0 0.078125 0.21458333333333332 0.0375 0.058333333333333334
0 0.17721197289156626 0.3572665662650602 0.0359375 0.04791666666666667
0 0.20122767857142856 0.4589285714285714 0.04531249999999998 0.058333333333333334
0 0.371875 0.49375 0.0421875 0.058333333333333334
0 0.55015625 0.49770833333333336 0.0421875 0.06041666666666667
0 0.62578125 0.3333333333333333 0.0484375 0.0625
0 0.8410272277227723 0.4637376237623762 0.046875 0.075
0 0.8456250000000001 0.18979166666666666 0.0375 0.05625
0 0.2311789772727273 0.96875 0.0578125 0.058333333333333334
0 0.708309659090909 0.8072916666666666 0.0546875 0.07291666666666667
0 0.4953125 0.7226102941176471 0.046875 0.06875
0 0.36618303571428573 0.09955357142857142 0.0390625 0.06041666666666667
