0 0.37265625 0.684970238095238 0.0359375 0.04791666666666667
0 0.09634748931623931 0.7445957977207978 0.03593749999999999 0.04791666666666667
0 0.1896875 0.8221527777777777 0.0453125 0.06666666666666667
0 0.36819196428571427 0.24032738095238096 0.0390625 0.05625
2 0.3692140507518797 0.20215382205513785 0.0359375 0.052083333333333336
0 0.4546875 0.3072916666666667 0.0375 0.052083333333333336
0 0.6334918478260869 0.5341032608695653 0.04375 0.06041666666666667
0 0.8619225543478262 0.1054800724637681 0.0421875 0.06458333333333331
0 0.34981971153846153 0.6137820512820513 0.0421875 0.058333333333333334
0 0.45786458333333335 0.6161805555555555 0.0390625 0.052083333333333336
0 0.30333852491961416 0.5445069667738479 0.0328125 0.05000000000000006
0 0.5401834239130434 0.42192028985507246 0.0390625 0.05
2 0.3145869006849315 0.45416666666666666 0.0390625 0.05416666666666667
0 0.803125 0.9354166666666667 0.040625 0.058333333333333334
0 0.6777267156862745 0.8747957516339869 0.034375 0.05
0 0.5613948170731707 0.09651930894308942 0.04375 0.052083333333333336
0 0.7404891304347826 0.9408967391304348 0.05 0.04791666666666667
