0 0.07174479166666667 0.3607638888888889 0.0421875 0.06666666666666667
0 0.3487328506097561 0.24801829268292686 0.0453125 0.06250000000000003
0 0.5210843373493976 0.20591114457831325 0.04375 0.06458333333333334
0 0.7961098582474226 0.03333333333333333 0.0484375 0.06666666666666667
0 0.6921875 0.8927083333333333 0.04375 0.06041666666666667
0 0.8856770833333334 0.8463541666666666 0.0453125 0.06666666666666667
0 0.3078125 0.81875 0.04375 0.06666666666666667
0 0.2140625 0.529513888888889 0.0390625 0.06041666666666672
0 0.30219414893617025 0.5583333333333333 0.04375 0.06666666666666667
0 0.009375 0.9791666666666666 0.01875 0.03333333333333333
0 0.05859375 0.9802083333333333 0.0421875 0.03958333333333333
0 0.9061197916666666 0.3975694444444445 0.0421875 0.06458333333333334
