0 0.12994791666666666 0.28055555555555556 0.0375 0.058333333333333307
0 0.14921875 0.4337797619047619 0.0359375 0.04791666666666667
0 0.20797697368421053 0.48015350877192986 0.0453125 0.058333333333333334
0 0.12434895833333333 0.3845486111111111 0.0421875 0.058333333333333334
0 0.8983072916666666 0.5201388888888889 0.0421875 0.06041666666666672
0 0.62578125 0.3333333333333333 0.0484375 0.0625
0 0.8024894067796611 0.4793785310734463 0.04687500000000009 0.075
0 0.70546875 0.8072916666666666 0.0546875 0.07291666666666667
0 0.4726654411764706 0.7588357843137256 0.046875 0.06875
0 0.5825520833333333 0.5378472222222223 0.0390625 0.06041666666666672
0 0.696875 0.07708333333333334 0.040625 0.05
0 0.9635590277777778 0.3405092592592593 0.0390625 0.058333333333333334
