0 0.34230397727272727 0.25505303030303034 0.0453125 0.06250000000000003
0 0.5088541666666667 0.21597222222222223 0.04375 0.06458333333333334
0 0.7883778994845361 0.03333333333333333 0.0484375 0.06666666666666667
0 0.6921875 0.8927083333333333 0.04375 0.06041666666666667
0 0.8486235119047618 0.7780753968253968 0.0453125 0.06666666666666667
0 0.3078125 0.81875 0.04375 0.06666666666666667
0 0.24981398809523808 0.40054563492063494 0.0390625 0.06041666666666667
0 0.2824573863636364 0.5666666666666667 0.04375 0.06666666666666667
0 0.009375 0.9791666666666666 0.01875 0.03333333333333333
0 0.05859375 0.9802083333333333 0.0421875 0.03958333333333333
0 0.7092633928571429 0.19340277777777776 0.0421875 0.06458333333333334
