0 0.4149857954545454 0.5978219696969697 0.035937499999999956 0.04791666666666667
0 0.09973958333333333 0.7528935185185186 0.03593749999999999 0.04791666666666667
0 0.20494791666666665 0.8425925925925927 0.04531249999999998 0.06666666666666667
0 0.37976912313432837 0.24289490049751242 0.0390625 0.05625
2 0.420703125 0.2 0.0359375 0.052083333333333336
0 0.46513573232323235 0.31214225589225586 0.0375 0.052083333333333336
0 0.7175347222222223 0.43877314814814816 0.040625 0.05625
0 0.626171875 0.4348958333333333 0.04375 0.06041666666666667
0 0.451171875 0.4635416666666667 0.0421875 0.058333333333333334
0 0.7007543103448276 0.08423132183908046 0.0375 0.05625
0 0.9294270833333333 0.19664351851851852 0.0421875 0.06458333333333334
0 0.3540798611111111 0.6168981481481481 0.0421875 0.058333333333333334
0 0.4655241935483871 0.573622311827957 0.0390625 0.052083333333333336
0 0.31889204545454547 0.5237689393939394 0.0328125 0.05000000000000006
0 0.37457386363636364 0.49507575757575756 0.0390625 0.05
2 0.3533380681818182 0.4426136363636364 0.0390625 0.05416666666666667
0 0.803125 0.9354166666666667 0.040625 0.058333333333333334
0 0.7305397727272728 0.853030303030303 0.034375 0.05
