0 0.14375 0.3375 0.0375 0.058333333333333334
0 0.14921875 0.434375 0.0359375 0.04791666666666667
0 0.20234375 0.47291666666666665 0.0453125 0.058333333333333334
0 0.07838541666666667 0.3965277777777778 0.0421875 0.058333333333333334
0 0.96640625 0.4690972222222222 0.0421875 0.06041666666666667
0 0.62578125 0.3333333333333333 0.0484375 0.0625
0 0.7971927966101695 0.4811440677966102 0.04687500000000009 0.075
0 0.70546875 0.8072916666666666 0.0546875 0.07291666666666667
0 0.47082720588235294 0.7625122549019607 0.046875 0.06875
0 0.61171875 0.6038194444444444 0.0390625 0.06041666666666667
0 0.665625 0.06388888888888888 0.040625 0.049999999999999996
0 0.9646122685185186 0.3395061728395062 0.0390625 0.058333333333333334
