0 0.34094034090909087 0.25687121212121217 0.0453125 0.06250000000000003
0 0.5053819444444445 0.21828703703703703 0.04375 0.06458333333333334
0 0.7787224264705882 0.03333333333333333 0.0484375 0.06666666666666667
0 0.6921875 0.8927083333333333 0.04375 0.06041666666666667
0 0.8120312500000001 0.775 0.04531250000000009 0.06666666666666667
0 0.3078125 0.81875 0.04375 0.06666666666666667
0 0.24609375 0.33395833333333336 0.0390625 0.06041666666666667
0 0.26545138888888886 0.5666666666666667 0.04375 0.06666666666666667
0 0.009375 0.9791666666666666 0.01875 0.03333333333333333
0 0.05859375 0.9802083333333333 0.0421875 0.03958333333333333
0 0.62140625 0.066875 0.04343750000000002 0.06458333333333334
0 0.9670230263157895 0.6303179824561405 0.04375 0.06962719298245605
