0 0.33984943181818184 0.2583257575757576 0.0453125 0.0625
0 0.503125 0.21979166666666666 0.04375 0.06458333333333334
0 0.7723090277777778 0.03333333333333333 0.0484375 0.06666666666666667
0 0.6921875 0.8927083333333333 0.04375 0.06041666666666667
0 0.7831473214285714 0.7586309523809525 0.04531249999999991 0.06666666666666667
0 0.3078125 0.81875 0.04375 0.06666666666666667
0 0.23203125 0.2580592105263158 0.0390625 0.060416666666666695
0 0.25650201612903223 0.5666666666666667 0.04375 0.06666666666666667
0 0.009375 0.9791666666666666 0.01875 0.03333333333333333
0 0.05859375 0.9802083333333333 0.0421875 0.03958333333333333
0 0.9263392857142858 0.7412202380952381 0.04375 0.06458333333333334
