0 0.13671875 0.33958333333333335 0.0421875 0.06666666666666667
0 0.3504001524390244 0.24623983739837396 0.0453125 0.0625
0 0.5286830357142857 0.2113095238095238 0.04375 0.06458333333333334
0 0.7978012242268042 0.03333333333333333 0.04843750000000009 0.06666666666666667
0 0.6921875 0.8927083333333333 0.04375 0.06041666666666667
0 0.89033203125 0.8647786458333333 0.0453125 0.06666666666666667
0 0.3078125 0.81875 0.04375 0.06666666666666667
0 0.24417067307692308 0.5479967948717949 0.0390625 0.06041666666666667
0 0.3078977272727273 0.553030303030303 0.04375 0.06666666666666661
0 0.009375 0.9791666666666666 0.01875 0.03333333333333333
0 0.05859375 0.9802083333333333 0.0421875 0.03958333333333333
0 0.9583533653846154 0.4354967948717949 0.0421875 0.06458333333333334
