0 0.3718576388888889 0.6696064814814815 0.0359375 0.04791666666666667
0 0.09511885683760683 0.7405003561253561 0.0359375 0.04791666666666667
0 0.18921875 0.8206249999999999 0.0453125 0.06666666666666667
0 0.36904761904761907 0.23918650793650792 0.0390625 0.056249999999999974
2 0.3789414943609023 0.19999216791979949 0.0359375 0.052083333333333336
0 0.4546875 0.3072916666666667 0.0375 0.052083333333333336
0 0.6353125000000001 0.525625 0.04375 0.06041666666666667
0 0.728125 0.028125 0.0375 0.05625
0 0.8697423986486486 0.11793355855855857 0.0421875 0.06458333333333335
0 0.35569196428571426 0.606845238095238 0.0421875 0.058333333333333334
0 0.46457201086956523 0.6133605072463768 0.0390625 0.052083333333333336
0 0.30564961816720254 0.5414255091103966 0.0328125 0.04999999999999994
0 0.51859375 0.42624999999999996 0.0390625 0.05
2 0.3243125 0.45408333333333334 0.0390625 0.05416666666666667
0 0.803125 0.9354166666666667 0.040625 0.058333333333333334
0 0.6868402777777778 0.870787037037037 0.034375 0.05
0 0.5778125000000001 0.07604166666666666 0.04375 0.052083333333333336
0 0.7472301136363637 0.9700757575757576 0.05 0.04791666666666667
