0 0.15416666666666667 0.35833333333333334 0.0375 0.058333333333333334
0 0.14921875 0.434375 0.0359375 0.04791666666666667
0 0.19973958333333336 0.47291666666666665 0.04531250000000002 0.058333333333333334
0 0.08272569444444444 0.4046296296296296 0.0421875 0.058333333333333334
0 0.9611979166666667 0.46793981481481484 0.0421875 0.06041666666666667
0 0.62578125 0.3333333333333333 0.0484375 0.0625
0 0.7977224576271187 0.4809675141242938 0.046875 0.075
0 0.70546875 0.8072916666666666 0.0546875 0.07291666666666667
0 0.4710110294117647 0.7621446078431372 0.046875 0.06875
0 0.6065104166666667 0.6015046296296297 0.0390625 0.06041666666666667
0 0.6630208333333333 0.059259259259259255 0.040625 0.05
0 0.963599537037037 0.3404706790123457 0.0390625 0.058333333333333334
