0 0.07843750000000001 0.23104166666666667 0.0375 0.058333333333333334
0 0.17619540662650604 0.3597515060240964 0.0359375 0.04791666666666667
0 0.20256696428571427 0.4669642857142857 0.0453125 0.058333333333333334
0 0.37171875 0.4775 0.0421875 0.058333333333333334
0 0.57765625 0.47791666666666666 0.0421875 0.06041666666666667
0 0.62578125 0.3333333333333333 0.0484375 0.0625
0 0.8403310643564357 0.464480198019802 0.046875 0.075
0 0.8326171875 0.21119791666666668 0.0375 0.05625
0 0.22691761363636362 0.96875 0.0578125 0.058333333333333334
0 0.7081392045454545 0.8072916666666666 0.0546875 0.07291666666666667
0 0.4953125 0.7255514705882352 0.046875 0.06875
0 0.3748883928571428 0.1075892857142857 0.0390625 0.06041666666666667
0 0.75390625 0.020432692307692308 0.040625 0.03974358974358974
