0 0.3415028409090909 0.25612121212121214 0.0453125 0.0625
0 0.5068142361111111 0.21733217592592594 0.04375 0.06458333333333334
0 0.7827665441176471 0.03333333333333333 0.0484375 0.06666666666666667
0 0.6921875 0.8927083333333333 0.04375 0.06041666666666667
0 0.82578125 0.770516304347826 0.0453125 0.06666666666666667
0 0.3078125 0.81875 0.04375 0.06666666666666667
0 0.23584375 0.35904166666666665 0.0390625 0.06041666666666667
0 0.2769097222222222 0.5666666666666667 0.04375 0.06666666666666667
0 0.009375 0.9791666666666666 0.01875 0.03333333333333333
0 0.05859375 0.9802083333333333 0.0421875 0.03958333333333333
0 0.65421875 0.11812500000000001 0.0421875 0.06458333333333334
0 0.98359375 0.578125 0.0328125 0.07291666666666667
