0 0.3425767045454545 0.25468939393939394 0.0453125 0.0625
0 0.509548611111111 0.21550925925925926 0.04375 0.06458333333333334
0 0.7891510953608247 0.03333333333333333 0.04843749999999991 0.06666666666666667
0 0.6921875 0.8927083333333333 0.04375 0.06041666666666667
0 0.8438616071428571 0.7860119047619047 0.0453125 0.06666666666666667
0 0.3078125 0.81875 0.04375 0.06666666666666667
0 0.22957589285714283 0.41324404761904765 0.0390625 0.06041666666666667
0 0.28359375 0.5666666666666667 0.04375 0.06666666666666667
0 0.009375 0.9791666666666666 0.01875 0.03333333333333333
0 0.05859375 0.9802083333333333 0.0421875 0.03958333333333333
0 0.7271205357142857 0.215625 0.0421875 0.06458333333333334
