0 0.03828125 0.3698863636363636 0.0421875 0.06666666666666667
0 0.34787538109756094 0.24893292682926832 0.0453125 0.06250000000000003
0 0.519051204819277 0.2077183734939759 0.04375 0.06458333333333334
0 0.795240012886598 0.03333333333333333 0.04843750000000009 0.06666666666666667
0 0.6921875 0.8927083333333333 0.04375 0.06041666666666667
0 0.8746448863636364 0.8422348484848484 0.0453125 0.06666666666666667
0 0.3078125 0.81875 0.04375 0.06666666666666667
0 0.20845170454545453 0.5118371212121212 0.0390625 0.06041666666666667
0 0.29980053191489364 0.5583333333333333 0.04375 0.06666666666666667
0 0.009375 0.9791666666666666 0.01875 0.03333333333333333
0 0.05859375 0.9802083333333333 0.0421875 0.03958333333333333
0 0.8808948863636363 0.39232954545454546 0.0421875 0.06458333333333334
