0 0.11495535714285714 0.15 0.0375 0.058333333333333334
0 0.16407912234042552 0.3869459219858156 0.0359375 0.04791666666666667
0 0.20525568181818182 0.49237689393939393 0.04531250000000002 0.058333333333333334
0 0.28295454545454546 0.4728219696969697 0.0421875 0.058333333333333334
0 0.7001953125 0.595703125 0.0421875 0.06041666666666667
0 0.62578125 0.3333333333333333 0.0484375 0.0625
0 0.8308168316831683 0.47130775577557754 0.046875 0.075
0 0.9142857142857143 0.2313988095238095 0.0375 0.05625
0 0.7062452651515152 0.8072916666666666 0.0546875 0.07291666666666667
0 0.4909672619047619 0.7416170634920635 0.046875 0.06875
0 0.44453125 0.2299107142857143 0.0390625 0.06041666666666667
0 0.7259375 0.022916666666666665 0.040625 0.04583333333333333
0 0.98046875 0.34128787878787875 0.0390625 0.058333333333333334
