0 0.2168229166666667 0.28194444444444444 0.042187500000000024 0.0666666666666667
0 0.35259811046511624 0.24583333333333332 0.0453125 0.0625
0 0.5318563432835821 0.20536380597014928 0.04375 0.06458333333333334
0 0.8006040592783504 0.03333333333333333 0.04843749999999991 0.06666666666666667
0 0.6921875 0.8927083333333333 0.04375 0.06041666666666667
0 0.88984375 0.8968055555555555 0.0453125 0.06666666666666667
0 0.3078125 0.81875 0.04375 0.06666666666666667
0 0.2646875 0.5975694444444444 0.0375 0.06041666666666667
0 0.31756063432835824 0.546952736318408 0.04375 0.06666666666666672
0 0.009375 0.9791666666666666 0.01875 0.03333333333333333
0 0.05859375 0.9802083333333333 0.0421875 0.03958333333333333
