0 0.125 0.16273148148148148 0.0375 0.058333333333333334
0 0.16316105769230768 0.38870192307692303 0.0359375 0.04791666666666667
0 0.20376420454545455 0.4900568181818182 0.0453125 0.058333333333333334
0 0.2784801136363636 0.47215909090909086 0.0421875 0.058333333333333334
0 0.70703125 0.6020833333333333 0.0421875 0.06041666666666667
0 0.62578125 0.3333333333333333 0.0484375 0.0625
0 0.8297339108910892 0.47145214521452145 0.046875 0.075
0 0.9323660714285713 0.24627976190476192 0.0375 0.05625000000000003
0 0.7061126893939395 0.8072916666666666 0.0546875 0.07291666666666667
0 0.49055059523809524 0.7423115079365079 0.046875 0.06875
0 0.44515625 0.2415972222222222 0.0390625 0.06041666666666667
0 0.7234375 0.022916666666666665 0.040625 0.04583333333333333
0 0.98046875 0.3386363636363636 0.0390625 0.058333333333333334
