0 0.378125 0.6293981481481481 0.0359375 0.04791666666666667
0 0.10703125 0.7409722222222223 0.0359375 0.04791666666666667
0 0.20109375 0.8330833333333333 0.04531249999999998 0.06666666666666667
0 0.37138310185185186 0.23800154320987657 0.0390625 0.05625
2 0.3926081730769231 0.21049679487179487 0.0359375 0.052083333333333336
0 0.46004464285714286 0.3126488095238095 0.0375 0.052083333333333336
0 0.978125 0.5010416666666667 0.040625 0.05625
0 0.6366319444444445 0.4721064814814815 0.04375 0.06041666666666667
0 0.14487847222222222 0.42986111111111114 0.0421875 0.058333333333333334
0 0.704861111111111 0.03923611111111112 0.0375 0.05625
0 0.8894965277777779 0.1605324074074074 0.0421875 0.06458333333333334
0 0.3536730410447761 0.6208799751243781 0.0421875 0.058333333333333334
0 0.44453125 0.5883101851851852 0.0390625 0.052083333333333336
0 0.31142735128617366 0.5337218649517685 0.0328125 0.05000000000000006
0 0.45234375 0.4569444444444445 0.0390625 0.05
2 0.33932291666666664 0.45416666666666666 0.0390625 0.05416666666666667
0 0.803125 0.9354166666666667 0.040625 0.058333333333333334
0 0.7079861111111111 0.8628858024691357 0.034375 0.05
