0 0.019642857142857146 0.03511904761904762 0.0375 0.058333333333333334
0 0.1511600378787879 0.4066603535353535 0.0359375 0.04791666666666667
0 0.1949479166666667 0.4881944444444445 0.04531250000000002 0.058333333333333334
0 0.2500710227272727 0.41843434343434344 0.0421875 0.058333333333333334
0 0.7875 0.6708333333333333 0.0421875 0.06041666666666667
0 0.62578125 0.3333333333333333 0.0484375 0.0625
0 0.8176644736842105 0.47339912280701757 0.046875 0.075
0 0.98125 0.23854166666666668 0.0375 0.05625
0 0.70546875 0.8072916666666666 0.0546875 0.07291666666666667
0 0.4888221153846154 0.7450320512820513 0.046875 0.06875
0 0.5046274038461538 0.3334134615384616 0.0390625 0.06041666666666667
0 0.98046875 0.3266666666666667 0.0390625 0.058333333333333334
