ckz3vswg1000j3867btyryxok 0 0.1684691011235955 0.38068820224719097 0.028125 0.041666666666666664
cl3k5uog2000f3r6cn0nwlpn8 0 0.538708162568306 0.18066370673952642 0.0390625 0.04375
cl3k5ur8t000j3r6cj4lah4gn 0 0.5640625 0.14453125 0.0328125 0.035416666666666666
cl3k5uu70000n3r6ciahwog5w 0 0.025 0.375 0.03125 0.041666666666666664
cl3k5uzg8000r3r6crgufjvav 0 0.2558854166666667 0.54125 0.0328125 0.03333333333333333
cl3k5v4uo000v3r6c0xdq1osy 0 0.7516697896518375 0.5333333333333333 0.0328125 0.04583333333333333
cl3k5vfqr000y3r6cttf33lc6 0 0.4453125 0.965625 0.03125 0.04375
cl3k5w07t00163r6ctvw492wy 0 0.41015625 0.615625 0.0390625 0.052083333333333336
cl3k5wa0n001a3r6c0kq0w4yz 0 0.52421875 0.9317708333333333 0.0359375 0.04375
cl3k5weaf001e3r6cyh227f96 0 0.2828125 0.8354166666666667 0.040625 0.041666666666666664
cl3k5x72s001u3r6cm35rzvar 0 0.9551562499999999 0.43374999999999997 0.053125 0.06041666666666667
cl3k5xb7w001y3r6c1m8pmo4u 0 0.946546052631579 0.7236293859649123 0.05625 0.06458333333333334
cl3k6ht0a00263r6c4r3z8fg8 0 0.396875 0.6489583333333333 0.028125 0.03958333333333333
cl3k6ulfk002a3r6c3z49j1qz 0 0.5744769313304721 0.902771816881259 0.025 0.03333333333333333
cl3k81f16002q3r6c33l27tfv 0 0.14921875 0.5802083333333333 0.0265625 0.03958333333333333
cl4zd2zw500033y6ft4w1u5u6 0 0.09180222602739727 0.3203909817351598 0.03750000000000001 0.04375
cl4zd4gdf00073y6fvevmbjqq 1 0.83125 0.9552083333333333 0.065625 0.08958333333333333
cl4zd4l1i000b3y6f0839tuan 1 0.940625 0.959375 0.06875 0.08125
cl4zd4sy7000f3y6fasom2tt8 1 0.09987434440559442 0.43407634032634035 0.1328125 0.17916666666666667
cl4zd51p3000j3y6f9e81xdis 1 0.4379854090073529 0.9511259191176471 0.08749999999999995 0.09166666666666666
