ckz3vswg1000j3867btyryxok 0 0.16182528409090907 0.3690814393939394 0.028125 0.041666666666666664
cl3k5uktg000b3r6clmzq4v58 0 0.03251953125 0.21119791666666668 0.03125 0.0375
cl3k5uog2000f3r6cn0nwlpn8 0 0.5465002540650407 0.18840616531165313 0.0390625 0.04375
cl3k5ur8t000j3r6cj4lah4gn 0 0.58359375 0.14322916666666666 0.0328125 0.035416666666666666
cl3k5uu70000n3r6ciahwog5w 0 0.025 0.375 0.03125 0.041666666666666664
cl3k5uzg8000r3r6crgufjvav 0 0.25890315594059404 0.5260313531353135 0.0328125 0.03333333333333333
cl3k5v4uo000v3r6c0xdq1osy 0 0.7533834018375242 0.5333333333333333 0.0328125 0.04583333333333333
cl3k5vfqr000y3r6cttf33lc6 0 0.5125 0.934375 0.03125 0.04375
cl3k5w07t00163r6ctvw492wy 0 0.19921875 0.6635416666666667 0.0390625 0.052083333333333336
cl3k5wa0n001a3r6c0kq0w4yz 0 0.6370312499999999 0.9254583333333334 0.0359375 0.04375
cl3k5weaf001e3r6cyh227f96 0 0.2828125 0.8354166666666667 0.040625 0.041666666666666664
cl3k5wqs3001m3r6c3lucysq8 0 0.14375 0.15729166666666666 0.0375 0.05
cl3k5x72s001u3r6cm35rzvar 0 0.9692986641221374 0.47341762086513994 0.053125 0.06041666666666667
cl3k5xb7w001y3r6c1m8pmo4u 0 0.9525240384615385 0.7220352564102565 0.05625 0.06458333333333334
cl3k6chq900223r6cmikyp2xr 0 0.33359375 0.5058333333333334 0.0453125 0.058333333333333334
cl3k6ht0a00263r6c4r3z8fg8 0 0.600875 0.7850416666666666 0.028125 0.03958333333333333
cl3k6ulfk002a3r6c3z49j1qz 0 0.5719420600858369 0.8960121602288985 0.025 0.03333333333333333
cl3k7yois002i3r6c022tx7e9 0 0.09635416666666667 0.8762152777777777 0.025000000000000012 0.03333333333333333
cl4zd2zw500033y6ft4w1u5u6 0 0.10503906249999999 0.35614583333333333 0.03749999999999999 0.04375
cl4zd4gdf00073y6fvevmbjqq 1 0.83125 0.9552083333333333 0.065625 0.08958333333333333
cl4zd4l1i000b3y6f0839tuan 1 0.940625 0.959375 0.06875 0.08125
cl4zd4sy7000f3y6fasom2tt8 1 0.10193946678321679 0.4561043123543123 0.1328125 0.17916666666666667
cl4zd51p3000j3y6f9e81xdis 1 0.4363568474264706 0.9496783088235294 0.08749999999999995 0.09166666666666666
