ckz3vswg1000j3867btyryxok 0 0.16009480337078652 0.375 0.028125 0.041666666666666664
cl3k5uog2000f3r6cn0nwlpn8 0 0.51171875 0.190625 0.0390625 0.04375
cl3k5ur8t000j3r6cj4lah4gn 0 0.6661709337349397 0.38242971887550203 0.04375 0.058333333333333334
cl3k5uu70000n3r6ciahwog5w 0 0.025 0.375 0.03125 0.041666666666666664
cl3k5uzg8000r3r6crgufjvav 0 0.2654262329931973 0.5718934240362812 0.0328125 0.03333333333333333
cl3k5v4uo000v3r6c0xdq1osy 0 0.737561553030303 0.5387815656565657 0.0328125 0.04583333333333333
cl3k5vfqr000y3r6cttf33lc6 0 0.434375 0.9552083333333333 0.03125 0.04375
cl3k5weaf001e3r6cyh227f96 0 0.2828125 0.8354166666666667 0.040625 0.041666666666666664
cl3k5x72s001u3r6cm35rzvar 0 0.9414320054945055 0.2147092490842491 0.0375 0.06041666666666667
cl3k5xb7w001y3r6c1m8pmo4u 0 0.9003125000000001 0.7402083333333334 0.05625 0.06458333333333334
cl3k6ulfk002a3r6c3z49j1qz 0 0.573158543263965 0.8984004198612632 0.025 0.03333333333333333
cl3kdzgwe000j3r6c7mwygedj 0 0.4020833333333333 0.9555555555555556 0.034374999999999954 0.04375
cl3ke3qo3000n3r6ctmgg8970 0 0.18278124999999998 0.5509166666666666 0.042187499999999975 0.058333333333333334
cl3keak9x000v3r6cyk4xdhe9 0 0.6515625 0.7161057692307692 0.04375 0.05625
cl3kepbii00133r6ckj9sn5kd 0 0.971875 0.9472222222222223 0.0375 0.041666666666666664
cl3keq3ik00173r6cygdi5mzw 0 0.228125 0.990625 0.01875 0.01875
cl4zd2zw500033y6ft4w1u5u6 0 0.07192809466019418 0.32183454692556634 0.0375 0.04375
cl4zd4gdf00073y6fvevmbjqq 1 0.83125 0.9552083333333333 0.065625 0.08958333333333333
cl4zd4l1i000b3y6f0839tuan 1 0.940625 0.959375 0.06875 0.08125
cl4zd4sy7000f3y6fasom2tt8 1 0.09921875 0.4270833333333333 0.1328125 0.17916666666666667
cl4zd51p3000j3y6f9e81xdis 1 0.4390625 0.9520833333333333 0.0875 0.09166666666666666
