ckz3vswg1000j3867btyryxok 0 0.16785463483146068 0.3794592696629213 0.028125 0.041666666666666664
cl3k5uog2000f3r6cn0nwlpn8 0 0.53359375 0.1763142523364486 0.0390625 0.04375
cl3k5ur8t000j3r6cj4lah4gn 0 0.551171875 0.1796875 0.0328125 0.035416666666666666
cl3k5uu70000n3r6ciahwog5w 0 0.025 0.375 0.03125 0.041666666666666664
cl3k5uzg8000r3r6crgufjvav 0 0.24947076612903224 0.5482526881720431 0.0328125 0.033333333333333395
cl3k5v4uo000v3r6c0xdq1osy 0 0.7506057820855615 0.5334113190730838 0.0328125 0.04583333333333339
cl3k5vfqr000y3r6cttf33lc6 0 0.4421875 0.9601267182130584 0.03125 0.04375
cl3k5w07t00163r6ctvw492wy 0 0.5492398648648649 0.633277027027027 0.0390625 0.052083333333333336
cl3k5wa0n001a3r6c0kq0w4yz 0 0.48136160714285714 0.9236607142857143 0.0359375 0.04375
cl3k5weaf001e3r6cyh227f96 0 0.2828125 0.8354166666666667 0.040625 0.041666666666666664
cl3k5x72s001u3r6cm35rzvar 0 0.9789033671586715 0.3966828105781058 0.0375 0.06041666666666667
cl3k5xb7w001y3r6c1m8pmo4u 0 0.9408157703488372 0.7259568798449613 0.05625 0.06458333333333334
cl3k6ht0a00263r6c4r3z8fg8 0 0.2575 0.5827083333333333 0.028125 0.03958333333333333
cl3k6ulfk002a3r6c3z49j1qz 0 0.575 0.9027636054421768 0.025 0.03333333333333333
cl3k843x8002u3r6celfgetlu 2 0.1421875 0.36701388888888886 0.025 0.041666666666666664
cl3k868hn002y3r6c0qoe389f 0 0.8481770833333334 0.08645833333333333 0.0296875 0.035416666666666666
cl4zd2zw500033y6ft4w1u5u6 0 0.08201608009708738 0.3141484627831715 0.03750000000000001 0.04375
cl4zd4gdf00073y6fvevmbjqq 1 0.83125 0.9552083333333333 0.065625 0.08958333333333333
cl4zd4l1i000b3y6f0839tuan 1 0.940625 0.959375 0.06875 0.08125
cl4zd4sy7000f3y6fasom2tt8 1 0.09921875 0.4270833333333333 0.1328125 0.17916666666666667
cl4zd51p3000j3y6f9e81xdis 1 0.4388901654411764 0.9519301470588235 0.0875 0.09166666666666666
