ckz3vswg1000j3867btyryxok 0 0.16223080524344569 0.375 0.028125 0.041666666666666664
cl3k5uog2000f3r6cn0nwlpn8 0 0.5118086780575539 0.19061001199040767 0.0390625 0.04375
cl3k5ur8t000j3r6cj4lah4gn 0 0.6456503378378378 0.3445945945945946 0.04375 0.058333333333333334
cl3k5uu70000n3r6ciahwog5w 0 0.025 0.375 0.03125 0.041666666666666664
cl3k5uzg8000r3r6crgufjvav 0 0.2655814200680272 0.5710657596371882 0.0328125 0.03333333333333333
cl3k5v4uo000v3r6c0xdq1osy 0 0.7389441287878789 0.538320707070707 0.0328125 0.045833333333333275
cl3k5vfqr000y3r6cttf33lc6 0 0.434375 0.9552083333333333 0.03125 0.04375
cl3k5weaf001e3r6cyh227f96 0 0.2828125 0.8354166666666667 0.040625 0.041666666666666664
cl3k5x72s001u3r6cm35rzvar 0 0.9564516129032258 0.24485887096774192 0.0375 0.06041666666666667
cl3k5xb7w001y3r6c1m8pmo4u 0 0.9042232142857143 0.7393392857142856 0.05625 0.06458333333333334
cl3k6ulfk002a3r6c3z49j1qz 0 0.5734084063526834 0.8989001460387003 0.025 0.03333333333333333
cl3kdhvvp00073r6c8iipf577 0 0.28498263888888886 0.9646990740740741 0.0359375 0.04791666666666667
cl3kdzgwe000j3r6c7mwygedj 0 0.4115885416666667 0.9761501736111111 0.034375000000000044 0.04375
cl3ke3qo3000n3r6ctmgg8970 0 0.23348214285714283 0.5904761904761905 0.059375 0.06666666666666667
cl3ke51d0000r3r6ctleoea6a 0 0.20555555555555555 0.9668981481481481 0.043749999999999976 0.05
cl3keak9x000v3r6cyk4xdhe9 0 0.7611607142857143 0.7534226190476191 0.04375 0.05625
cl3kedcar000z3r6cqv7p9cck 0 0.05751201923076923 0.24455128205128204 0.0359375 0.041666666666666664
cl4zd2zw500033y6ft4w1u5u6 0 0.0732200647249191 0.320850188781014 0.0375 0.04375
cl4zd4gdf00073y6fvevmbjqq 1 0.83125 0.9552083333333333 0.065625 0.08958333333333333
cl4zd4l1i000b3y6f0839tuan 1 0.940625 0.959375 0.06875 0.08125
cl4zd4sy7000f3y6fasom2tt8 1 0.09921875 0.4270833333333333 0.1328125 0.17916666666666667
cl4zd51p3000j3y6f9e81xdis 1 0.4390625 0.9520833333333333 0.0875 0.09166666666666666
