ckz3vswg1000j3867btyryxok 0 0.1682348901098901 0.3808379120879121 0.028125 0.041666666666666664
cl3k5uog2000f3r6cn0nwlpn8 0 0.5410134904371585 0.18312272313296904 0.0390625 0.04375
cl3k5ur8t000j3r6cj4lah4gn 0 0.53203125 0.16493055555555555 0.0328125 0.035416666666666666
cl3k5uu70000n3r6ciahwog5w 0 0.025 0.375 0.03125 0.041666666666666664
cl3k5uzg8000r3r6crgufjvav 0 0.25909970238095237 0.5380357142857143 0.0328125 0.03333333333333333
cl3k5v4uo000v3r6c0xdq1osy 0 0.7521593931334623 0.5333333333333333 0.0328125 0.04583333333333333
cl3k5vfqr000y3r6cttf33lc6 0 0.4953125 0.9590277777777777 0.03125 0.04375
cl3k5w07t00163r6ctvw492wy 0 0.3297585227272727 0.606344696969697 0.0390625 0.052083333333333336
cl3k5wa0n001a3r6c0kq0w4yz 0 0.5589062499999999 0.9414583333333333 0.0359375 0.04375
cl3k5weaf001e3r6cyh227f96 0 0.2828125 0.8354166666666667 0.040625 0.041666666666666664
cl3k5wqs3001m3r6c3lucysq8 0 0.18828125 0.030208333333333334 0.0375 0.05
cl3k5x72s001u3r6cm35rzvar 0 0.9661458333333334 0.4519675925925926 0.053125 0.06041666666666667
cl3k5xb7w001y3r6c1m8pmo4u 0 0.948254048582996 0.7231739203778678 0.05625 0.06458333333333334
cl3k6ht0a00263r6c4r3z8fg8 0 0.46763392857142855 0.6665178571428572 0.028125 0.03958333333333333
cl3k6ulfk002a3r6c3z49j1qz 0 0.5737526824034335 0.9008404864091559 0.025 0.03333333333333333
cl3k81f16002q3r6c33l27tfv 0 0.1434375 0.6629166666666666 0.0265625 0.03958333333333333
cl4zd2zw500033y6ft4w1u5u6 0 0.09867788461538463 0.3372061965811966 0.03750000000000001 0.04375
cl4zd4gdf00073y6fvevmbjqq 1 0.83125 0.9552083333333333 0.065625 0.08958333333333333
cl4zd4l1i000b3y6f0839tuan 1 0.940625 0.959375 0.06875 0.08125
cl4zd4sy7000f3y6fasom2tt8 1 0.10046437937062938 0.4403700466200466 0.1328125 0.17916666666666667
cl4zd51p3000j3y6f9e81xdis 1 0.43752010569852945 0.9507123161764706 0.08750000000000005 0.09166666666666666
