ckz3vswg1000j3867btyryxok 0 0.1685782967032967 0.38111263736263734 0.028125 0.041666666666666664
cl3k5uog2000f3r6cn0nwlpn8 0 0.540842725409836 0.1829405737704918 0.0390625 0.04375
cl3k5ur8t000j3r6cj4lah4gn 0 0.5341145833333333 0.16400462962962964 0.0328125 0.035416666666666666
cl3k5uu70000n3r6ciahwog5w 0 0.025 0.375 0.03125 0.041666666666666664
cl3k5uzg8000r3r6crgufjvav 0 0.25886160714285716 0.5382738095238095 0.0328125 0.03333333333333333
cl3k5v4uo000v3r6c0xdq1osy 0 0.7521231262088974 0.5333333333333333 0.0328125 0.04583333333333333
cl3k5vfqr000y3r6cttf33lc6 0 0.5015625 0.9760416666666667 0.03125 0.04375
cl3k5w07t00163r6ctvw492wy 0 0.33515625 0.6054861111111111 0.0390625 0.052083333333333336
cl3k5wa0n001a3r6c0kq0w4yz 0 0.56546875 0.9397916666666667 0.0359375 0.04375
cl3k5weaf001e3r6cyh227f96 0 0.2828125 0.8354166666666667 0.040625 0.041666666666666664
cl3k5wqs3001m3r6c3lucysq8 0 0.18872767857142855 0.02723214285714286 0.03749999999999998 0.05
cl3k5x72s001u3r6cm35rzvar 0 0.9668402777777778 0.4485725308641975 0.053125 0.06041666666666667
cl3k5xb7w001y3r6c1m8pmo4u 0 0.9481275303643726 0.7232076585695008 0.05625 0.06458333333333334
cl3k6ht0a00263r6c4r3z8fg8 0 0.46260416666666665 0.6653472222222222 0.028125 0.03958333333333333
cl3k6ulfk002a3r6c3z49j1qz 0 0.573806330472103 0.900983547925608 0.025 0.03333333333333333
cl3k81f16002q3r6c33l27tfv 0 0.1458096590909091 0.6599431818181818 0.0265625 0.03958333333333333
cl4zd2zw500033y6ft4w1u5u6 0 0.09819711538461537 0.33571047008547006 0.03749999999999999 0.04375
cl4zd4gdf00073y6fvevmbjqq 1 0.83125 0.9552083333333333 0.065625 0.08958333333333333
cl4zd4l1i000b3y6f0839tuan 1 0.940625 0.959375 0.06875 0.08125
cl4zd4sy7000f3y6fasom2tt8 1 0.10042067307692308 0.43990384615384615 0.1328125 0.17916666666666667
cl4zd51p3000j3y6f9e81xdis 1 0.4375545726102941 0.9507429534313726 0.0875 0.09166666666666666
