ckz3vswg1000j3867btyryxok 0 0.1686926605504587 0.3500764525993884 0.028125 0.041666666666666664
cl3k5uktg000b3r6clmzq4v58 0 0.11540178571428572 0.1699404761904762 0.031250000000000014 0.0375
cl3k5uog2000f3r6cn0nwlpn8 0 0.5497776930894309 0.18731368563685635 0.0390625 0.04375
cl3k5ur8t000j3r6cj4lah4gn 0 0.5390104166666667 0.11451388888888889 0.03322916666666673 0.03625
cl3k5uu70000n3r6ciahwog5w 0 0.025 0.375 0.03125 0.041666666666666664
cl3k5uzg8000r3r6crgufjvav 0 0.2569034090909091 0.5216193181818182 0.0328125 0.03333333333333333
cl3k5v4uo000v3r6c0xdq1osy 0 0.7545530101547389 0.5333333333333333 0.0328125 0.04583333333333333
cl3k5vfqr000y3r6cttf33lc6 0 0.53984375 0.8659722222222223 0.0265625 0.041666666666666664
cl3k5w07t00163r6ctvw492wy 0 0.10859375 0.7833333333333333 0.0390625 0.052083333333333336
cl3k5wa0n001a3r6c0kq0w4yz 0 0.6298828125 0.9106770833333333 0.0359375 0.04375
cl3k5weaf001e3r6cyh227f96 0 0.2828125 0.8354166666666667 0.040625 0.041666666666666664
cl3k5wqs3001m3r6c3lucysq8 0 0.086875 0.31958333333333333 0.03749999999999999 0.05
cl3k5x72s001u3r6cm35rzvar 0 0.9734375 0.4910807291666667 0.053125 0.06041666666666667
cl3k5xb7w001y3r6c1m8pmo4u 0 0.9587425595238095 0.7147982804232804 0.0375 0.04375
cl3k6chq900223r6cmikyp2xr 0 0.76875 0.58125 0.040625 0.041666666666666664
cl3k6ht0a00263r6c4r3z8fg8 0 0.6796875 0.9802083333333333 0.028125 0.03958333333333333
cl3k6ulfk002a3r6c3z49j1qz 0 0.5744583333333333 0.8946851851851852 0.025 0.03333333333333333
cl4zd2zw500033y6ft4w1u5u6 0 0.0978125 0.3122916666666667 0.03749999999999999 0.04375
cl4zd4gdf00073y6fvevmbjqq 1 0.83125 0.9552083333333333 0.065625 0.08958333333333333
cl4zd4l1i000b3y6f0839tuan 1 0.940625 0.959375 0.06875 0.08125
cl4zd4sy7000f3y6fasom2tt8 1 0.10234375 0.44126364087301584 0.12782738095238094 0.1750124007936508
cl4zd51p3000j3y6f9e81xdis 1 0.43524528952205876 0.9486902573529412 0.08749999999999995 0.09166666666666666
