ckz3vswg1000j3867btyryxok 0 0.1614526098901099 0.3754120879120879 0.028125 0.041666666666666664
cl3k5uog2000f3r6cn0nwlpn8 0 0.544386099726776 0.18672017304189437 0.0390625 0.04375
cl3k5ur8t000j3r6cj4lah4gn 0 0.5434895833333333 0.121875 0.0328125 0.035416666666666666
cl3k5uu70000n3r6ciahwog5w 0 0.025 0.375 0.03125 0.041666666666666664
cl3k5uzg8000r3r6crgufjvav 0 0.26063582920792083 0.5318069306930693 0.0328125 0.03333333333333333
cl3k5v4uo000v3r6c0xdq1osy 0 0.752875664893617 0.5333333333333333 0.0328125 0.04583333333333333
cl3k5vfqr000y3r6cttf33lc6 0 0.46875 0.975 0.03125 0.04375
cl3k5w07t00163r6ctvw492wy 0 0.23844572368421052 0.609484649122807 0.0390625 0.052083333333333336
cl3k5wa0n001a3r6c0kq0w4yz 0 0.60390625 0.9635416666666666 0.0359375 0.04375
cl3k5weaf001e3r6cyh227f96 0 0.2828125 0.8354166666666667 0.040625 0.041666666666666664
cl3k5wqs3001m3r6c3lucysq8 0 0.16770833333333332 0.10416666666666667 0.0375 0.05
cl3k5x72s001u3r6cm35rzvar 0 0.965958969465649 0.4716364503816794 0.053125 0.06041666666666667
cl3k5xb7w001y3r6c1m8pmo4u 0 0.9507527834008098 0.7225075910931175 0.05625 0.06458333333333334
cl3k6chq900223r6cmikyp2xr 0 0.151953125 0.5526041666666667 0.0453125 0.058333333333333334
cl3k6ht0a00263r6c4r3z8fg8 0 0.5497159090909091 0.7194128787878787 0.028125 0.03958333333333333
cl3k6ulfk002a3r6c3z49j1qz 0 0.5726931330472103 0.8980150214592275 0.025 0.03333333333333333
cl3k74010002e3r6ch2fsrt78 0 0.009375 0.19270833333333334 0.01875 0.041666666666666664
cl3k7zxw3002m3r6cal6sldn0 0 0.12375 0.77575 0.0375 0.04583333333333333
cl4zd2zw500033y6ft4w1u5u6 0 0.10394531250000001 0.3532291666666667 0.03750000000000001 0.04375
cl4zd4gdf00073y6fvevmbjqq 1 0.83125 0.9552083333333333 0.065625 0.08958333333333333
cl4zd4l1i000b3y6f0839tuan 1 0.940625 0.959375 0.06875 0.08125
cl4zd4sy7000f3y6fasom2tt8 1 0.10132757867132866 0.4495775058275058 0.1328125 0.1791666666666666
cl4zd51p3000j3y6f9e81xdis 1 0.43683938419117646 0.9501072303921568 0.0875 0.09166666666666666
