ckz3vswg1000j3867btyryxok 0 0.165625 0.375 0.028125 0.041666666666666664
cl3k5uog2000f3r6cn0nwlpn8 0 0.5170245053956835 0.18974070743405275 0.0390625 0.04375
cl3k5ur8t000j3r6cj4lah4gn 0 0.63515625 0.296875 0.0328125 0.035416666666666666
cl3k5uu70000n3r6ciahwog5w 0 0.025 0.375 0.03125 0.041666666666666664
cl3k5uzg8000r3r6crgufjvav 0 0.26582801870748296 0.5697505668934241 0.0328125 0.03333333333333333
cl3k5v4uo000v3r6c0xdq1osy 0 0.7411410984848484 0.5375883838383839 0.0328125 0.04583333333333339
cl3k5vfqr000y3r6cttf33lc6 0 0.4422628012048193 0.9572916666666667 0.03125 0.04375
cl3k5w07t00163r6ctvw492wy 0 0.98046875 0.684375 0.0390625 0.052083333333333336
cl3k5weaf001e3r6cyh227f96 0 0.2828125 0.8354166666666667 0.040625 0.041666666666666664
cl3k5x72s001u3r6cm35rzvar 0 0.9653124999999999 0.3110416666666667 0.0375 0.06041666666666667
cl3k5xb7w001y3r6c1m8pmo4u 0 0.9186562500000001 0.7358055555555556 0.05625 0.06458333333333334
cl3k6ulfk002a3r6c3z49j1qz 0 0.5738054490690032 0.8996942314713399 0.025 0.03333333333333333
cl3kdhvvp00073r6c8iipf577 0 0.108203125 0.6763888888888889 0.0359375 0.04791666666666667
cl3kdryuo000b3r6cy0lkwmge 0 0.742578125 0.7669270833333334 0.0296875 0.041666666666666664
cl3kdzgwe000j3r6c7mwygedj 0 0.5233630952380952 0.9500496031746032 0.034375 0.04375
cl3ke3qo3000n3r6ctmgg8970 0 0.175 0.7505681818181817 0.059375 0.06666666666666667
cl3ke51d0000r3r6ctleoea6a 0 0.13072916666666667 0.8784722222222222 0.04375 0.05
cl3keak9x000v3r6cyk4xdhe9 0 0.915625 0.8885416666666667 0.034375 0.04583333333333333
cl3kedcar000z3r6cqv7p9cck 0 0.2819490131578947 0.06578947368421054 0.0359375 0.04166666666666667
cl4zd2zw500033y6ft4w1u5u6 0 0.07527305825242718 0.31928600323624595 0.0375 0.04375
cl4zd4gdf00073y6fvevmbjqq 1 0.83125 0.9552083333333333 0.065625 0.08958333333333333
cl4zd4l1i000b3y6f0839tuan 1 0.940625 0.959375 0.06875 0.08125
cl4zd4sy7000f3y6fasom2tt8 1 0.09921875 0.4270833333333333 0.1328125 0.17916666666666667
cl4zd51p3000j3y6f9e81xdis 1 0.4390625 0.9520833333333333 0.0875 0.09166666666666666
