ckz3vswg1000j3867btyryxok 0 0.16657888576779026 0.3769077715355805 0.028125 0.041666666666666664
cl3k5uog2000f3r6cn0nwlpn8 0 0.524390243902439 0.1882367886178862 0.0390625 0.04375
cl3k5ur8t000j3r6cj4lah4gn 0 0.6206473214285715 0.18050595238095238 0.0328125 0.035416666666666666
cl3k5uu70000n3r6ciahwog5w 0 0.025 0.375 0.03125 0.041666666666666664
cl3k5uzg8000r3r6crgufjvav 0 0.26617453231292515 0.5679024943310658 0.0328125 0.03333333333333333
cl3k5v4uo000v3r6c0xdq1osy 0 0.7451412098930481 0.5358400178253119 0.0328125 0.04583333333333333
cl3k5vfqr000y3r6cttf33lc6 0 0.4451195987654321 0.9572916666666667 0.03125 0.04375
cl3k5w07t00163r6ctvw492wy 0 0.806999362244898 0.6415603741496599 0.0390625 0.052083333333333336
cl3k5wa0n001a3r6c0kq0w4yz 0 0.48264100609756094 0.9154725609756098 0.0359375 0.04375
cl3k5weaf001e3r6cyh227f96 0 0.2828125 0.8354166666666667 0.040625 0.041666666666666664
cl3k5x72s001u3r6cm35rzvar 0 0.9650772601476015 0.38327567650676503 0.0375 0.06041666666666667
cl3k5xb7w001y3r6c1m8pmo4u 0 0.9259629360465116 0.7325581395348838 0.05625 0.06458333333333334
cl3k6ht0a00263r6c4r3z8fg8 0 0.0578125 0.26875 0.028125 0.03958333333333333
cl3k6ulfk002a3r6c3z49j1qz 0 0.5743633625410733 0.9008100584154801 0.025 0.03333333333333333
cl3k87qke00323r6ckcpb0p4u 0 0.64953125 0.12708333333333333 0.0265625 0.03333333333333333
cl3kdfqon00033r6c5igdkpmt 0 0.20078125 0.03229166666666667 0.0359375 0.04791666666666667
cl3kdhvvp00073r6c8iipf577 0 0.18046875 0.11423611111111111 0.03489583333333335 0.04236111111111111
cl3kdryuo000b3r6cy0lkwmge 0 0.6784254807692307 0.28894230769230766 0.0296875 0.041666666666666664
cl3ke3qo3000n3r6ctmgg8970 0 0.09308035714285715 0.918154761904762 0.059375 0.06666666666666667
cl3ke51d0000r3r6ctleoea6a 0 0.06371527777777777 0.9864583333333333 0.040625 0.027083333333333334
cl4zd2zw500033y6ft4w1u5u6 0 0.07815786812297734 0.3170880528586839 0.0375 0.04375
cl4zd4gdf00073y6fvevmbjqq 1 0.83125 0.9552083333333333 0.065625 0.08958333333333333
cl4zd4l1i000b3y6f0839tuan 1 0.940625 0.959375 0.06875 0.08125
cl4zd4sy7000f3y6fasom2tt8 1 0.09921875 0.4270833333333333 0.1328125 0.17916666666666667
cl4zd51p3000j3y6f9e81xdis 1 0.4390625 0.9520833333333333 0.0875 0.09166666666666666
