ckz3vswg1000j3867btyryxok 0 0.16873244382022473 0.3812148876404494 0.028125 0.041666666666666664
cl3k5uog2000f3r6cn0nwlpn8 0 0.5406292691256831 0.18271288706739525 0.0390625 0.04375
cl3k5ur8t000j3r6cj4lah4gn 0 0.5375 0.15625 0.0328125 0.035416666666666666
cl3k5uu70000n3r6ciahwog5w 0 0.025 0.375 0.03125 0.041666666666666664
cl3k5uzg8000r3r6crgufjvav 0 0.25856398809523806 0.5385714285714286 0.0328125 0.033333333333333395
cl3k5v4uo000v3r6c0xdq1osy 0 0.7520777925531915 0.5333333333333333 0.0328125 0.04583333333333333
cl3k5vfqr000y3r6cttf33lc6 0 0.4848958333333333 0.978125 0.03125 0.04375
cl3k5w07t00163r6ctvw492wy 0 0.34296875 0.606875 0.0390625 0.052083333333333336
cl3k5wa0n001a3r6c0kq0w4yz 0 0.5685546875 0.93984375 0.039453125 0.0453125
cl3k5weaf001e3r6cyh227f96 0 0.2828125 0.8354166666666667 0.040625 0.041666666666666664
cl3k5wqs3001m3r6c3lucysq8 0 0.18843749999999998 0.028333333333333335 0.0375 0.05
cl3k5x72s001u3r6cm35rzvar 0 0.9663896276595745 0.44607712765957447 0.053125 0.06041666666666667
cl3k5xb7w001y3r6c1m8pmo4u 0 0.9479693825910932 0.7232498313090419 0.05625 0.06458333333333334
cl3k6ht0a00263r6c4r3z8fg8 0 0.45531249999999995 0.6639583333333333 0.028125 0.03958333333333333
cl3k6ulfk002a3r6c3z49j1qz 0 0.5738733905579398 0.9011623748211731 0.025 0.03333333333333333
cl3k81f16002q3r6c33l27tfv 0 0.15054450757575757 0.6574179292929293 0.0265625 0.03958333333333333
cl4zd2zw500033y6ft4w1u5u6 0 0.09759615384615386 0.333840811965812 0.03750000000000001 0.04375
cl4zd4gdf00073y6fvevmbjqq 1 0.83125 0.9552083333333333 0.065625 0.08958333333333333
cl4zd4l1i000b3y6f0839tuan 1 0.940625 0.959375 0.06875 0.08125
cl4zd4sy7000f3y6fasom2tt8 1 0.1003660402097902 0.43932109557109555 0.1328125 0.17916666666666667
cl4zd51p3000j3y6f9e81xdis 1 0.43759765625 0.95078125 0.0875 0.09166666666666666
