ckz3vswg1000j3867btyryxok 0 0.16274038461538462 0.3764423076923077 0.028125 0.041666666666666664
cl3k5uog2000f3r6cn0nwlpn8 0 0.5437457308743169 0.18603711293260475 0.0390625 0.04375
cl3k5ur8t000j3r6cj4lah4gn 0 0.5691051136363636 0.12376893939393939 0.0328125 0.035416666666666666
cl3k5uu70000n3r6ciahwog5w 0 0.025 0.375 0.03125 0.041666666666666664
cl3k5uzg8000r3r6crgufjvav 0 0.2610999381188119 0.5333539603960397 0.0328125 0.033333333333333395
cl3k5v4uo000v3r6c0xdq1osy 0 0.752739663926499 0.5333333333333333 0.0328125 0.04583333333333333
cl3k5vfqr000y3r6cttf33lc6 0 0.4888671875 0.9627604166666667 0.03125 0.04375
cl3k5w07t00163r6ctvw492wy 0 0.24765625 0.5858630952380952 0.0390625 0.052083333333333336
cl3k5wa0n001a3r6c0kq0w4yz 0 0.6059151785714285 0.9379464285714286 0.0359375 0.04375
cl3k5weaf001e3r6cyh227f96 0 0.2828125 0.8354166666666667 0.040625 0.041666666666666664
cl3k5wqs3001m3r6c3lucysq8 0 0.16822916666666668 0.07708333333333334 0.0375 0.05
cl3k5x72s001u3r6cm35rzvar 0 0.9650644083969466 0.4711593511450382 0.053125 0.06041666666666667
cl3k5xb7w001y3r6c1m8pmo4u 0 0.9502783400809717 0.7226341093117409 0.05625 0.06458333333333334
cl3k6chq900223r6cmikyp2xr 0 0.1158203125 0.58515625 0.0453125 0.058333333333333334
cl3k6ht0a00263r6c4r3z8fg8 0 0.5348011363636364 0.7049810606060606 0.028125 0.03958333333333333
cl3k6ulfk002a3r6c3z49j1qz 0 0.5728943133047211 0.8985515021459227 0.025 0.03333333333333333
cl3k7zxw3002m3r6cal6sldn0 0 0.1375 0.7661458333333333 0.0375 0.04583333333333333
cl4zd2zw500033y6ft4w1u5u6 0 0.10365234375000001 0.3524479166666667 0.03750000000000001 0.04375
cl4zd4gdf00073y6fvevmbjqq 1 0.83125 0.9552083333333333 0.065625 0.08958333333333333
cl4zd4l1i000b3y6f0839tuan 1 0.940625 0.959375 0.06875 0.08125
cl4zd4sy7000f3y6fasom2tt8 1 0.10116368006993007 0.4478292540792541 0.1328125 0.17916666666666672
cl4zd51p3000j3y6f9e81xdis 1 0.4369686351102941 0.9502221200980393 0.0875 0.09166666666666666
