ckz3vswg1000j3867btyryxok 0 0.15778858418367347 0.37496811224489796 0.028125 0.041666666666666664
cl3k5uog2000f3r6cn0nwlpn8 0 0.51171875 0.190625 0.0390625 0.04375
cl3k5ur8t000j3r6cj4lah4gn 0 0.6846651785714286 0.4073809523809524 0.04375 0.058333333333333334
cl3k5uu70000n3r6ciahwog5w 0 0.025 0.375 0.03125 0.041666666666666664
cl3k5uzg8000r3r6crgufjvav 0 0.2652582908163265 0.5727891156462586 0.0328125 0.03333333333333333
cl3k5v4uo000v3r6c0xdq1osy 0 0.7360653409090909 0.539280303030303 0.0328125 0.04583333333333339
cl3k5vfqr000y3r6cttf33lc6 0 0.434375 0.9552083333333333 0.03125 0.04375
cl3k5weaf001e3r6cyh227f96 0 0.2828125 0.8354166666666667 0.040625 0.041666666666666664
cl3k5x72s001u3r6cm35rzvar 0 0.9390625 0.203125 0.0375 0.06041666666666667
cl3k5xb7w001y3r6c1m8pmo4u 0 0.8939538043478261 0.7436141304347825 0.05625 0.06458333333333334
cl3k6ulfk002a3r6c3z49j1qz 0 0.572888143483023 0.8978596202993793 0.025 0.03333333333333333
cl3kdzgwe000j3r6c7mwygedj 0 0.4118125 0.9405416666666666 0.034375 0.04375
cl3ke3qo3000n3r6ctmgg8970 0 0.1339988425925926 0.5000771604938271 0.0421875 0.058333333333333334
cl3keak9x000v3r6cyk4xdhe9 0 0.5241071428571429 0.7132440476190476 0.04375 0.05625
cl3keryt0001b3r6czoupo9sx 0 0.30546875 0.8760416666666667 0.0390625 0.04583333333333333
cl3kes4qr001e3r6c50ognslo 0 0.25338541666666664 0.9430555555555556 0.0328125 0.041666666666666664
cl4zd2zw500033y6ft4w1u5u6 0 0.06799888724035609 0.32610348664688427 0.037500000000000006 0.04375
cl4zd4gdf00073y6fvevmbjqq 1 0.83125 0.9552083333333333 0.065625 0.08958333333333333
cl4zd4l1i000b3y6f0839tuan 1 0.940625 0.959375 0.06875 0.08125
cl4zd4sy7000f3y6fasom2tt8 1 0.09921875 0.4270833333333333 0.1328125 0.17916666666666667
cl4zd51p3000j3y6f9e81xdis 1 0.4390625 0.9520833333333333 0.0875 0.09166666666666666
cl4zdeagf000n3y6fmj0nmojq 0 0.98203125 0.9402777777777778 0.0234375 0.03333333333333333
