ckz3vswg1000j3867btyryxok 0 0.16497252747252747 0.37822802197802197 0.028125 0.041666666666666664
cl3k5uog2000f3r6cn0nwlpn8 0 0.5426357581967214 0.18485314207650275 0.0390625 0.04375
cl3k5ur8t000j3r6cj4lah4gn 0 0.5638392857142857 0.16220238095238096 0.0328125 0.035416666666666666
cl3k5uu70000n3r6ciahwog5w 0 0.025 0.375 0.03125 0.041666666666666664
cl3k5uzg8000r3r6crgufjvav 0 0.26136160714285717 0.5357738095238095 0.0328125 0.03333333333333333
cl3k5v4uo000v3r6c0xdq1osy 0 0.7525039289168278 0.5333333333333333 0.0328125 0.04583333333333333
cl3k5vfqr000y3r6cttf33lc6 0 0.49308035714285714 0.9611607142857143 0.03125 0.04375
cl3k5w07t00163r6ctvw492wy 0 0.27317708333333335 0.6142361111111111 0.0390625 0.052083333333333336
cl3k5wa0n001a3r6c0kq0w4yz 0 0.57421875 0.9552083333333333 0.0359375 0.04375
cl3k5weaf001e3r6cyh227f96 0 0.2828125 0.8354166666666667 0.040625 0.041666666666666664
cl3k5wqs3001m3r6c3lucysq8 0 0.1734375 0.08125 0.0375 0.05
cl3k5x72s001u3r6cm35rzvar 0 0.9635138358778625 0.4703323791348601 0.053125 0.06041666666666667
cl3k5xb7w001y3r6c1m8pmo4u 0 0.9494559716599189 0.7228534075573549 0.05625 0.06458333333333334
cl3k6chq900223r6cmikyp2xr 0 0.04453125 0.6609375 0.0453125 0.058333333333333334
cl3k6ht0a00263r6c4r3z8fg8 0 0.5089488636363637 0.6862689393939394 0.028125 0.03958333333333333
cl3k6ulfk002a3r6c3z49j1qz 0 0.573243025751073 0.8994814020028612 0.025 0.03333333333333333
cl3k7zxw3002m3r6cal6sldn0 0 0.15916666666666665 0.726388888888889 0.0375 0.04583333333333333
cl4zd2zw500033y6ft4w1u5u6 0 0.10314453125 0.35109375000000004 0.0375 0.04375
cl4zd4gdf00073y6fvevmbjqq 1 0.83125 0.9552083333333333 0.065625 0.08958333333333333
cl4zd4l1i000b3y6f0839tuan 1 0.940625 0.959375 0.06875 0.08125
cl4zd4sy7000f3y6fasom2tt8 1 0.10087958916083917 0.444798951048951 0.1328125 0.1791666666666666
cl4zd51p3000j3y6f9e81xdis 1 0.43719267003676465 0.950421262254902 0.08749999999999995 0.09166666666666666
