ckz3vswg1000j3867btyryxok 0 0.16705875468164794 0.3778675093632959 0.028125 0.041666666666666664
cl3k5uog2000f3r6cn0nwlpn8 0 0.529077743902439 0.17990345528455284 0.0390625 0.04375
cl3k5ur8t000j3r6cj4lah4gn 0 0.58125 0.17309027777777777 0.0328125 0.035416666666666666
cl3k5uu70000n3r6ciahwog5w 0 0.025 0.375 0.03125 0.041666666666666664
cl3k5uzg8000r3r6crgufjvav 0 0.2663488520408163 0.5669727891156462 0.0328125 0.03333333333333333
cl3k5v4uo000v3r6c0xdq1osy 0 0.7471966911764706 0.5349264705882353 0.0328125 0.04583333333333333
cl3k5vfqr000y3r6cttf33lc6 0 0.44353780864197534 0.9572916666666667 0.03125 0.04375
cl3k5w07t00163r6ctvw492wy 0 0.6980495323129252 0.6485331632653061 0.0390625 0.052083333333333336
cl3k5wa0n001a3r6c0kq0w4yz 0 0.47437500000000005 0.97125 0.0359375 0.04375
cl3k5weaf001e3r6cyh227f96 0 0.2828125 0.8354166666666667 0.040625 0.041666666666666664
cl3k5x72s001u3r6cm35rzvar 0 0.970277905904059 0.3883187269372694 0.0375 0.06041666666666667
cl3k5xb7w001y3r6c1m8pmo4u 0 0.9315497819767442 0.7300750968992248 0.05625 0.06458333333333334
cl3k6ht0a00263r6c4r3z8fg8 0 0.13515625 0.421875 0.028125 0.03958333333333333
cl3k6ulfk002a3r6c3z49j1qz 0 0.5746440306681271 0.9013713946695874 0.025 0.03333333333333333
cl3k868hn002y3r6c0qoe389f 0 0.7143629807692308 0.059375 0.0296875 0.035416666666666666
cl3k87qke00323r6ckcpb0p4u 0 0.8318359375 0.096875 0.0265625 0.03333333333333333
cl3kdfqon00033r6c5igdkpmt 0 0.04140625 0.11875 0.0328125 0.03333333333333333
cl3kdryuo000b3r6cy0lkwmge 0 0.65546875 0.020833333333333332 0.0296875 0.041666666666666664
cl3ke3qo3000n3r6ctmgg8970 0 0.13392857142857142 0.9729166666666667 0.04375 0.05416666666666667
cl4zd2zw500033y6ft4w1u5u6 0 0.07960912216828478 0.31598233549083066 0.0375 0.04375
cl4zd4gdf00073y6fvevmbjqq 1 0.83125 0.9552083333333333 0.065625 0.08958333333333333
cl4zd4l1i000b3y6f0839tuan 1 0.940625 0.959375 0.06875 0.08125
cl4zd4sy7000f3y6fasom2tt8 1 0.09921875 0.4270833333333333 0.1328125 0.17916666666666667
cl4zd51p3000j3y6f9e81xdis 1 0.4390625 0.9520833333333333 0.0875 0.09166666666666666
