ckz3vswg1000j3867btyryxok 0 0.16234019886363635 0.3656486742424242 0.028125 0.041666666666666664
cl3k5uktg000b3r6clmzq4v58 0 0.05132211538461538 0.21121794871794872 0.03125 0.0375
cl3k5uog2000f3r6cn0nwlpn8 0 0.5472370426829268 0.18816056910569104 0.0390625 0.04375
cl3k5ur8t000j3r6cj4lah4gn 0 0.58046875 0.10173611111111111 0.0328125 0.035416666666666666
cl3k5uu70000n3r6ciahwog5w 0 0.025 0.375 0.03125 0.041666666666666664
cl3k5uzg8000r3r6crgufjvav 0 0.2583238636363636 0.5244602272727273 0.0328125 0.03333333333333333
cl3k5v4uo000v3r6c0xdq1osy 0 0.753646337040619 0.5333333333333333 0.0328125 0.04583333333333333
cl3k5vfqr000y3r6cttf33lc6 0 0.5151041666666667 0.9274305555555556 0.03125 0.04375
cl3k5w07t00163r6ctvw492wy 0 0.17109375 0.671875 0.0390625 0.052083333333333336
cl3k5wa0n001a3r6c0kq0w4yz 0 0.61875 0.884375 0.0359375 0.04375
cl3k5weaf001e3r6cyh227f96 0 0.2828125 0.8354166666666667 0.040625 0.041666666666666664
cl3k5wqs3001m3r6c3lucysq8 0 0.10997596153846154 0.19503205128205128 0.0375 0.05
cl3k5x72s001u3r6cm35rzvar 0 0.9707698170731707 0.4751778455284553 0.053125 0.06041666666666667
cl3k5xb7w001y3r6c1m8pmo4u 0 0.9536764705882351 0.7211397058823529 0.054044117647058874 0.06213235294117645
cl3k6chq900223r6cmikyp2xr 0 0.4294270833333333 0.4972222222222222 0.0453125 0.058333333333333334
cl3k6ht0a00263r6c4r3z8fg8 0 0.6203125 0.8364583333333333 0.028125 0.03958333333333333
cl3k6ulfk002a3r6c3z49j1qz 0 0.572375 0.895611111111111 0.025 0.03333333333333333
cl4zd2zw500033y6ft4w1u5u6 0 0.10560546875000001 0.35765625 0.03750000000000001 0.04375
cl4zd4gdf00073y6fvevmbjqq 1 0.83125 0.9552083333333333 0.065625 0.08958333333333333
cl4zd4l1i000b3y6f0839tuan 1 0.940625 0.959375 0.06875 0.08125
cl4zd4sy7000f3y6fasom2tt8 1 0.10225633741258741 0.45948426573426576 0.1328125 0.17916666666666672
cl4zd51p3000j3y6f9e81xdis 1 0.43610696231617646 0.9494561887254902 0.0875 0.09166666666666666
