ckz3vswg1000j3867btyryxok 0 0.1672591743119266 0.3519877675840979 0.028125 0.041666666666666664
cl3k5uktg000b3r6clmzq4v58 0 0.09609375 0.16875 0.03125 0.0375
cl3k5uog2000f3r6cn0nwlpn8 0 0.5492695630081301 0.18748306233062328 0.0390625 0.04375
cl3k5ur8t000j3r6cj4lah4gn 0 0.56484375 0.11354166666666667 0.0328125 0.035416666666666666
cl3k5uu70000n3r6ciahwog5w 0 0.025 0.375 0.03125 0.041666666666666664
cl3k5uzg8000r3r6crgufjvav 0 0.2571875 0.5221874999999999 0.0328125 0.03333333333333328
cl3k5v4uo000v3r6c0xdq1osy 0 0.754371675531915 0.5333333333333333 0.0328125 0.04583333333333333
cl3k5vfqr000y3r6cttf33lc6 0 0.53125 0.875 0.028125 0.041666666666666664
cl3k5w07t00163r6ctvw492wy 0 0.1244140625 0.755078125 0.0390625 0.052083333333333336
cl3k5wa0n001a3r6c0kq0w4yz 0 0.64609375 0.921875 0.0359375 0.04375
cl3k5weaf001e3r6cyh227f96 0 0.2828125 0.8354166666666667 0.040625 0.041666666666666664
cl3k5wqs3001m3r6c3lucysq8 0 0.0859375 0.28958333333333336 0.0375 0.05
cl3k5x72s001u3r6cm35rzvar 0 0.9734375 0.4852213541666667 0.053125 0.06041666666666667
cl3k5xb7w001y3r6c1m8pmo4u 0 0.9579985119047618 0.7154596560846561 0.0375 0.04375
cl3k6chq900223r6cmikyp2xr 0 0.7084821428571428 0.5538690476190475 0.040625 0.04166666666666661
cl3k6ht0a00263r6c4r3z8fg8 0 0.671875 0.9614583333333333 0.028125 0.03958333333333333
cl3k6ulfk002a3r6c3z49j1qz 0 0.5740416666666667 0.8948703703703703 0.025 0.03333333333333333
cl4zd2zw500033y6ft4w1u5u6 0 0.10148809523809524 0.32514880952380953 0.0375 0.04375
cl4zd4gdf00073y6fvevmbjqq 1 0.83125 0.9552083333333333 0.065625 0.08958333333333333
cl4zd4l1i000b3y6f0839tuan 1 0.940625 0.959375 0.06875 0.08125
cl4zd4sy7000f3y6fasom2tt8 1 0.10234375 0.44262772817460316 0.12931547619047618 0.17625248015873016
cl4zd51p3000j3y6f9e81xdis 1 0.43541762408088236 0.948843443627451 0.0875 0.09166666666666666
