ckz3vswg1000j3867btyryxok 0 0.16363529962546816 0.375 0.028125 0.041666666666666664
cl3k5uog2000f3r6cn0nwlpn8 0 0.513966951438849 0.19025029976019187 0.0390625 0.04375
cl3k5ur8t000j3r6cj4lah4gn 0 0.6574519230769231 0.3108974358974359 0.04375 0.058333333333333334
cl3k5uu70000n3r6ciahwog5w 0 0.025 0.375 0.03125 0.041666666666666664
cl3k5uzg8000r3r6crgufjvav 0 0.26568346088435374 0.5705215419501133 0.0328125 0.03333333333333333
cl3k5v4uo000v3r6c0xdq1osy 0 0.7398532196969697 0.5380176767676768 0.0328125 0.04583333333333333
cl3k5vfqr000y3r6cttf33lc6 0 0.4377823795180723 0.9572916666666667 0.03125 0.04375
cl3k5weaf001e3r6cyh227f96 0 0.2828125 0.8354166666666667 0.040625 0.041666666666666664
cl3k5x72s001u3r6cm35rzvar 0 0.9476058467741936 0.2740927419354839 0.0375 0.06041666666666667
cl3k5xb7w001y3r6c1m8pmo4u 0 0.9067946428571428 0.7387678571428572 0.05625 0.06458333333333334
cl3k6ulfk002a3r6c3z49j1qz 0 0.573572699890471 0.8992287331142753 0.025 0.03333333333333333
cl3kdhvvp00073r6c8iipf577 0 0.19240056818181817 0.8597537878787879 0.035937499999999976 0.04791666666666667
cl3kdzgwe000j3r6c7mwygedj 0 0.46079545454545456 0.9448390151515151 0.034375 0.04375
cl3ke3qo3000n3r6ctmgg8970 0 0.2078125 0.6708333333333333 0.059375 0.06666666666666667
cl3ke51d0000r3r6ctleoea6a 0 0.203125 0.9501893939393938 0.04375 0.05
cl3keak9x000v3r6cyk4xdhe9 0 0.832451923076923 0.7886217948717948 0.034375 0.04583333333333333
cl3kedcar000z3r6cqv7p9cck 0 0.15033482142857144 0.2089285714285714 0.0359375 0.041666666666666664
cl4zd2zw500033y6ft4w1u5u6 0 0.07406957928802589 0.3202029395900755 0.0375 0.04375
cl4zd4gdf00073y6fvevmbjqq 1 0.83125 0.9552083333333333 0.065625 0.08958333333333333
cl4zd4l1i000b3y6f0839tuan 1 0.940625 0.959375 0.06875 0.08125
cl4zd4sy7000f3y6fasom2tt8 1 0.09921875 0.4270833333333333 0.1328125 0.17916666666666667
cl4zd51p3000j3y6f9e81xdis 1 0.4390625 0.9520833333333333 0.0875 0.09166666666666666
