ckz3vswg1000j3867btyryxok 0 0.1592755149812734 0.375 0.028125 0.041666666666666664
cl3k5uog2000f3r6cn0nwlpn8 0 0.51171875 0.190625 0.0390625 0.04375
cl3k5ur8t000j3r6cj4lah4gn 0 0.6724962349397591 0.38805220883534136 0.04375 0.058333333333333334
cl3k5uu70000n3r6ciahwog5w 0 0.025 0.375 0.03125 0.041666666666666664
cl3k5uzg8000r3r6crgufjvav 0 0.26536670918367344 0.5722108843537416 0.0328125 0.03333333333333333
cl3k5v4uo000v3r6c0xdq1osy 0 0.73703125 0.5389583333333333 0.0328125 0.04583333333333333
cl3k5vfqr000y3r6cttf33lc6 0 0.434375 0.9552083333333333 0.03125 0.04375
cl3k5weaf001e3r6cyh227f96 0 0.2828125 0.8354166666666667 0.040625 0.041666666666666664
cl3k5x72s001u3r6cm35rzvar 0 0.9399896978021978 0.20765796703296704 0.0375 0.06041666666666667
cl3k5xb7w001y3r6c1m8pmo4u 0 0.8988125 0.7405416666666667 0.05625 0.06458333333333334
cl3k6ulfk002a3r6c3z49j1qz 0 0.5730627053669222 0.8982087440671778 0.025 0.03333333333333333
cl3kdzgwe000j3r6c7mwygedj 0 0.40225 0.9490416666666667 0.034375 0.04375
cl3ke3qo3000n3r6ctmgg8970 0 0.162578125 0.5310416666666666 0.0421875 0.05833333333333327
cl3keak9x000v3r6cyk4xdhe9 0 0.6078125 0.6846955128205128 0.04375 0.05625
cl3keq3ik00173r6cygdi5mzw 0 0.25078125 0.9854166666666667 0.0203125 0.029166666666666667
cl4zd2zw500033y6ft4w1u5u6 0 0.07059996290801188 0.3232659495548961 0.0375 0.04375
cl4zd4gdf00073y6fvevmbjqq 1 0.83125 0.9552083333333333 0.065625 0.08958333333333333
cl4zd4l1i000b3y6f0839tuan 1 0.940625 0.959375 0.06875 0.08125
cl4zd4sy7000f3y6fasom2tt8 1 0.09921875 0.4270833333333333 0.1328125 0.17916666666666667
cl4zd51p3000j3y6f9e81xdis 1 0.4390625 0.9520833333333333 0.0875 0.09166666666666666
