ckz3vswg1000j3867btyryxok 0 0.16865051498127342 0.3810510299625468 0.028125 0.041666666666666664
cl3k5uog2000f3r6cn0nwlpn8 0 0.5400315915300546 0.18207536429872498 0.0390625 0.04375
cl3k5ur8t000j3r6cj4lah4gn 0 0.53984375 0.115625 0.0328125 0.035416666666666666
cl3k5uu70000n3r6ciahwog5w 0 0.025 0.375 0.03125 0.041666666666666664
cl3k5uzg8000r3r6crgufjvav 0 0.25773065476190476 0.5394047619047619 0.0328125 0.03333333333333333
cl3k5v4uo000v3r6c0xdq1osy 0 0.7519508583172148 0.5333333333333333 0.0328125 0.04583333333333333
cl3k5vfqr000y3r6cttf33lc6 0 0.46875 0.978125 0.03125 0.04375
cl3k5w07t00163r6ctvw492wy 0 0.3653033088235294 0.609375 0.0390625 0.052083333333333336
cl3k5wa0n001a3r6c0kq0w4yz 0 0.5613020833333333 0.9350694444444444 0.03656249999999996 0.04402777777777776
cl3k5weaf001e3r6cyh227f96 0 0.2828125 0.8354166666666667 0.040625 0.041666666666666664
cl3k5wqs3001m3r6c3lucysq8 0 0.18250000000000002 0.025 0.03750000000000002 0.05
cl3k5x72s001u3r6cm35rzvar 0 0.9626662234042553 0.44235372340425533 0.053125 0.06041666666666667
cl3k5xb7w001y3r6c1m8pmo4u 0 0.9475265688259109 0.723367914979757 0.05625 0.06458333333333334
cl3k6ht0a00263r6c4r3z8fg8 0 0.434375 0.6614583333333334 0.028125 0.03958333333333333
cl3k6ulfk002a3r6c3z49j1qz 0 0.5740611587982832 0.9016630901287553 0.025 0.03333333333333333
cl3k81f16002q3r6c33l27tfv 0 0.16380208333333332 0.6503472222222223 0.0265625 0.03958333333333333
cl4zd2zw500033y6ft4w1u5u6 0 0.09591346153846154 0.32860576923076923 0.0375 0.04375
cl4zd4gdf00073y6fvevmbjqq 1 0.83125 0.9552083333333333 0.065625 0.08958333333333333
cl4zd4l1i000b3y6f0839tuan 1 0.940625 0.959375 0.06875 0.08125
cl4zd4sy7000f3y6fasom2tt8 1 0.10021306818181819 0.43768939393939393 0.1328125 0.17916666666666667
cl4zd51p3000j3y6f9e81xdis 1 0.43771829044117644 0.9508884803921569 0.0875 0.09166666666666666
