0 0.15859375 0.32708333333333334 0.0296875 0.03333333333333333
0 0.20800000000000002 0.47175 0.03125 0.041666666666666664
0 0.2 0.3416666666666667 0.02421875 0.035416666666666666
0 0.31015625 0.5614583333333333 0.0234375 0.04791666666666667
0 0.1609375 0.47986901375059265 0.034375 0.040261972498814615
0 0.64765625 0.596875 0.0296875 0.022916666666666665
0 0.584375 0.6572916666666667 0.028125 0.03125
0 0.7609375 0.04895833333333333 0.025 0.03125
0 0.090625 0.7364583333333333 0.01875 0.03125
0 0.1546875 0.784375 0.021875 0.027083333333333334
0 0.125 0.809375 0.01875 0.027083333333333334
0 0.2328125 0.057291666666666664 0.015625 0.01875
0 0.24375 0.07083333333333333 0.01875 0.020833333333333332
0 0.01484375 0.9758242753623189 0.0234375 0.03958333333333333
0 0.2015625 0.8604166666666667 0.034375 0.041666666666666664
0 0.9648879716981131 0.5806996855345913 0.0125 0.020833333333333332
0 0.46484375 0.8 0.0265625 0.03333333333333333
0 0.58359375 0.8520833333333333 0.0234375 0.029166666666666667
0 0.44921875 0.5791666666666667 0.0234375 0.03333333333333333
0 0.08046875 0.8291666666666667 0.0203125 0.020833333333333332
0 0.7631696428571428 0.306547619047619 0.021875 0.03333333333333333
0 0.48125 0.9479166666666666 0.021875 0.029166666666666667
0 0.379003016848816 0.01973095021250759 0.03275557832422584 0.035325591985428055
0 0.0078125 0.8627083333333334 0.015625 0.025
2 0.05859375 0.2760416666666667 0.0234375 0.035416666666666666
1 0.04765625 0.5020833333333333 0.0609375 0.075
