0 0.15859375 0.32708333333333334 0.0296875 0.03333333333333333
0 0.20249999999999999 0.33625 0.03125 0.041666666666666664
0 0.18411735372340426 0.37384751773049646 0.0296875 0.029166666666666667
0 0.31015625 0.5614583333333333 0.0234375 0.04791666666666667
0 0.1609375 0.48154931247036514 0.034375 0.036901375059269804
0 0.6491615853658537 0.5948678861788619 0.0296875 0.022916666666666665
0 0.5002840909090909 0.5238636363636363 0.03125 0.045833333333333275
0 0.7609375 0.04895833333333333 0.025 0.03125
0 0.090625 0.7364583333333333 0.01875 0.03125
0 0.1546875 0.784375 0.021875 0.027083333333333334
0 0.125 0.809375 0.01875 0.027083333333333334
0 0.2328125 0.057291666666666664 0.015625 0.01875
0 0.24375 0.07083333333333333 0.01875 0.020833333333333332
0 0.01484375 0.9730851449275362 0.0234375 0.03958333333333333
0 0.2015625 0.8604166666666667 0.034375 0.041666666666666664
0 0.9783825549450549 0.5854166666666667 0.0125 0.020833333333333332
0 0.46484375 0.8 0.0265625 0.03333333333333333
0 0.58359375 0.8520833333333333 0.0234375 0.029166666666666667
0 0.44921875 0.5791666666666667 0.0234375 0.03333333333333333
0 0.08046875 0.8291666666666667 0.0203125 0.020833333333333332
0 0.99375 0.10375 0.0125 0.029166666666666667
0 0.3881474840619307 0.013993245294474802 0.02737647996357011 0.02671903460837887
2 0.05859375 0.2760416666666667 0.0234375 0.035416666666666666
1 0.04765625 0.5020833333333333 0.0609375 0.075
