0 0.15859375 0.32708333333333334 0.0296875 0.03333333333333333
0 0.21520270270270273 0.37837837837837834 0.03125000000000002 0.041666666666666664
0 0.19453125 0.37916666666666665 0.0296875 0.029166666666666667
0 0.31015625 0.5614583333333333 0.0234375 0.04791666666666667
0 0.1609375 0.48090475343764816 0.034375 0.03819049312470367
0 0.64765625 0.596875 0.0296875 0.022916666666666665
0 0.5271874999999999 0.6004166666666666 0.03125 0.04583333333333333
0 0.7609375 0.04895833333333333 0.025 0.03125
0 0.090625 0.7364583333333333 0.01875 0.03125
0 0.1546875 0.784375 0.021875 0.027083333333333334
0 0.125 0.809375 0.01875 0.027083333333333334
0 0.2328125 0.057291666666666664 0.015625 0.01875
0 0.24375 0.07083333333333333 0.01875 0.020833333333333332
0 0.01484375 0.9741358695652174 0.0234375 0.03958333333333333
0 0.2015625 0.8604166666666667 0.034375 0.041666666666666664
0 0.974658203125 0.5845703125 0.0125 0.020833333333333332
0 0.46484375 0.8 0.0265625 0.03333333333333333
0 0.58359375 0.8520833333333333 0.0234375 0.029166666666666667
0 0.44921875 0.5791666666666667 0.0234375 0.03333333333333333
0 0.08046875 0.8291666666666667 0.0203125 0.020833333333333332
0 0.9155230978260869 0.1806159420289855 0.021875 0.03333333333333333
0 0.3846396857923497 0.016194216757741346 0.029439890710382555 0.030020491803278686
0 0.01015625 0.8427083333333333 0.015625 0.025
2 0.05859375 0.2760416666666667 0.0234375 0.035416666666666666
1 0.04765625 0.5020833333333333 0.0609375 0.075
