0 0.15859375 0.32708333333333334 0.0296875 0.03333333333333333
0 0.19921875 0.4078125 0.03125 0.041666666666666664
0 0.19484374999999998 0.3825 0.029687499999999978 0.029166666666666667
0 0.31015625 0.5614583333333333 0.0234375 0.04791666666666667
0 0.1609375 0.4805846965386439 0.034375 0.03883060692271219
0 0.64765625 0.596875 0.0296875 0.022916666666666665
0 0.528125 0.6279166666666666 0.03125 0.04583333333333333
0 0.7609375 0.04895833333333333 0.025 0.03125
0 0.090625 0.7364583333333333 0.01875 0.03125
0 0.1546875 0.784375 0.021875 0.027083333333333334
0 0.125 0.809375 0.01875 0.027083333333333334
0 0.2328125 0.057291666666666664 0.015625 0.01875
0 0.24375 0.07083333333333333 0.01875 0.020833333333333332
0 0.01484375 0.9746576086956522 0.0234375 0.03958333333333333
0 0.2015625 0.8604166666666667 0.034375 0.041666666666666664
0 0.9711575255102041 0.5826955782312926 0.0125 0.020833333333333332
0 0.46484375 0.8 0.0265625 0.03333333333333333
0 0.58359375 0.8520833333333333 0.0234375 0.029166666666666667
0 0.44921875 0.5791666666666667 0.0234375 0.03333333333333333
0 0.08046875 0.8291666666666667 0.0203125 0.020833333333333332
0 0.8649553571428571 0.2183035714285714 0.02857142857142847 0.037797619047619066
0 0.3828978825136612 0.017287112932604733 0.030464480874316947 0.03165983606557377
0 0.009954896907216496 0.8455970790378007 0.015625 0.025
2 0.05859375 0.2760416666666667 0.0234375 0.035416666666666666
1 0.04765625 0.5020833333333333 0.0609375 0.075
