0 0.15859375 0.32708333333333334 0.0296875 0.03333333333333333
0 0.21941964285714283 0.49136904761904765 0.03125 0.041666666666666664
0 0.203125 0.3302083333333333 0.025 0.035416666666666666
0 0.31015625 0.5614583333333333 0.0234375 0.04791666666666667
0 0.1609375 0.4797578828828829 0.034375 0.04048423423423421
0 0.64765625 0.596875 0.0296875 0.022916666666666665
0 0.5958333333333333 0.665625 0.028125 0.03125
0 0.7609375 0.04895833333333333 0.025 0.03125
0 0.090625 0.7364583333333333 0.01875 0.03125
0 0.1546875 0.784375 0.021875 0.027083333333333334
0 0.125 0.809375 0.01875 0.027083333333333334
0 0.2328125 0.057291666666666664 0.015625 0.01875
0 0.24375 0.07083333333333333 0.01875 0.020833333333333332
0 0.01484375 0.9760054347826087 0.0234375 0.03958333333333333
0 0.2015625 0.8604166666666667 0.034375 0.041666666666666664
0 0.9641509433962264 0.581191037735849 0.0125 0.020833333333333332
0 0.46484375 0.8 0.0265625 0.03333333333333333
0 0.58359375 0.8520833333333333 0.0234375 0.029166666666666667
0 0.44921875 0.5791666666666667 0.0234375 0.03333333333333333
0 0.08046875 0.8291666666666667 0.0203125 0.020833333333333332
0 0.7365625 0.30145833333333333 0.023749999999999983 0.03458333333333332
0 0.4993303571428571 0.8669642857142857 0.021875 0.029166666666666667
0 0.3784658137583893 0.019791666666666666 0.0328125 0.035416666666666666
0 0.0078125 0.8640104166666667 0.015625 0.025
2 0.05859375 0.2760416666666667 0.0234375 0.035416666666666666
1 0.04765625 0.5020833333333333 0.0609375 0.075
