0 0.15859375 0.32708333333333334 0.0296875 0.03333333333333333
0 0.1977272727272727 0.4214015151515152 0.03124999999999998 0.041666666666666664
0 0.20512152777777776 0.3909722222222222 0.0296875 0.029166666666666667
0 0.31015625 0.5614583333333333 0.0234375 0.04791666666666667
0 0.1609375 0.48043355855855857 0.034375 0.039132882882882865
0 0.64765625 0.596875 0.0296875 0.022916666666666665
0 0.521875 0.6544642857142857 0.03125 0.04583333333333333
0 0.7609375 0.04895833333333333 0.025 0.03125
0 0.090625 0.7364583333333333 0.01875 0.03125
0 0.1546875 0.784375 0.021875 0.027083333333333334
0 0.125 0.809375 0.01875 0.027083333333333334
0 0.2328125 0.057291666666666664 0.015625 0.01875
0 0.24375 0.07083333333333333 0.01875 0.020833333333333332
0 0.01484375 0.9749039855072464 0.0234375 0.03958333333333333
0 0.2015625 0.8604166666666667 0.034375 0.041666666666666664
0 0.96953125 0.58125 0.0125 0.020833333333333332
0 0.46484375 0.8 0.0265625 0.03333333333333333
0 0.58359375 0.8520833333333333 0.0234375 0.029166666666666667
0 0.44921875 0.5791666666666667 0.0234375 0.03333333333333333
0 0.08046875 0.8291666666666667 0.0203125 0.020833333333333332
0 0.85234375 0.24947916666666667 0.025 0.03333333333333333
0 0.382075364298725 0.017803202792956888 0.030948315118397084 0.032433970856102
0 0.00940721649484536 0.8477878006872852 0.015625 0.025
2 0.05859375 0.2760416666666667 0.0234375 0.035416666666666666
1 0.04765625 0.5020833333333333 0.0609375 0.075
