0 0.15859375 0.32708333333333334 0.0296875 0.03333333333333333
0 0.19595588235294117 0.4087009803921569 0.03125 0.041666666666666664
0 0.19387152777777777 0.38185185185185183 0.0296875 0.029166666666666667
0 0.31015625 0.5614583333333333 0.0234375 0.04791666666666667
0 0.1609375 0.4805224632527264 0.034375 0.0389550734945472
0 0.64765625 0.596875 0.0296875 0.022916666666666665
0 0.52265625 0.6427083333333333 0.03125 0.04583333333333333
0 0.7609375 0.04895833333333333 0.025 0.03125
0 0.090625 0.7364583333333333 0.01875 0.03125
0 0.1546875 0.784375 0.021875 0.027083333333333334
0 0.125 0.809375 0.01875 0.027083333333333334
0 0.2328125 0.057291666666666664 0.015625 0.01875
0 0.24375 0.07083333333333333 0.01875 0.020833333333333332
0 0.01484375 0.9747590579710146 0.0234375 0.03958333333333333
0 0.2015625 0.8604166666666667 0.034375 0.041666666666666664
0 0.9704878826530612 0.5821003401360545 0.0125 0.020833333333333332
0 0.46484375 0.8 0.0265625 0.03333333333333333
0 0.58359375 0.8520833333333333 0.0234375 0.029166666666666667
0 0.44921875 0.5791666666666667 0.0234375 0.03333333333333333
0 0.08046875 0.8291666666666667 0.0203125 0.020833333333333332
0 0.8510044642857142 0.23675595238095237 0.03191964285714288 0.041369047619047625
0 0.38255919854280507 0.017499620522161505 0.030663706739526387 0.03197859744990892
0 0.009729381443298967 0.8464991408934708 0.015625 0.025
2 0.05859375 0.2760416666666667 0.0234375 0.035416666666666666
1 0.04765625 0.5020833333333333 0.0609375 0.075
