0 0.15859375 0.32708333333333334 0.0296875 0.03333333333333333
0 0.19540441176470588 0.41017156862745097 0.03125 0.041666666666666664
0 0.19366319444444446 0.381712962962963 0.029687500000000023 0.029166666666666667
0 0.31015625 0.5614583333333333 0.0234375 0.04791666666666667
0 0.1609375 0.48050912754860126 0.034375 0.03898174490279752
0 0.64765625 0.596875 0.0296875 0.022916666666666665
0 0.5234375 0.640625 0.03125 0.04583333333333333
0 0.7609375 0.04895833333333333 0.025 0.03125
0 0.090625 0.7364583333333333 0.01875 0.03125
0 0.1546875 0.784375 0.021875 0.027083333333333334
0 0.125 0.809375 0.01875 0.027083333333333334
0 0.2328125 0.057291666666666664 0.015625 0.01875
0 0.24375 0.07083333333333333 0.01875 0.020833333333333332
0 0.01484375 0.9747807971014493 0.0234375 0.03958333333333333
0 0.2015625 0.8604166666666667 0.034375 0.041666666666666664
0 0.970344387755102 0.5819727891156462 0.0125 0.020833333333333332
0 0.46484375 0.8 0.0265625 0.03333333333333333
0 0.58359375 0.8520833333333333 0.0234375 0.029166666666666667
0 0.44921875 0.5791666666666667 0.0234375 0.03333333333333333
0 0.08046875 0.8291666666666667 0.0203125 0.020833333333333332
0 0.8516741071428571 0.24077380952380956 0.02924107142857153 0.04047619047619048
0 0.3824866234061931 0.017545157862780814 0.030706397996357014 0.03204690346083788
0 0.009681056701030926 0.8466924398625431 0.015625 0.025
2 0.05859375 0.2760416666666667 0.0234375 0.035416666666666666
1 0.04765625 0.5020833333333333 0.0609375 0.075
