0 0.15859375 0.32708333333333334 0.0296875 0.03333333333333333
0 0.22951388888888888 0.2914351851851852 0.03125 0.041666666666666664
0 0.18646110372340424 0.3780141843971631 0.0296875 0.029166666666666667
0 0.31015625 0.5614583333333333 0.0234375 0.04791666666666667
0 0.1609375 0.481967164532954 0.034375 0.03606567093409201
0 0.6509527439024391 0.5924796747967479 0.0296875 0.022916666666666665
0 0.500173611111111 0.49699074074074073 0.03125 0.04583333333333333
0 0.7609375 0.04895833333333333 0.025 0.03125
0 0.090625 0.7364583333333333 0.01875 0.03125
0 0.1546875 0.784375 0.021875 0.027083333333333334
0 0.125 0.809375 0.01875 0.027083333333333334
0 0.2328125 0.057291666666666664 0.015625 0.01875
0 0.24375 0.07083333333333333 0.01875 0.020833333333333332
0 0.01484375 0.9724039855072463 0.0234375 0.03958333333333333
0 0.2015625 0.8604166666666667 0.034375 0.041666666666666664
0 0.9799965659340659 0.5854166666666667 0.0125 0.020833333333333332
0 0.46484375 0.8 0.0265625 0.03333333333333333
0 0.58359375 0.8520833333333333 0.0234375 0.029166666666666667
0 0.44921875 0.5791666666666667 0.0234375 0.03333333333333333
0 0.08046875 0.8291666666666667 0.0203125 0.020833333333333332
0 0.39042150500910744 0.012566408621736492 0.026038820582877965 0.024578779599271402
2 0.05859375 0.2760416666666667 0.0234375 0.035416666666666666
1 0.04765625 0.5020833333333333 0.0609375 0.075
