0 0.15859375 0.32708333333333334 0.0296875 0.03333333333333333
0 0.20319602272727272 0.43077651515151516 0.03124999999999998 0.041666666666666664
0 0.2048828125 0.3815104166666667 0.026171875 0.033854166666666664
0 0.31015625 0.5614583333333333 0.0234375 0.04791666666666667
0 0.1609375 0.4803846609767663 0.034375 0.0392306780464675
0 0.64765625 0.596875 0.0296875 0.022916666666666665
0 0.524609375 0.6526041666666667 0.03125 0.04583333333333333
0 0.7609375 0.04895833333333333 0.025 0.03125
0 0.090625 0.7364583333333333 0.01875 0.03125
0 0.1546875 0.784375 0.021875 0.027083333333333334
0 0.125 0.809375 0.01875 0.027083333333333334
0 0.2328125 0.057291666666666664 0.015625 0.01875
0 0.24375 0.07083333333333333 0.01875 0.020833333333333332
0 0.01484375 0.9749836956521739 0.0234375 0.03958333333333333
0 0.2015625 0.8604166666666667 0.034375 0.041666666666666664
0 0.9690051020408162 0.58078231292517 0.0125 0.020833333333333332
0 0.46484375 0.8 0.0265625 0.03333333333333333
0 0.58359375 0.8520833333333333 0.0234375 0.029166666666666667
0 0.44921875 0.5791666666666667 0.0234375 0.03333333333333333
0 0.08046875 0.8291666666666667 0.0203125 0.020833333333333332
0 0.8443359375 0.25677083333333334 0.021875 0.03333333333333333
0 0.38180925546448086 0.017970173041894355 0.031104849726775984 0.0326844262295082
0 0.00849609375 0.8479166666666667 0.015625 0.025
2 0.05859375 0.2760416666666667 0.0234375 0.035416666666666666
1 0.04765625 0.5020833333333333 0.0609375 0.075
