0 0.15859375 0.32708333333333334 0.0296875 0.03333333333333333
0 0.19466911764705883 0.41213235294117645 0.03125 0.041666666666666664
0 0.1933854166666667 0.38152777777777774 0.029687500000000023 0.029166666666666667
0 0.31015625 0.5614583333333333 0.0234375 0.04791666666666667
0 0.1609375 0.48049134660976767 0.034375 0.03901730678046468
0 0.64765625 0.596875 0.0296875 0.022916666666666665
0 0.5234375 0.6385416666666667 0.03125 0.04583333333333333
0 0.7609375 0.04895833333333333 0.025 0.03125
0 0.090625 0.7364583333333333 0.01875 0.03125
0 0.1546875 0.784375 0.021875 0.027083333333333334
0 0.125 0.809375 0.01875 0.027083333333333334
0 0.2328125 0.057291666666666664 0.015625 0.01875
0 0.24375 0.07083333333333333 0.01875 0.020833333333333332
0 0.01484375 0.9748097826086956 0.0234375 0.03958333333333333
0 0.2015625 0.8604166666666667 0.034375 0.041666666666666664
0 0.9701530612244899 0.5818027210884353 0.0125 0.020833333333333332
0 0.46484375 0.8 0.0265625 0.03333333333333333
0 0.58359375 0.8520833333333333 0.0234375 0.029166666666666667
0 0.44921875 0.5791666666666667 0.0234375 0.03333333333333333
0 0.08046875 0.8291666666666667 0.0203125 0.020833333333333332
0 0.85205078125 0.244921875 0.0259765625 0.038802083333333334
0 0.38238985655737706 0.01760587431693989 0.030763319672131174 0.03213797814207651
0 0.009616623711340205 0.8469501718213058 0.015625 0.025
2 0.05859375 0.2760416666666667 0.0234375 0.035416666666666666
1 0.04765625 0.5020833333333333 0.0609375 0.075
